
Day:1 
(1, 0, 100, -22768747.06327596, 1163044882390.0, (2.669650731555224, 15.275629067817844, 2.715835429485922, 1.599577601594927), 4.17251992225647)
Day:1 
(1, 1, 100, -5141.314499212014, 40247139.0, (4.505072870554002, 1.3671388007011285, 8.51136001435006, 5.69773214706139), 31.78426718711853)
Day:1 
(1, 2, 100, -3793.3701319260044, 8566272.0, (9.412948560520656, 7.172155184583729, 0.004703004016230553, 10.784069771385168), 32.27950382232666)
Day:1 
(1, 3, 100, -3207.4478194694457, 7402633.0, (1.2650657596385777, 6.009913737812099, 1.0001961765945095, 6.717098303145861), 32.41604399681091)
Day:1 
(1, 4, 100, -1640.4181770641037, 3102151.0, (2.6398129360463787, 15.405942397261594, 13.41580302094807, 11.889171197894317), 32.53198599815369)
Day:1 
(1, 5, 100, -1572.1516627027645, 3502456.0, (2.6398129360463787, 15.405942397261594, 13.41580302094807, 11.889171197894317), 32.83690595626831)
Day:1 
(1, 6, 100, -1572.700592089307, 7613906.0, (2.6398129360463787, 15.405942397261594, 13.41580302094807, 11.889171197894317), 33.19791102409363)
Day:1 
(1, 7, 100, -1520.3183188012072, 4071148.0, (2.6398129360463787, 15.405942397261594, 13.41580302094807, 11.889171197894317), 33.025471210479736)
Day:1 
(1, 8, 100, -1490.8352905202132, 5414175.0, (2.6398129360463787, 15.405942397261594, 13.41580302094807, 11.889171197894317), 33.47298789024353)
Day:1 
(1, 9, 100, -1489.0414533679177, 4169884.0, (2.6398129360463787, 15.405942397261594, 13.41580302094807, 11.889171197894317), 32.92716908454895)
Day:1 
(1, 10, 100, -1204.886286794544, 12365998.0, (3.4896039932741987, 10.761972510442975, 6.860330066398071, 10.066324293185438), 32.755136013031006)
Day:1 
(1, 11, 100, -1192.804243373536, 9700568.0, (3.4896039932741987, 10.761972510442975, 6.860330066398071, 10.066324293185438), 32.91869878768921)
Day:1 
(1, 12, 100, -1186.109882370714, 9690521.0, (3.4896039932741987, 10.761972510442975, 6.860330066398071, 10.066324293185438), 32.95838809013367)
Day:1 
(1, 13, 100, -1184.4329148277066, 9692106.0, (3.4896039932741987, 10.761972510442975, 6.860330066398071, 10.066324293185438), 32.945892095565796)
Day:1 
(1, 14, 100, -1180.3372301654563, 6495606.0, (3.4896039932741987, 10.761972510442975, 6.860330066398071, 10.066324293185438), 33.000945806503296)
Day:1 
(1, 15, 100, -1179.9907536348567, 6495760.0, (3.4896039932741987, 10.761972510442975, 6.860330066398071, 10.066324293185438), 33.067134141922)
Day:1 
(1, 16, 100, -1182.0998127089633, 6496442.0, (3.4896039932741987, 10.761972510442975, 6.860330066398071, 10.066324293185438), 33.040668964385986)
Day:1 
(1, 17, 100, -1178.538652013029, 6495948.0, (3.4896039932741987, 10.761972510442975, 6.860330066398071, 10.066324293185438), 33.1052451133728)
Day:1 
(1, 18, 100, -1183.4390318717515, 6500036.0, (3.4896039932741987, 10.761972510442975, 6.860330066398071, 10.066324293185438), 33.336267948150635)
Day:1 
(1, 19, 100, -1178.3607352470817, 6497836.0, (3.4896039932741987, 10.761972510442975, 6.860330066398071, 10.066324293185438), 33.95770883560181)
Day:1 
(1, 20, 100, -1164.8859694507275, 7970947.0, (3.4896039932741987, 10.761972510442975, 6.860330066398071, 10.066324293185438), 33.63752007484436)
Day:1 
(1, 21, 100, -1167.0537467998186, 7971675.0, (3.4896039932741987, 10.761972510442975, 6.860330066398071, 10.066324293185438), 33.402709007263184)
Day:1 
(1, 22, 100, -1165.1765600771237, 7966891.0, (3.4896039932741987, 10.761972510442975, 6.860330066398071, 10.066324293185438), 33.46774411201477)
Day:1 
(1, 23, 100, -1162.5685622547264, 7670240.0, (3.4896039932741987, 10.761972510442975, 6.860330066398071, 10.066324293185438), 33.59300494194031)
Day:1 
(1, 24, 100, -1164.6055824633256, 9018990.0, (3.4896039932741987, 10.761972510442975, 6.860330066398071, 10.066324293185438), 33.65485405921936)
Day:1 
(1, 25, 100, -1164.097190753806, 9196649.0, (3.4896039932741987, 10.761972510442975, 6.860330066398071, 10.066324293185438), 33.45282793045044)
Day:1 
(1, 26, 100, -1164.2492860899738, 9195451.0, (3.4896039932741987, 10.761972510442975, 6.860330066398071, 10.066324293185438), 33.492228984832764)
Day:1 
(1, 27, 100, -1168.5801451839375, 9200433.0, (3.4896039932741987, 10.761972510442975, 6.860330066398071, 10.066324293185438), 33.69111490249634)
Day:1 
(1, 28, 100, -789.7675426789774, 5993888.0, (3.2355793497005365, 10.998848073678566, 4.2390244546961435, 9.958059855511072), 33.44834518432617)
Day:1 
(1, 29, 100, -747.8936767466059, 3790895.0, (3.2355793497005365, 10.998848073678566, 4.2390244546961435, 9.958059855511072), 33.83527183532715)
Day:1 
(1, 30, 100, -733.3416951609659, 4726940.0, (3.2355793497005365, 10.998848073678566, 4.2390244546961435, 9.958059855511072), 33.813502073287964)
Day:1 
(1, 31, 100, -730.2042595108278, 4070465.0, (3.2355793497005365, 10.998848073678566, 4.2390244546961435, 9.958059855511072), 33.77235698699951)
Day:1 
(1, 32, 100, -726.4001268031597, 3372074.0, (3.2355793497005365, 10.998848073678566, 4.2390244546961435, 9.958059855511072), 33.780396938323975)
Day:1 
(1, 33, 100, -726.5141233570032, 4023489.0, (3.2355793497005365, 10.998848073678566, 4.2390244546961435, 9.958059855511072), 33.70201110839844)
Day:1 
(1, 34, 100, -723.2514387439422, 3629507.0, (3.2355793497005365, 10.998848073678566, 4.2390244546961435, 9.958059855511072), 33.82007598876953)
Day:1 
(1, 35, 100, -724.4034581634767, 3769318.0, (3.2355793497005365, 10.998848073678566, 4.2390244546961435, 9.958059855511072), 33.718307971954346)
Day:1 
(1, 36, 100, -723.1896539251961, 2799123.0, (3.2355793497005365, 10.998848073678566, 4.2390244546961435, 9.958059855511072), 33.75964093208313)
Day:1 
(1, 37, 100, -720.2657769507957, 3116346.0, (3.2355793497005365, 10.998848073678566, 4.2390244546961435, 9.958059855511072), 33.84209203720093)
Day:1 
(1, 38, 100, -719.4889168655113, 2627039.0, (3.2355793497005365, 10.998848073678566, 4.2390244546961435, 9.958059855511072), 33.72854495048523)
Day:1 
(1, 39, 100, -716.3935560844257, 5087754.0, (3.2355793497005365, 10.998848073678566, 4.2390244546961435, 9.958059855511072), 34.15981101989746)
Day:1 
(1, 40, 100, -713.6319651573006, 4868452.0, (3.2355793497005365, 10.998848073678566, 4.2390244546961435, 9.958059855511072), 33.868465185165405)
Day:1 
(1, 41, 100, -716.0316100089694, 2778418.0, (3.2355793497005365, 10.998848073678566, 4.2390244546961435, 9.958059855511072), 33.829073905944824)
Day:1 
(1, 42, 100, -706.7070907494067, 4637424.0, (3.2355793497005365, 10.998848073678566, 4.2390244546961435, 9.958059855511072), 33.629371881484985)
Day:1 
(1, 43, 100, -710.7921119839461, 4659573.0, (3.2355793497005365, 10.998848073678566, 4.2390244546961435, 9.958059855511072), 33.66676115989685)
Day:1 
(1, 44, 100, -706.245851268337, 6009004.0, (3.2355793497005365, 10.998848073678566, 4.2390244546961435, 9.958059855511072), 33.73335099220276)
Day:1 
(1, 45, 100, -708.0428462593651, 3004517.0, (3.2355793497005365, 10.998848073678566, 4.2390244546961435, 9.958059855511072), 34.22721195220947)
Day:1 
(1, 46, 100, -704.670969815117, 4201703.0, (3.2355793497005365, 10.998848073678566, 4.2390244546961435, 9.958059855511072), 33.98952293395996)
Day:1 
(1, 47, 100, -704.6726305918346, 6856115.0, (3.2355793497005365, 10.998848073678566, 4.2390244546961435, 9.958059855511072), 33.782222032547)
Day:1 
(1, 48, 100, -706.6436450413958, 5528686.0, (3.2355793497005365, 10.998848073678566, 4.2390244546961435, 9.958059855511072), 33.954750061035156)
Day:1 
(1, 49, 100, -704.8779408507016, 3118145.0, (3.2355793497005365, 10.998848073678566, 4.2390244546961435, 9.958059855511072), 33.8999559879303)
Day:1 
(1, 50, 100, -703.5696162445272, 3096509.0, (3.2355793497005365, 10.998848073678566, 4.2390244546961435, 9.958059855511072), 34.335763931274414)
Day:2 
(2, 0, 100, -2070524.118339345, 785659015601.0, (3.2355793497005365, 10.998848073678566, 4.2390244546961435, 9.958059855511072), 17.545254945755005)
Day:2 
(2, 1, 100, -483763.8257117783, 43182254263.0, (2.071251712056085, 11.175629444789806, 12.750109095624005, 8.302235664159886), 615.7405230998993)
Day:2 
(2, 2, 100, -483462.809675566, 43180654756.0, (2.071251712056085, 11.175629444789806, 12.750109095624005, 8.302235664159886), 728.1636829376221)
Day:2 
(2, 3, 100, -483071.0434918914, 43163665534.0, (2.071251712056085, 11.175629444789806, 12.750109095624005, 8.302235664159886), 728.0010361671448)
Day:2 
(2, 4, 100, -482836.09236437886, 43163155908.0, (2.071251712056085, 11.175629444789806, 12.750109095624005, 8.302235664159886), 758.5738070011139)
Day:2 
(2, 5, 100, -482810.96210579283, 43163165153.0, (2.071251712056085, 11.175629444789806, 12.750109095624005, 8.302235664159886), 798.3021049499512)
Day:2 
(2, 6, 100, -482672.5410202468, 43162972102.0, (2.071251712056085, 11.175629444789806, 12.750109095624005, 8.302235664159886), 763.8638520240784)
Day:2 
(2, 7, 100, -436860.2303195552, 68264193092.0, (0.8918333317405572, 8.103197834469082, 12.766513262154593, 8.069443745192832), 776.9983158111572)