
Day:1 
(1, 0, 200, -1989.3827377347773, 1095916.0, (9.406787993832898, 2.6571160307156947, 2.8665147946038463, 4.8539190769580545), 4.055027961730957)
Day:1 
(1, 1, 200, -27.4253551419424, 36.0, (10.315384623680426, 2.5904250451986943, 2.8665147946038463, 19.477994938911625), 8.475269079208374)
Day:1 
(1, 2, 200, -28.318458406067023, 64.0, (3.1616838723860403, 5.4708434358957705, 5.651585246315002, 38.4153914454962), 8.224050998687744)
Day:1 
(1, 3, 200, -30.56519649609877, 2401.0, (6.828487650612152, 16.479462062968683, 6.368186163729575, 22.751132739726362), 8.17058801651001)
Day:1 
(1, 4, 200, -28.68435372354562, 324.0, (17.899075662142632, 2.09400434863903, 0.9730325568426326, 34.00254861662399), 8.052306890487671)
Day:1 
(1, 5, 200, -28.502169255532316, 484.0, (6.315483862035921, 17.63936477450409, 6.626558118787048, 14.419676579939164), 8.056725978851318)
Day:1 
(1, 6, 200, -29.242712491044315, 1296.0, (5.898841649500855, 17.63936477450409, 2.888782530522982, 20.84210498404634), 8.253631114959717)
Day:1 
(1, 7, 200, -30.772798581298815, 361.0, (3.8399609188244876, 26.004482517020037, 2.888782530522982, 62.76701656928035), 7.823896884918213)
Day:1 
(1, 8, 200, -32.20950573999286, 400.0, (25.27886718765348, 11.870320854738981, 2.888782530522982, 83.39460505779861), 8.003908157348633)
Day:1 
(1, 9, 200, -27.91007197741334, 225.0, (7.68558130868267, 1.0191430951496234, 11.95234461869706, 20.38471189856462), 8.157755851745605)
Day:1 
(1, 10, 200, -28.87934907157816, 64.0, (8.366825962407148, 10.308248879995286, 30.166547255847263, 14.892038437987193), 8.2643461227417)
Day:1 
(1, 11, 200, -29.12696441097325, 361.0, (8.366825962407148, 10.308248879995286, 29.0031761152674, 14.892038437987193), 8.8659188747406)
Day:1 
(1, 12, 200, -28.30089108548368, 16.0, (8.366825962407148, 11.942695543430974, 15.01426662944584, 17.858763099980727), 8.618014097213745)
Day:1 
(1, 13, 200, -28.78868207990097, 49.0, (1.255598297196599, 11.942695543430974, 20.094767633656733, 29.099311994498542), 8.344931840896606)
Day:1 
(1, 14, 200, -28.47995881199625, 16.0, (1.5675177712579107, 22.053707861997907, 17.580790433499526, 13.748504491350406), 7.955747127532959)
Day:1 
(1, 15, 200, -28.09065087923281, 4.0, (5.922589358647245, 9.707074377666606, 15.384456274231143, 18.22436087233062), 7.929727077484131)
Day:1 
(1, 16, 200, -29.196404624696633, 256.0, (14.43872343221647, 22.465058501397206, 4.644774431170085, 24.98383724135458), 8.106631994247437)
Day:1 
(1, 17, 200, -31.01616576559451, 4.0, (19.86895914722089, 14.099612619178316, 39.16567661384549, 34.654690169954954), 8.087522983551025)
Day:1 
(1, 18, 200, -30.590228896138903, 16.0, (9.375477637511969, 10.972552957945734, 53.430269900441594, 25.191120835298978), 8.168531894683838)
Day:1 
(1, 19, 200, -30.215219411874553, 900.0, (9.375477637511969, 4.385571842816443, 34.297675714820414, 25.191120835298978), 8.384645938873291)
Day:1 
(1, 20, 200, -29.001768801797052, 121.0, (10.10141432488906, 5.760200394622224, 24.21081341203708, 25.191120835298978), 8.230138063430786)
Day:1 
(1, 21, 200, -28.518297876946697, 361.0, (10.10141432488906, 8.407988345320899, 13.34521922181568, 19.072840064984327), 8.73296594619751)
Day:1 
(1, 22, 200, -28.51966681898444, 256.0, (8.414573559405115, 14.938309032460166, 13.34521922181568, 15.842191906904066), 8.404529094696045)
Day:1 
(1, 23, 200, -30.31415171033453, 9.0, (36.43602950383626, 0.6897415903918888, 1.3489716992401, 55.123540778329314), 8.63270902633667)
Day:1 
(1, 24, 200, -32.42953561735311, 2916.0, (16.467608347176345, 1.161881761031952, 2.8544107656765867, 55.123540778329314), 9.232120990753174)
Day:1 
(1, 25, 200, -32.97774395752699, 1600.0, (55.13392471696207, 1.161881761031952, 25.564282642482507, 34.22265097240198), 9.236693859100342)
Day:2 
(2, 0, 200, -10570.987183538553, 753555.0, (55.13392471696207, 1.161881761031952, 25.564282642482507, 34.22265097240198), 10.146190166473389)
Day:2 
(2, 1, 200, -4387.33697531003, 344292.0, (55.13392471696207, 26.237851604849297, 25.564282642482507, 36.48437440433249), 39.32577395439148)
Day:2 
(2, 2, 200, -3985.679066083825, 178932.0, (55.13392471696207, 26.237851604849297, 14.335700460873696, 36.48437440433249), 52.05574297904968)
Day:2 
(2, 3, 200, -3985.4113194522242, 175775.0, (55.13392471696207, 26.237851604849297, 14.335700460873696, 36.48437440433249), 60.30817890167236)
Day:2 
(2, 4, 200, -3985.0040736055416, 175412.0, (55.13392471696207, 26.237851604849297, 14.335700460873696, 36.48437440433249), 56.31984615325928)
Day:2 
(2, 5, 200, -3985.223146068217, 173247.0, (55.13392471696207, 26.237851604849297, 14.335700460873696, 36.48437440433249), 56.17246699333191)
Day:2 
(2, 6, 200, -3977.1691044129184, 166353.0, (55.13392471696207, 26.237851604849297, 14.335700460873696, 36.48437440433249), 58.598042011260986)
Day:2 
(2, 7, 200, -3978.9678145850994, 167273.0, (55.13392471696207, 26.237851604849297, 14.335700460873696, 36.48437440433249), 57.841578006744385)
Day:2 
(2, 8, 200, -3977.5470720129897, 169505.0, (55.13392471696207, 26.237851604849297, 14.335700460873696, 36.48437440433249), 59.39376187324524)
Day:2 
(2, 9, 200, -3672.8985532935994, 225796.0, (55.13392471696207, 26.237851604849297, 13.037176488344228, 36.48437440433249), 58.386664152145386)
Day:2 
(2, 10, 200, -3672.921533290084, 225691.0, (55.13392471696207, 26.237851604849297, 13.037176488344228, 36.48437440433249), 61.33429789543152)
Day:2 
(2, 11, 200, -3662.4335588894264, 225089.0, (55.13392471696207, 26.237851604849297, 13.037176488344228, 36.48437440433249), 61.58317708969116)
Day:2 
(2, 12, 200, -3651.853709265334, 209701.0, (55.13392471696207, 26.237851604849297, 13.037176488344228, 36.48437440433249), 66.22623586654663)
Day:2 
(2, 13, 200, -3651.8307292688496, 209806.0, (55.13392471696207, 26.237851604849297, 13.037176488344228, 36.48437440433249), 63.235255002975464)
Day:2 
(2, 14, 200, -3652.74793466166, 225358.0, (55.13392471696207, 26.237851604849297, 13.037176488344228, 36.48437440433249), 66.17822909355164)
Day:2 
(2, 15, 200, -3650.7118514363265, 215971.0, (55.13392471696207, 26.237851604849297, 13.037176488344228, 36.48437440433249), 66.5420138835907)
Day:2 
(2, 16, 200, -3652.424197449279, 220779.0, (55.13392471696207, 26.237851604849297, 13.037176488344228, 36.48437440433249), 62.96114206314087)
Day:2 
(2, 17, 200, -3652.3866596082244, 224426.0, (55.13392471696207, 26.237851604849297, 13.037176488344228, 36.48437440433249), 69.14001202583313)
Day:2 
(2, 18, 200, -3655.0909327991903, 214482.0, (55.13392471696207, 26.237851604849297, 13.037176488344228, 36.48437440433249), 65.75503587722778)
Day:2 
(2, 19, 200, -3650.838596860217, 219066.0, (55.13392471696207, 26.237851604849297, 13.037176488344228, 36.48437440433249), 63.00034809112549)
Day:2 
(2, 20, 200, -3593.0564389142237, 150033.0, (55.13392471696207, 26.237851604849297, 14.933496820606955, 36.48437440433249), 62.61762595176697)
Day:2 
(2, 21, 200, -3589.129297128263, 150932.0, (55.13392471696207, 26.237851604849297, 14.933496820606955, 36.48437440433249), 63.77586817741394)
Day:2 
(2, 22, 200, -3585.186175656263, 150228.0, (55.13392471696207, 26.237851604849297, 14.933496820606955, 36.48437440433249), 63.17616295814514)
Day:2 
(2, 23, 200, -3584.956115513949, 153371.0, (55.13392471696207, 26.237851604849297, 14.933496820606955, 36.48437440433249), 66.66503405570984)
Day:2 
(2, 24, 200, -3584.524186449451, 153363.0, (55.13392471696207, 26.237851604849297, 14.933496820606955, 36.48437440433249), 64.70244598388672)
Day:2 
(2, 25, 200, -3584.8496152898388, 153244.0, (55.13392471696207, 26.237851604849297, 14.933496820606955, 36.48437440433249), 66.53759598731995)