
Day:1 
(1, 0, 200, -16176.852519870288, 1767209.0, (-47.87332796115274, 32.03037808521173, -11.686859861729914, -33.57705627150888), 3.7358689308166504)
Day:1 
(1, 1, 200, -39.68354865932841, 2704.0, (-47.87332796115274, 55.39058348225433, -49.42420146850957, 54.06372557760172), 7.658496141433716)
Day:1 
(1, 2, 200, -33.88715655594912, 4.0, (-47.87332796115274, -12.687563375007214, 24.582902114383884, 47.66884223217716), 7.509344816207886)
Day:1 
(1, 3, 200, -32.26112973628102, 9.0, (-47.87332796115274, -6.427889105228914, 4.193308285812117, -5.270081010199262), 7.977813959121704)
Day:1 
(1, 4, 200, -32.855337650002795, 729.0, (-11.132596392993507, -6.427889105228914, 24.817535431743455, 37.805011389259036), 8.255712032318115)
Day:1 
(1, 5, 200, -32.15789721080799, 900.0, (-11.132596392993507, -21.949863087284793, 0.5171943833525345, 7.087845990560517), 7.610382080078125)
Day:1 
(1, 6, 200, -33.21042331344541, 9.0, (-33.54967492126246, -26.86275052345687, 47.16940306005941, -5.411607810267841), 8.044938087463379)
Day:1 
(1, 7, 200, -33.86763914449135, 49.0, (12.204078767041185, -26.86275052345687, 47.16940306005941, 45.96752574727197), 8.103848934173584)
Day:1 
(1, 8, 200, -32.00563473039232, 361.0, (8.443460401035681, -20.336410551003937, 26.88705380914474, 10.82574686802791), 7.7203569412231445)
Day:1 
(1, 9, 200, -33.45734669079484, 9.0, (38.340650806796674, 18.173453613825693, -10.42462596871491, 51.35111996546343), 7.643998146057129)
Day:1 
(1, 10, 200, -32.8158250447085, 225.0, (-4.595525757615756, 18.173453613825693, 40.41038536704782, 31.68622836242267), 8.259143829345703)
Day:1 
(1, 11, 200, -32.858049942503136, 361.0, (-16.55358432414235, 26.64544035560546, 40.41038536704782, 13.975324388742315), 8.255609035491943)
Day:1 
(1, 12, 200, -32.95015269025981, 784.0, (-18.770199649941784, 3.7878593040363118, 40.41038536704782, 13.975324388742315), 7.723971128463745)
Day:1 
(1, 13, 200, -32.72355566877068, 81.0, (-8.009068526930255, 3.7878593040363118, 53.06218555527644, 13.975324388742315), 8.025676965713501)
Day:1 
(1, 14, 200, -32.224726477523944, 100.0, (-25.855999967096814, -0.7899011461854467, 36.21442909498319, 13.975324388742315), 7.948561906814575)
Day:1 
(1, 15, 200, -31.470879577958673, 144.0, (-17.845472514951737, 8.859266614091961, -12.201323203366982, 13.975324388742315), 8.161338090896606)
Day:1 
(1, 16, 200, -32.46315210486811, 289.0, (-42.573420338610184, 8.859266614091961, -12.201323203366982, 13.975324388742315), 8.047801971435547)
Day:1 
(1, 17, 200, -32.364989374471904, 100.0, (-42.573420338610184, 16.583979385270037, 11.215622554108709, 13.975324388742315), 8.475931882858276)
Day:1 
(1, 18, 200, -34.55753080086647, 729.0, (-20.16681013467085, -51.986091922317804, 0.1645402136755524, 45.617929821492595), 7.700226068496704)
Day:1 
(1, 19, 200, -34.09622552173285, 729.0, (32.240774400751285, -24.583904998025595, -26.816937574034057, 45.617929821492595), 8.177170991897583)
Day:1 
(1, 20, 200, -36.89506516930855, 4.0, (-6.436965371089294, -9.470190371910919, 100.3924686133513, 23.185133072687584), 7.9114720821380615)
Day:1 
(1, 21, 200, -32.55625290384303, 121.0, (1.5163575996306677, -27.62007974550337, -37.56554195570257, 23.185133072687584), 8.076000928878784)
Day:1 
(1, 22, 200, -35.26678095230862, 676.0, (-55.84224345035117, -27.62007974550337, -45.469608468962164, 6.611295985334223), 8.24056100845337)
Day:1 
(1, 23, 200, -36.297285043831344, 1936.0, (-18.571517563248992, -62.04058535639684, -45.469608468962164, 6.611295985334223), 8.458993911743164)
Day:1 
(1, 24, 200, -33.21911165270859, 0.0, (1.5883201343091293, -62.04058535639684, -16.319776777929494, -4.241355292652055), 7.946501016616821)
Day:1 
(1, 25, 200, -34.447453495719515, 81.0, (1.5883201343091293, -62.04058535639684, 11.170191191133874, 47.07530361869366), 7.957363128662109)
Day:1 
(1, 26, 200, -34.83143507027207, 36.0, (58.5377954054296, -33.57457710806764, 14.454931635936973, 47.07530361869366), 7.964725971221924)
Day:1 
(1, 27, 200, -34.14176565005705, 289.0, (41.87917922014394, 35.12568069614495, 7.2736451115917475, 47.07530361869366), 7.729212045669556)
Day:1 
(1, 28, 200, -32.58224148308021, 1.0, (1.6077973774027317, 23.656276375387936, -14.444350284017164, 47.07530361869366), 7.852196931838989)
Day:1 
(1, 29, 200, -35.747587384222854, 3364.0, (-9.482919301278816, 9.022170405468644, -2.8580936344242875, 47.07530361869366), 8.019824981689453)
Day:1 
(1, 30, 200, -32.99576557096805, 4.0, (-9.482919301278816, 30.144705793933035, 32.57857341620638, 40.80405771383596), 8.146718978881836)
Day:1 
(1, 31, 200, -32.93384398316202, 169.0, (-10.816677241916695, 20.831823838031394, 32.99403386525575, 40.80405771383596), 7.9118969440460205)
Day:1 
(1, 32, 200, -33.4783949333619, 289.0, (47.449338765030234, -11.78127594724242, 2.718933983624765, 40.80405771383596), 8.040863990783691)
Day:1 
(1, 33, 200, -32.8679896835491, 225.0, (34.69138084763996, 13.074951348683811, 6.548935234390966, 40.80405771383596), 8.202431201934814)
Day:1 
(1, 34, 200, -33.83411183992445, 529.0, (-19.199094484470876, -47.15342310820692, 8.063763806579294, 40.80405771383596), 8.186461925506592)
Day:1 
(1, 35, 200, -34.59028823519115, 289.0, (-49.851445525853876, 7.031624646535552, 43.633415994053564, 40.80405771383596), 8.0556640625)
Day:1 
(1, 36, 200, -31.684661455219548, 144.0, (4.8024289210098265, -21.076626980386433, 15.396033117990934, 20.56059390821829), 7.797791004180908)
Day:1 
(1, 37, 200, -33.28029936099307, 25.0, (-51.39854614834842, 32.13434680614536, -9.96682244287041, 20.56059390821829), 8.054672956466675)
Day:1 
(1, 38, 200, -33.87281451476121, 256.0, (-15.67906275499636, 32.13434680614536, 35.6761591968831, 48.151387962166886), 8.228546857833862)
Day:1 
(1, 39, 200, -34.15698918235883, 841.0, (-37.247435096181846, 20.695870024313127, -2.1628704930733114, 50.37131342873717), 7.843132972717285)
Day:1 
(1, 40, 200, -33.56135052265614, 1089.0, (-44.758368327417315, 26.38681946057926, 7.427617910474751, 9.714693867582506), 8.102783203125)
Day:1 
(1, 41, 200, -34.69243566061926, 400.0, (-54.20982669599773, 15.959562778850847, -25.71597403600169, 46.77365894728514), 7.984500885009766)
Day:1 
(1, 42, 200, -36.38921624842408, 1089.0, (41.72821790923738, 44.30065604435584, 45.29110422369247, 46.77365894728514), 8.242679119110107)
Day:1 
(1, 43, 200, -36.391237922654376, 196.0, (-8.144438598083442, -52.94820385036587, 29.74572723357173, 75.85070421687007), 8.181427001953125)
Day:1 
(1, 44, 200, -33.166893024695796, 225.0, (20.445380798908232, -52.94820385036587, 19.830906638306615, -1.9264797481147773), 8.302555799484253)
Day:1 
(1, 45, 200, -34.72388979562035, 2116.0, (-5.905320530906789, -52.94820385036587, -7.8060009312616545, -1.9264797481147773), 8.107410192489624)
Day:1 
(1, 46, 200, -34.45595646842288, 625.0, (-32.775329145253984, -23.496358895592223, 34.88455132998681, 49.296432222101195), 8.249475955963135)
Day:1 
(1, 47, 200, -32.737200469627, 100.0, (-32.775329145253984, -23.496358895592223, 34.88455132998681, 15.341816728887423), 8.827607870101929)
Day:1 
(1, 48, 200, -32.24848775939503, 16.0, (-5.267045682966966, -34.6072004199975, -30.049146697700174, 15.341816728887423), 8.388427019119263)
Day:1 
(1, 49, 200, -33.93271687411573, 1089.0, (-40.72447933821263, 17.384250970773696, -30.049146697700174, 23.09204807181214), 8.402254104614258)
Day:1 
(1, 50, 200, -31.4555273374016, 169.0, (6.451264773093439, -4.149516595957172, 7.175850884615611, 23.09204807181214), 7.997757911682129)
Day:2 
(2, 0, 200, -14378.635963230536, 1053693.0, (6.451264773093439, -4.149516595957172, 7.175850884615611, 23.09204807181214), 9.913376092910767)
Day:2 
(2, 1, 200, -4730.272790675, 163356.0, (0.98113573217132, -4.149516595957172, 56.19486305687547, 23.09204807181214), 40.87175798416138)
Day:2 
(2, 2, 200, -4079.0053299463125, 241968.0, (0.98113573217132, 28.5845008850505, 56.19486305687547, 27.934629644889572), 38.449991941452026)
Day:2 
(2, 3, 200, -3924.3144784617516, 244043.0, (0.98113573217132, 28.5845008850505, 56.19486305687547, 24.027678358257955), 45.88447308540344)
Day:2 
(2, 4, 200, -1427.6034082416472, 122683.0, (0.98113573217132, 28.5845008850505, 23.10566005003158, 24.027678358257955), 51.30741000175476)
Day:2 
(2, 5, 200, -1405.6122296390563, 120064.0, (0.98113573217132, 28.5845008850505, 23.10566005003158, 24.027678358257955), 55.97445487976074)
Day:2 
(2, 6, 200, -1292.5583693468825, 114976.0, (0.98113573217132, 28.5845008850505, 23.10566005003158, 24.027678358257955), 47.232858180999756)
Day:2 
(2, 7, 200, -1260.9221001912802, 114228.0, (0.98113573217132, 28.5845008850505, 23.10566005003158, 24.027678358257955), 62.491172790527344)
Day:2 
(2, 8, 200, -1248.244295384055, 113797.0, (0.98113573217132, 28.5845008850505, 23.10566005003158, 24.027678358257955), 52.68014121055603)
Day:2 
(2, 9, 200, -1249.3778605217315, 114245.0, (0.98113573217132, 28.5845008850505, 23.10566005003158, 24.027678358257955), 53.10685682296753)
Day:2 
(2, 10, 200, -1231.277282770381, 109415.0, (0.98113573217132, 28.5845008850505, 23.10566005003158, 24.027678358257955), 52.867741107940674)
Day:2 
(2, 11, 200, -1230.950569274332, 109364.0, (0.98113573217132, 28.5845008850505, 23.10566005003158, 24.027678358257955), 58.354572057724)
Day:2 
(2, 12, 200, -1233.94776977608, 110205.0, (0.98113573217132, 28.5845008850505, 23.10566005003158, 24.027678358257955), 47.57621693611145)
Day:2 
(2, 13, 200, -1235.2848594548584, 110538.0, (0.98113573217132, 28.5845008850505, 23.10566005003158, 24.027678358257955), 62.24012088775635)
Day:2 
(2, 14, 200, -537.4966568830944, 137961.0, (9.179027897108, 28.5845008850505, 23.10566005003158, 24.027678358257955), 54.80274796485901)
Day:2 
(2, 15, 200, -525.1084580317765, 136085.0, (9.179027897108, 28.5845008850505, 23.10566005003158, 24.027678358257955), 54.42668008804321)
Day:2 
(2, 16, 200, -525.8019905356994, 135635.0, (9.179027897108, 28.5845008850505, 23.10566005003158, 24.027678358257955), 52.16517901420593)
Day:2 
(2, 17, 200, -511.5033735431758, 126205.0, (9.179027897108, 28.5845008850505, 23.10566005003158, 24.027678358257955), 67.55307602882385)
Day:2 
(2, 18, 200, -510.14387277980927, 125882.0, (9.179027897108, 28.5845008850505, 23.10566005003158, 24.027678358257955), 50.268136978149414)
Day:2 
(2, 19, 200, -492.71693736303166, 125976.0, (9.179027897108, 28.5845008850505, 23.10566005003158, 24.027678358257955), 54.94325304031372)
Day:2 
(2, 20, 200, -494.403451076839, 126194.0, (9.179027897108, 28.5845008850505, 23.10566005003158, 24.027678358257955), 48.47473096847534)
Day:2 
(2, 21, 200, -488.042308162661, 125426.0, (9.179027897108, 28.5845008850505, 23.10566005003158, 24.027678358257955), 58.95707392692566)
Day:2 
(2, 22, 200, -487.6004588122048, 126458.0, (9.179027897108, 28.5845008850505, 23.10566005003158, 24.027678358257955), 46.419991970062256)
Day:2 
(2, 23, 200, -482.95059825245744, 121431.0, (9.179027897108, 28.5845008850505, 23.10566005003158, 24.027678358257955), 70.06542015075684)
Day:2 
(2, 24, 200, -479.5541436619593, 121345.0, (9.179027897108, 28.5845008850505, 23.10566005003158, 24.027678358257955), 53.126240968704224)
Day:2 
(2, 25, 200, -479.3761624204021, 121239.0, (9.179027897108, 28.5845008850505, 23.10566005003158, 24.027678358257955), 76.02600908279419)
Day:2 
(2, 26, 200, -481.0821700988199, 120860.0, (9.179027897108, 28.5845008850505, 23.10566005003158, 24.027678358257955), 64.35959482192993)
Day:2 
(2, 27, 200, -477.5981004069221, 118451.0, (9.179027897108, 28.5845008850505, 23.10566005003158, 24.027678358257955), 51.411389112472534)
Day:2 
(2, 28, 200, -477.2853062413359, 118279.0, (9.179027897108, 28.5845008850505, 23.10566005003158, 24.027678358257955), 51.719115018844604)
Day:2 
(2, 29, 200, -477.34353318756166, 118449.0, (9.179027897108, 28.5845008850505, 23.10566005003158, 24.027678358257955), 63.59528994560242)
Day:2 
(2, 30, 200, -478.1401980706944, 117561.0, (9.179027897108, 28.5845008850505, 23.10566005003158, 24.027678358257955), 54.68704390525818)
Day:2 
(2, 31, 200, -478.18173181686075, 117690.0, (9.179027897108, 28.5845008850505, 23.10566005003158, 24.027678358257955), 53.30871105194092)
Day:2 
(2, 32, 200, -479.08439753340247, 117835.0, (9.179027897108, 28.5845008850505, 23.10566005003158, 24.027678358257955), 51.85395312309265)
Day:2 
(2, 33, 200, -479.6684300359585, 117565.0, (9.179027897108, 28.5845008850505, 23.10566005003158, 24.027678358257955), 50.06376886367798)
Day:2 
(2, 34, 200, -479.30910421610224, 117547.0, (9.179027897108, 28.5845008850505, 23.10566005003158, 24.027678358257955), 67.99055695533752)
Day:2 
(2, 35, 200, -479.65068051062576, 117459.0, (9.179027897108, 28.5845008850505, 23.10566005003158, 24.027678358257955), 68.75367712974548)
Day:2 
(2, 36, 200, -480.00687597191325, 117291.0, (9.179027897108, 28.5845008850505, 23.10566005003158, 24.027678358257955), 64.3495659828186)
Day:2 
(2, 37, 200, -479.67709081255066, 118036.0, (9.179027897108, 28.5845008850505, 23.10566005003158, 24.027678358257955), 62.721736907958984)
Day:2 
(2, 38, 200, -479.69753296065926, 117664.0, (9.179027897108, 28.5845008850505, 23.10566005003158, 24.027678358257955), 53.88325119018555)
Day:2 
(2, 39, 200, -479.09147062925933, 117871.0, (9.179027897108, 28.5845008850505, 23.10566005003158, 24.027678358257955), 55.31166386604309)
Day:2 
(2, 40, 200, -479.67709081255066, 118036.0, (9.179027897108, 28.5845008850505, 23.10566005003158, 24.027678358257955), 55.67639493942261)
Day:2 
(2, 41, 200, -481.51586291186254, 118288.0, (9.179027897108, 28.5845008850505, 23.10566005003158, 24.027678358257955), 62.2082359790802)
Day:2 
(2, 42, 200, -479.21855077856753, 117420.0, (9.179027897108, 28.5845008850505, 23.10566005003158, 24.027678358257955), 58.89511704444885)
Day:2 
(2, 43, 200, -479.4234593074676, 117223.0, (9.179027897108, 28.5845008850505, 23.10566005003158, 24.027678358257955), 43.622650146484375)
Day:2 
(2, 44, 200, -478.83635580997156, 117304.0, (9.179027897108, 28.5845008850505, 23.10566005003158, 24.027678358257955), 54.795917987823486)
Day:2 
(2, 45, 200, -473.2349694399029, 110203.0, (9.179027897108, 28.5845008850505, 23.10566005003158, 24.027678358257955), 72.04588294029236)
Day:2 
(2, 46, 200, -474.02646893287147, 111463.0, (9.179027897108, 28.5845008850505, 23.10566005003158, 24.027678358257955), 56.511630058288574)
Day:2 
(2, 47, 200, -471.0086539191018, 108308.0, (9.179027897108, 28.5845008850505, 23.10566005003158, 24.027678358257955), 66.38062191009521)
Day:2 
(2, 48, 200, -470.29084577411584, 107779.0, (9.179027897108, 28.5845008850505, 23.10566005003158, 24.027678358257955), 54.429012060165405)
Day:2 
(2, 49, 200, -469.1665583578948, 107923.0, (9.179027897108, 28.5845008850505, 23.10566005003158, 24.027678358257955), 59.063719034194946)
Day:2 
(2, 50, 200, -469.654813950999, 108827.0, (9.179027897108, 28.5845008850505, 23.10566005003158, 24.027678358257955), 46.724339962005615)
Day:3 
(3, 0, 200, -1113.8009582309228, 128944.0, (9.179027897108, 28.5845008850505, 23.10566005003158, 24.027678358257955), 15.537770986557007)
Day:3 
(3, 1, 200, -1043.8122698614109, 124878.0, (9.179027897108, 28.5845008850505, 23.10566005003158, 24.027678358257955), 128.885400056839)
Day:3 
(3, 2, 200, -851.2561863048883, 124826.0, (9.179027897108, 28.5845008850505, 23.10566005003158, 24.027678358257955), 128.517728805542)
Day:3 
(3, 3, 200, -851.3419138775031, 124837.0, (9.179027897108, 28.5845008850505, 23.10566005003158, 24.027678358257955), 123.8599910736084)
Day:3 
(3, 4, 200, -851.3860880217175, 124806.0, (9.179027897108, 28.5845008850505, 23.10566005003158, 24.027678358257955), 126.31602096557617)
Day:3 
(3, 5, 200, -793.4061088322911, 84615.0, (9.179027897108, 28.5845008850505, 23.10566005003158, 24.027678358257955), 129.1749291419983)
Day:3 
(3, 6, 200, -792.3103814190368, 84671.0, (9.179027897108, 28.5845008850505, 23.10566005003158, 24.027678358257955), 128.1683268547058)
Day:3 
(3, 7, 200, -791.2190568065611, 83966.0, (9.179027897108, 28.5845008850505, 23.10566005003158, 24.027678358257955), 121.574059009552)
Day:3 
(3, 8, 200, -791.2190568065611, 83966.0, (9.179027897108, 28.5845008850505, 23.10566005003158, 24.027678358257955), 116.12107300758362)
Day:3 
(3, 9, 200, -784.4417410598313, 83861.0, (9.179027897108, 28.5845008850505, 23.10566005003158, 24.027678358257955), 132.86566305160522)
Day:3 
(3, 10, 200, -785.3100071417861, 83951.0, (9.179027897108, 28.5845008850505, 23.10566005003158, 24.027678358257955), 118.27599096298218)
Day:3 
(3, 11, 200, -785.0030543280615, 83952.0, (9.179027897108, 28.5845008850505, 23.10566005003158, 24.027678358257955), 114.29703211784363)
Day:3 
(3, 12, 200, -782.8723828481116, 83817.0, (9.179027897108, 28.5845008850505, 23.10566005003158, 24.027678358257955), 106.50200486183167)
Day:3 
(3, 13, 200, -770.0170124702489, 82864.0, (9.179027897108, 28.5845008850505, 23.10566005003158, 24.027678358257955), 138.30731105804443)
Day:3 
(3, 14, 200, -771.0380260576771, 83280.0, (9.179027897108, 28.5845008850505, 23.10566005003158, 24.027678358257955), 122.06867098808289)
Day:3 
(3, 15, 200, -771.0380260576771, 83280.0, (9.179027897108, 28.5845008850505, 23.10566005003158, 24.027678358257955), 122.42080307006836)
Day:3 
(3, 16, 200, -769.7884964448065, 83229.0, (9.179027897108, 28.5845008850505, 23.10566005003158, 24.027678358257955), 114.1660008430481)
Day:3 
(3, 17, 200, -762.3258546673869, 82719.0, (9.179027897108, 28.5845008850505, 23.10566005003158, 24.027678358257955), 115.95345616340637)
Day:3 
(3, 18, 200, -761.4081779175771, 82643.0, (9.179027897108, 28.5845008850505, 23.10566005003158, 24.027678358257955), 116.95173287391663)
Day:3 
(3, 19, 200, -762.1577741726279, 82715.0, (9.179027897108, 28.5845008850505, 23.10566005003158, 24.027678358257955), 118.38375616073608)
Day:3 
(3, 20, 200, -762.1577741726279, 82715.0, (9.179027897108, 28.5845008850505, 23.10566005003158, 24.027678358257955), 105.0485258102417)
Day:3 
(3, 21, 200, -761.1384784274657, 82727.0, (9.179027897108, 28.5845008850505, 23.10566005003158, 24.027678358257955), 135.6650640964508)
Day:3 
(3, 22, 200, -760.6651440542851, 82350.0, (9.179027897108, 28.5845008850505, 23.10566005003158, 24.027678358257955), 139.90882110595703)
Day:3 
(3, 23, 200, -760.7960079263281, 82535.0, (9.179027897108, 28.5845008850505, 23.10566005003158, 24.027678358257955), 122.95739889144897)
Day:3 
(3, 24, 200, -759.0467575569241, 83023.0, (9.179027897108, 28.5845008850505, 23.10566005003158, 24.027678358257955), 121.58468508720398)
Day:3 
(3, 25, 200, -759.0467575569241, 83023.0, (9.179027897108, 28.5845008850505, 23.10566005003158, 24.027678358257955), 127.63993000984192)
Day:3 
(3, 26, 200, -759.0467575569241, 83023.0, (9.179027897108, 28.5845008850505, 23.10566005003158, 24.027678358257955), 121.72253680229187)
Day:3 
(3, 27, 200, -758.460046028613, 82567.0, (9.179027897108, 28.5845008850505, 23.10566005003158, 24.027678358257955), 114.18193507194519)
Day:3 
(3, 28, 200, -758.460046028613, 82567.0, (9.179027897108, 28.5845008850505, 23.10566005003158, 24.027678358257955), 138.10583400726318)
Day:3 
(3, 29, 200, -758.4690062181007, 82558.0, (9.179027897108, 28.5845008850505, 23.10566005003158, 24.027678358257955), 121.61755394935608)
Day:3 
(3, 30, 200, -758.9364735962015, 82846.0, (9.179027897108, 28.5845008850505, 23.10566005003158, 24.027678358257955), 128.28289008140564)
Day:3 
(3, 31, 200, -758.0772352919688, 82808.0, (9.179027897108, 28.5845008850505, 23.10566005003158, 24.027678358257955), 136.42536902427673)
Day:3 
(3, 32, 200, -758.0772352919688, 82808.0, (9.179027897108, 28.5845008850505, 23.10566005003158, 24.027678358257955), 114.81032204627991)
Day:3 
(3, 33, 200, -758.0772352919688, 82808.0, (9.179027897108, 28.5845008850505, 23.10566005003158, 24.027678358257955), 142.10674381256104)
Day:3 
(3, 34, 200, -758.0772352919688, 82808.0, (9.179027897108, 28.5845008850505, 23.10566005003158, 24.027678358257955), 145.25168418884277)
Day:3 
(3, 35, 200, -757.9841681509547, 82973.0, (9.179027897108, 28.5845008850505, 23.10566005003158, 24.027678358257955), 122.0479519367218)
Day:3 
(3, 36, 200, -757.9841681509547, 82973.0, (9.179027897108, 28.5845008850505, 23.10566005003158, 24.027678358257955), 130.8800458908081)
Day:3 
(3, 37, 200, -757.9841681509547, 82973.0, (9.179027897108, 28.5845008850505, 23.10566005003158, 24.027678358257955), 126.28785300254822)
Day:3 
(3, 38, 200, -757.9516438309307, 82936.0, (9.179027897108, 28.5845008850505, 23.10566005003158, 24.027678358257955), 133.77271699905396)
Day:3 
(3, 39, 200, -757.9516438309307, 82936.0, (9.179027897108, 28.5845008850505, 23.10566005003158, 24.027678358257955), 125.98217701911926)
Day:3 
(3, 40, 200, -757.9516438309307, 82936.0, (9.179027897108, 28.5845008850505, 23.10566005003158, 24.027678358257955), 122.5219190120697)
Day:3 
(3, 41, 200, -758.562138244625, 82667.0, (9.179027897108, 28.5845008850505, 23.10566005003158, 24.027678358257955), 112.95053195953369)
Day:3 
(3, 42, 200, -758.562138244625, 82667.0, (9.179027897108, 28.5845008850505, 23.10566005003158, 24.027678358257955), 130.51071405410767)
Day:3 
(3, 43, 200, -758.562138244625, 82667.0, (9.179027897108, 28.5845008850505, 23.10566005003158, 24.027678358257955), 131.82804107666016)
Day:3 
(3, 44, 200, -758.562138244625, 82667.0, (9.179027897108, 28.5845008850505, 23.10566005003158, 24.027678358257955), 107.28149795532227)
Day:3 
(3, 45, 200, -763.3619554152027, 83248.0, (9.179027897108, 28.5845008850505, 23.10566005003158, 24.027678358257955), 114.61478400230408)
Day:3 
(3, 46, 200, -763.3619554152027, 83248.0, (9.179027897108, 28.5845008850505, 23.10566005003158, 24.027678358257955), 145.53680205345154)
Day:3 
(3, 47, 200, -761.8599127149917, 83204.0, (9.179027897108, 28.5845008850505, 23.10566005003158, 24.027678358257955), 140.02913904190063)
Day:3 
(3, 48, 200, -761.8485860989542, 83012.0, (9.179027897108, 28.5845008850505, 23.10566005003158, 24.027678358257955), 134.77019786834717)
Day:3 
(3, 49, 200, -761.9809377456495, 83013.0, (9.179027897108, 28.5845008850505, 23.10566005003158, 24.027678358257955), 125.73562097549438)
Day:3 
(3, 50, 200, -762.4310909386296, 82690.0, (9.179027897108, 28.5845008850505, 23.10566005003158, 24.027678358257955), 113.20257806777954)