
Day:1 
(1, 0, 200, -16151.165454349002, 1960400.0, (113.24140335284274, -38.1943901993822, -77.6866293210264, 12.042301380093637), 4.225056886672974)
Day:1 
(1, 1, 200, -36.20876853892156, 400.0, (6.474401137037014, -38.1943901993822, -7.876646421780907, 12.042301380093637), 8.633915185928345)
Day:1 
(1, 2, 200, -38.60988542663273, 441.0, (144.36309577355175, -14.727264595503305, 78.135175881703, 145.47954816418567), 8.170699834823608)
Day:1 
(1, 3, 200, -37.76494824673573, 196.0, (-138.13048506117417, -119.2259110872813, -48.642258131877206, -28.36920701534461), 8.365234136581421)
Day:1 
(1, 4, 200, -37.804193005452966, 484.0, (-138.13048506117417, -92.98937965220682, 59.174476140309615, 10.005883500396326), 8.907749891281128)
Day:1 
(1, 5, 200, -41.55947887221566, 1521.0, (-166.4024389863284, 47.67730310493625, 137.01560532938439, 195.57513090294816), 8.595571994781494)
Day:1 
(1, 6, 200, -37.43706282902159, 9.0, (-67.12083337673708, 95.86542669897584, 137.01560532938439, 36.30052174097656), 8.556303977966309)
Day:1 
(1, 7, 200, -37.29793273015841, 100.0, (-96.01274635194251, 3.7530404808618427, 137.01560532938439, 36.30052174097656), 9.110365152359009)
Day:1 
(1, 8, 200, -37.00801431142703, 4.0, (-96.01274635194251, -62.03655606423567, -104.55106634738816, 36.30052174097656), 8.94997501373291)
Day:1 
(1, 9, 200, -36.55098506118247, 289.0, (14.844818598469757, -62.03655606423567, -69.90972007267021, 36.30052174097656), 8.631423950195312)
Day:1 
(1, 10, 200, -37.81192228401306, 1156.0, (-101.85282338645473, -50.1347039617112, -69.90972007267021, 36.30052174097656), 9.067440032958984)
Day:1 
(1, 11, 200, -40.16869277284178, 361.0, (-111.98751977404376, 10.385449988678955, 146.07542477175656, 218.35328390662434), 8.182097911834717)
Day:1 
(1, 12, 200, -37.359653671923404, 169.0, (-80.22326275603568, 91.5813865486168, -61.870837109227224, 102.80339693251256), 8.203598976135254)
Day:1 
(1, 13, 200, -37.84799831015779, 484.0, (-40.10537235708128, -48.65379663903308, -61.870837109227224, 158.2856043709553), 8.898586988449097)
Day:1 
(1, 14, 200, -39.64290138756259, 361.0, (-131.67145183502228, -143.06630286119048, -91.048064077664, 158.2856043709553), 8.438254117965698)
Day:1 
(1, 15, 200, -37.83603378248526, 441.0, (51.49343951492654, 71.19756898608831, -8.658337673922935, 158.2856043709553), 8.183763980865479)
Day:1 
(1, 16, 200, -36.57913257338295, 9.0, (51.49343951492654, 17.393383712955412, 110.45402879309535, 39.143058946755794), 8.443418979644775)
Day:1 
(1, 17, 200, -36.717354851101575, 16.0, (52.198556659218276, -61.738392507398345, 110.45402879309535, 24.22171815197142), 8.230154991149902)
Day:1 
(1, 18, 200, -39.459473150270036, 529.0, (42.70195065255516, -247.18013348909668, 0.7056649881341464, 24.22171815197142), 8.577390909194946)
Day:1 
(1, 19, 200, -37.77281937307687, 900.0, (-141.37759475726463, -32.03517896609232, -40.884765958350414, 24.22171815197142), 8.109508991241455)
Day:1 
(1, 20, 200, -37.31247306339968, 961.0, (-37.642040366417646, -32.03517896609232, -3.710226739394749, 95.96279689512822), 8.424759149551392)
Day:1 
(1, 21, 200, -37.55265828296433, 100.0, (-83.91564930848658, -67.02720847227499, -61.91254848134653, 137.2239057880752), 8.102288961410522)
Day:1 
(1, 22, 200, -39.410681464407354, 324.0, (-1.5137855746650237, -204.13236140404322, 81.99016716340405, 137.2239057880752), 8.33103895187378)
Day:1 
(1, 23, 200, -38.27623473403633, 16.0, (-1.5137855746650237, -204.13236140404322, 92.01071825782678, 16.76715970634618), 8.691553115844727)
Day:1 
(1, 24, 200, -39.13823354831624, 676.0, (32.42407420282346, -227.5580153080514, -30.70362780971088, 16.76715970634618), 8.582295894622803)
Day:1 
(1, 25, 200, -39.07593187158878, 576.0, (54.22618419299652, -227.5580153080514, -12.145910457404195, -0.14876604676808028), 8.47431492805481)
Day:1 
(1, 26, 200, -39.32285051163163, 625.0, (58.94791199975871, 198.82856101359897, 49.83097932190729, 118.83711966827686), 8.507548093795776)
Day:1 
(1, 27, 200, -40.29553382889759, 484.0, (-132.10149175741196, 205.42222686664036, 97.53843016623443, 112.45370360769424), 8.46383810043335)
Day:1 
(1, 28, 200, -37.58105025956779, 121.0, (-132.10149175741196, 32.73161842576559, -58.404315309432505, 112.45370360769424), 8.825093984603882)
Day:1 
(1, 29, 200, -39.590368081341154, 9.0, (-248.78101198453567, -32.56391540182167, -8.14455377462904, 117.61701014006024), 8.243842840194702)
Day:1 
(1, 30, 200, -37.26107287112595, 841.0, (74.65540100018514, 15.51311652349839, 49.44503628315249, 69.67797478848811), 8.695005178451538)
Day:1 
(1, 31, 200, -38.59639838291852, 289.0, (8.989319053257317, -99.00753024998546, -112.13448237363944, 170.7721309729275), 8.264423847198486)
Day:1 
(1, 32, 200, -38.7740070203613, 4.0, (-137.23800465126246, -7.99728123697101, -112.13448237363944, 170.7721309729275), 8.71538496017456)
Day:1 
(1, 33, 200, -38.45007032565786, 484.0, (-91.30239321989417, -27.62092881715126, 81.46927476989191, 170.7721309729275), 8.30860710144043)
Day:1 
(1, 34, 200, -43.8332006603651, 25.0, (-75.8275926049064, 226.0336289801453, 311.3391988618752, 87.73516490688674), 8.564881086349487)
Day:1 
(1, 35, 200, -44.69137446690794, 1764.0, (-37.275768999541576, 191.29176054582516, 311.3391988618752, 87.73516490688674), 8.816648960113525)
Day:1 
(1, 36, 200, -42.74050399964152, 144.0, (-171.9165667978075, -99.6426880591842, 311.3391988618752, 30.097924891161817), 8.59038496017456)
Day:1 
(1, 37, 200, -37.075163180717695, 625.0, (-33.175363623134366, -99.6426880591842, -43.7205141680798, 30.097924891161817), 9.180836915969849)
Day:1 
(1, 38, 200, -38.0302417206095, 0.0, (-70.34508772833438, -196.52166839337573, -43.87956281670432, -19.122478918285925), 8.620922088623047)
Day:1 
(1, 39, 200, -40.538379138317666, 841.0, (-70.34508772833438, -196.52166839337573, 186.6721793781035, 36.228044070678266), 9.021574020385742)
Day:1 
(1, 40, 200, -36.81307429060119, 256.0, (90.89201599232796, -25.840705772706215, 3.726944293829316, 87.48256894595794), 8.333266973495483)
Day:1 
(1, 41, 200, -36.75259942397278, 324.0, (69.28537019128024, -10.401774438392659, -32.01428629330449, 87.48256894595794), 8.129245042800903)
Day:1 
(1, 42, 200, -36.945685983190245, 441.0, (69.28537019128024, 43.85835147311772, 25.80298690449679, 87.48256894595794), 8.890130043029785)
Day:1 
(1, 43, 200, -38.86315815580859, 9.0, (-33.69111396421724, 5.280161122766179, -106.25296114632843, 223.28375179617237), 8.520939826965332)
Day:1 
(1, 44, 200, -41.14729675306842, 2025.0, (77.99135635447594, -105.3440290367976, -44.61716038447045, 223.28375179617237), 8.733248949050903)
Day:1 
(1, 45, 200, -40.05612347274352, 1024.0, (-63.7873258781804, -105.3440290367976, -38.88349178458049, 223.28375179617237), 8.545844078063965)
Day:1 
(1, 46, 200, -38.02508131986902, 324.0, (-43.95325076944008, -192.30405209448716, 20.043123326697746, -14.093756126664804), 8.368165016174316)
Day:1 
(1, 47, 200, -38.46872214239407, 289.0, (-43.95325076944008, -192.30405209448716, 99.4319478688679, -16.358116787542755), 8.92115592956543)
Day:1 
(1, 48, 200, -40.70565706669624, 324.0, (-217.92780665470173, -130.8119699723798, 99.4319478688679, 134.74759376831904), 8.603397130966187)
Day:1 
(1, 49, 200, -38.20682731028846, 36.0, (-149.5760887118452, -106.37680085580293, 84.86847905770681, 88.55662507923678), 8.35500192642212)
Day:1 
(1, 50, 200, -38.58855088350285, 4.0, (-185.20626439896225, 116.22859772559838, 84.86847905770681, 44.19750239337281), 8.75455093383789)
Day:2 
(2, 0, 200, -13861.201653354918, 947902.0, (-185.20626439896225, 116.22859772559838, 84.86847905770681, 44.19750239337281), 11.099462032318115)
Day:2 
(2, 1, 200, -13409.690306012391, 957010.0, (-121.22883347663587, 110.17849790449897, 88.03774312958107, 44.19750239337281), 38.489562034606934)
Day:2 
(2, 2, 200, -13376.57630405733, 946131.0, (-121.22883347663587, 110.17849790449897, 88.03774312958107, 44.19750239337281), 46.830065965652466)
Day:2 
(2, 3, 200, -13376.57630405733, 946131.0, (-121.22883347663587, 110.17849790449897, 88.03774312958107, 44.19750239337281), 43.91964817047119)
Day:2 
(2, 4, 200, -13376.57630405733, 946131.0, (-121.22883347663587, 110.17849790449897, 88.03774312958107, 44.19750239337281), 47.329625844955444)
Day:2 
(2, 5, 200, -13376.57630405733, 946131.0, (-121.22883347663587, 110.17849790449897, 88.03774312958107, 44.19750239337281), 46.85376000404358)
Day:2 
(2, 6, 200, -13376.57630405733, 946131.0, (-121.22883347663587, 110.17849790449897, 88.03774312958107, 44.19750239337281), 47.05300498008728)
Day:2 
(2, 7, 200, -13272.135577094114, 646618.0, (-121.22883347663587, 110.17849790449897, 70.87129036310334, 44.19750239337281), 44.99141716957092)
Day:2 
(2, 8, 200, -12292.981179112869, 501855.0, (-61.646043795922985, 110.17849790449897, 70.87129036310334, 44.19750239337281), 43.44540977478027)
Day:2 
(2, 9, 200, -6837.285774436972, 261096.0, (-0.39460227715132024, 110.17849790449897, 70.87129036310334, 44.19750239337281), 60.15176010131836)
Day:2 
(2, 10, 200, -6702.356256913572, 243800.0, (-0.39460227715132024, 110.17849790449897, 70.87129036310334, 44.19750239337281), 50.06013011932373)
Day:2 
(2, 11, 200, -6670.748308869754, 237770.0, (-0.39460227715132024, 110.17849790449897, 70.87129036310334, 44.19750239337281), 56.03617596626282)
Day:2 
(2, 12, 200, -6670.094462648281, 237286.0, (-0.39460227715132024, 110.17849790449897, 70.87129036310334, 44.19750239337281), 49.5212619304657)
Day:2 
(2, 13, 200, -4245.701874853538, 230532.0, (7.059019358409792, 21.95771191077384, 70.87129036310334, 44.19750239337281), 43.7522759437561)
Day:2 
(2, 14, 200, -4238.2293018139535, 228671.0, (7.059019358409792, 21.95771191077384, 70.87129036310334, 44.19750239337281), 55.189948081970215)
Day:2 
(2, 15, 200, -3661.714671000075, 71297.0, (7.059019358409792, 34.30451888290331, 70.87129036310334, 44.19750239337281), 54.87250900268555)
Day:2 
(2, 16, 200, -3611.2055595833235, 65306.0, (7.059019358409792, 34.30451888290331, 70.87129036310334, 44.19750239337281), 51.08289408683777)
Day:2 
(2, 17, 200, -3611.3941685886402, 65082.0, (7.059019358409792, 34.30451888290331, 70.87129036310334, 44.19750239337281), 54.519792795181274)
Day:2 
(2, 18, 200, -3611.1878391999826, 65377.0, (7.059019358409792, 34.30451888290331, 70.87129036310334, 44.19750239337281), 51.055028200149536)
Day:2 
(2, 19, 200, -3610.984445518635, 64494.0, (7.059019358409792, 34.30451888290331, 70.87129036310334, 44.19750239337281), 49.406479835510254)
Day:2 
(2, 20, 200, -3007.370171087513, 271324.0, (7.059019358409792, 60.14432226767161, 70.87129036310334, 44.19750239337281), 54.975914001464844)
Day:2 
(2, 21, 200, -2958.7640296692216, 263850.0, (7.059019358409792, 60.14432226767161, 70.87129036310334, 44.19750239337281), 56.70345401763916)
Day:2 
(2, 22, 200, -2937.458186153306, 235497.0, (7.059019358409792, 60.14432226767161, 70.87129036310334, 44.19750239337281), 50.065420150756836)
Day:2 
(2, 23, 200, -2932.1552053813894, 227772.0, (7.059019358409792, 60.14432226767161, 70.87129036310334, 44.19750239337281), 55.66440677642822)
Day:2 
(2, 24, 200, -2932.553438976982, 227964.0, (7.059019358409792, 60.14432226767161, 70.87129036310334, 44.19750239337281), 52.644004106521606)
Day:2 
(2, 25, 200, -2916.24727097068, 227705.0, (7.059019358409792, 60.14432226767161, 70.87129036310334, 44.19750239337281), 59.673831939697266)
Day:2 
(2, 26, 200, -2916.0916528801054, 227762.0, (7.059019358409792, 60.14432226767161, 70.87129036310334, 44.19750239337281), 65.01055812835693)
Day:2 
(2, 27, 200, -2871.930128871062, 226877.0, (7.059019358409792, 60.14432226767161, 70.87129036310334, 44.19750239337281), 58.88807702064514)
Day:2 
(2, 28, 200, -2849.243105201457, 226753.0, (7.059019358409792, 60.14432226767161, 70.87129036310334, 44.19750239337281), 55.308982849121094)
Day:2 
(2, 29, 200, -2729.569930755896, 226495.0, (7.059019358409792, 60.14432226767161, 70.87129036310334, 44.19750239337281), 56.215649127960205)
Day:2 
(2, 30, 200, -2729.7920663432506, 226528.0, (7.059019358409792, 60.14432226767161, 70.87129036310334, 44.19750239337281), 58.64272904396057)
Day:2 
(2, 31, 200, -2413.0786065343927, 226207.0, (7.059019358409792, 60.14432226767161, 70.87129036310334, 44.19750239337281), 54.552347898483276)
Day:2 
(2, 32, 200, -2412.722706534134, 226407.0, (7.059019358409792, 60.14432226767161, 70.87129036310334, 44.19750239337281), 58.01442289352417)
Day:2 
(2, 33, 200, -2412.0325578428, 225563.0, (7.059019358409792, 60.14432226767161, 70.87129036310334, 44.19750239337281), 50.23404002189636)
Day:2 
(2, 34, 200, -2412.4307914383926, 225755.0, (7.059019358409792, 60.14432226767161, 70.87129036310334, 44.19750239337281), 47.28138303756714)
Day:2 
(2, 35, 200, -2411.936954906635, 225580.0, (7.059019358409792, 60.14432226767161, 70.87129036310334, 44.19750239337281), 51.547008991241455)
Day:2 
(2, 36, 200, -2411.8855584893727, 225599.0, (7.059019358409792, 60.14432226767161, 70.87129036310334, 44.19750239337281), 58.43273615837097)
Day:2 
(2, 37, 200, -2412.094629088083, 225695.0, (7.059019358409792, 60.14432226767161, 70.87129036310334, 44.19750239337281), 55.45492076873779)
Day:2 
(2, 38, 200, -2412.888831013406, 225515.0, (7.059019358409792, 60.14432226767161, 70.87129036310334, 44.19750239337281), 49.99341821670532)
Day:2 
(2, 39, 200, -2412.36254229727, 225535.0, (7.059019358409792, 60.14432226767161, 70.87129036310334, 44.19750239337281), 56.849615812301636)
Day:2 
(2, 40, 200, -2413.2302392192923, 225508.0, (7.059019358409792, 60.14432226767161, 70.87129036310334, 44.19750239337281), 60.268638134002686)
Day:2 
(2, 41, 200, -2266.5102978964514, 225488.0, (7.059019358409792, 60.14432226767161, 70.87129036310334, 44.19750239337281), 53.52125287055969)
Day:2 
(2, 42, 200, -2262.587570458575, 225584.0, (7.059019358409792, 60.14432226767161, 70.87129036310334, 44.19750239337281), 56.515053033828735)
Day:2 
(2, 43, 200, -2263.6117894429754, 225808.0, (7.059019358409792, 60.14432226767161, 70.87129036310334, 44.19750239337281), 64.74421715736389)
Day:2 
(2, 44, 200, -2261.564734699369, 225049.0, (7.059019358409792, 60.14432226767161, 70.87129036310334, 44.19750239337281), 47.66334891319275)
Day:2 
(2, 45, 200, -2261.5975451057366, 225072.0, (7.059019358409792, 60.14432226767161, 70.87129036310334, 44.19750239337281), 61.93330788612366)
Day:2 
(2, 46, 200, -2261.670510207671, 225097.0, (7.059019358409792, 60.14432226767161, 70.87129036310334, 44.19750239337281), 51.807305097579956)
Day:2 
(2, 47, 200, -2262.07813643763, 224669.0, (7.059019358409792, 60.14432226767161, 70.87129036310334, 44.19750239337281), 61.612040996551514)
Day:2 
(2, 48, 200, -2261.0748639135963, 224753.0, (7.059019358409792, 60.14432226767161, 70.87129036310334, 44.19750239337281), 55.66088604927063)
Day:2 
(2, 49, 200, -2261.0662451764492, 224774.0, (7.059019358409792, 60.14432226767161, 70.87129036310334, 44.19750239337281), 63.42845296859741)
Day:2 
(2, 50, 200, -2261.0990555828166, 224797.0, (7.059019358409792, 60.14432226767161, 70.87129036310334, 44.19750239337281), 61.0373969078064)
Day:3 
(3, 0, 200, -4973.935012503115, 214394.0, (7.059019358409792, 60.14432226767161, 70.87129036310334, 44.19750239337281), 15.006922006607056)
Day:3 
(3, 1, 200, -4973.935012503115, 214394.0, (7.059019358409792, 60.14432226767161, 70.87129036310334, 44.19750239337281), 112.7966079711914)
Day:3 
(3, 2, 200, -4849.984855438185, 208376.0, (7.059019358409792, 60.14432226767161, 70.87129036310334, 44.19750239337281), 107.90306901931763)
Day:3 
(3, 3, 200, -4833.163699490165, 199411.0, (7.059019358409792, 60.14432226767161, 70.87129036310334, 44.19750239337281), 102.4574601650238)
Day:3 
(3, 4, 200, -4833.163699490165, 199411.0, (7.059019358409792, 60.14432226767161, 70.87129036310334, 44.19750239337281), 109.79384303092957)
Day:3 
(3, 5, 200, -4430.22672580333, 196340.0, (7.059019358409792, 60.14432226767161, 70.87129036310334, 44.19750239337281), 108.25350379943848)
Day:3 
(3, 6, 200, -4424.876784418671, 196039.0, (7.059019358409792, 60.14432226767161, 70.87129036310334, 44.19750239337281), 115.77107405662537)
Day:3 
(3, 7, 200, -4305.304520560134, 194952.0, (7.059019358409792, 60.14432226767161, 70.87129036310334, 44.19750239337281), 113.37331104278564)
Day:3 
(3, 8, 200, -4016.2914466208567, 194871.0, (7.059019358409792, 60.14432226767161, 70.87129036310334, 44.19750239337281), 107.19215106964111)
Day:3 
(3, 9, 200, -4016.2914466208567, 194871.0, (7.059019358409792, 60.14432226767161, 70.87129036310334, 44.19750239337281), 122.31929397583008)
Day:3 
(3, 10, 200, -4016.2914466208567, 194871.0, (7.059019358409792, 60.14432226767161, 70.87129036310334, 44.19750239337281), 115.38550305366516)
Day:3 
(3, 11, 200, -4016.3626999606486, 194862.0, (7.059019358409792, 60.14432226767161, 70.87129036310334, 44.19750239337281), 123.7356538772583)
Day:3 
(3, 12, 200, -3986.0995450100636, 194754.0, (7.059019358409792, 60.14432226767161, 70.87129036310334, 44.19750239337281), 120.15771794319153)
Day:3 
(3, 13, 200, -3987.6001228859022, 194742.0, (7.059019358409792, 60.14432226767161, 70.87129036310334, 44.19750239337281), 104.19318795204163)
Day:3 
(3, 14, 200, -3974.5525926215705, 194744.0, (7.059019358409792, 60.14432226767161, 70.87129036310334, 44.19750239337281), 120.60077619552612)
Day:3 
(3, 15, 200, -3974.5525926215705, 194744.0, (7.059019358409792, 60.14432226767161, 70.87129036310334, 44.19750239337281), 106.57904195785522)
Day:3 
(3, 16, 200, -3974.5525926215705, 194744.0, (7.059019358409792, 60.14432226767161, 70.87129036310334, 44.19750239337281), 115.28813695907593)
Day:3 
(3, 17, 200, -3974.5525926215705, 194744.0, (7.059019358409792, 60.14432226767161, 70.87129036310334, 44.19750239337281), 116.64567589759827)
Day:3 
(3, 18, 200, -3974.5525926215705, 194744.0, (7.059019358409792, 60.14432226767161, 70.87129036310334, 44.19750239337281), 103.45842409133911)
Day:3 
(3, 19, 200, -3976.5738206481947, 194728.0, (7.059019358409792, 60.14432226767161, 70.87129036310334, 44.19750239337281), 110.72163701057434)
Day:3 
(3, 20, 200, -3976.5738206481947, 194728.0, (7.059019358409792, 60.14432226767161, 70.87129036310334, 44.19750239337281), 124.5697340965271)
Day:3 
(3, 21, 200, -3976.5738206481947, 194728.0, (7.059019358409792, 60.14432226767161, 70.87129036310334, 44.19750239337281), 112.53853392601013)
Day:3 
(3, 22, 200, -3976.5738206481947, 194728.0, (7.059019358409792, 60.14432226767161, 70.87129036310334, 44.19750239337281), 113.71593904495239)
Day:3 
(3, 23, 200, -3976.5738206481947, 194728.0, (7.059019358409792, 60.14432226767161, 70.87129036310334, 44.19750239337281), 108.64207291603088)
Day:3 
(3, 24, 200, -3976.5738206481947, 194728.0, (7.059019358409792, 60.14432226767161, 70.87129036310334, 44.19750239337281), 108.79779601097107)
Day:3 
(3, 25, 200, -3976.5738206481947, 194728.0, (7.059019358409792, 60.14432226767161, 70.87129036310334, 44.19750239337281), 118.14190912246704)
Day:3 
(3, 26, 200, -3976.5738206481947, 194728.0, (7.059019358409792, 60.14432226767161, 70.87129036310334, 44.19750239337281), 134.68807291984558)
Day:3 
(3, 27, 200, -3976.5738206481947, 194728.0, (7.059019358409792, 60.14432226767161, 70.87129036310334, 44.19750239337281), 107.54970788955688)
Day:3 
(3, 28, 200, -3976.5738206481947, 194728.0, (7.059019358409792, 60.14432226767161, 70.87129036310334, 44.19750239337281), 106.26436710357666)
Day:3 
(3, 29, 200, -3974.546826746837, 194768.0, (7.059019358409792, 60.14432226767161, 70.87129036310334, 44.19750239337281), 120.76594185829163)
Day:3 
(3, 30, 200, -3974.546826746837, 194768.0, (7.059019358409792, 60.14432226767161, 70.87129036310334, 44.19750239337281), 107.6381561756134)
Day:3 
(3, 31, 200, -3972.3698047256976, 193832.0, (7.059019358409792, 60.14432226767161, 70.87129036310334, 44.19750239337281), 126.80562090873718)
Day:3 
(3, 32, 200, -3972.3698047256976, 193832.0, (7.059019358409792, 60.14432226767161, 70.87129036310334, 44.19750239337281), 103.24233794212341)
Day:3 
(3, 33, 200, -3963.7556327854954, 193691.0, (7.059019358409792, 60.14432226767161, 70.87129036310334, 44.19750239337281), 124.94770407676697)
Day:3 
(3, 34, 200, -3963.7556327854954, 193691.0, (7.059019358409792, 60.14432226767161, 70.87129036310334, 44.19750239337281), 103.69998812675476)
Day:3 
(3, 35, 200, -3950.673167436944, 193415.0, (7.059019358409792, 60.14432226767161, 70.87129036310334, 44.19750239337281), 116.39785695075989)
Day:3 
(3, 36, 200, -3946.5544710600516, 193559.0, (7.059019358409792, 60.14432226767161, 70.87129036310334, 44.19750239337281), 131.93019700050354)
Day:3 
(3, 37, 200, -3944.604889532062, 193328.0, (7.059019358409792, 60.14432226767161, 70.87129036310334, 44.19750239337281), 111.97310900688171)
Day:3 
(3, 38, 200, -3941.838120515099, 193317.0, (7.059019358409792, 60.14432226767161, 70.87129036310334, 44.19750239337281), 115.98294186592102)
Day:3 
(3, 39, 200, -3935.3065289560127, 193266.0, (7.059019358409792, 60.14432226767161, 70.87129036310334, 44.19750239337281), 98.09981298446655)
Day:3 
(3, 40, 200, -3935.3065289560127, 193266.0, (7.059019358409792, 60.14432226767161, 70.87129036310334, 44.19750239337281), 102.14283514022827)
Day:3 
(3, 41, 200, -3935.3065289560127, 193266.0, (7.059019358409792, 60.14432226767161, 70.87129036310334, 44.19750239337281), 111.72343397140503)
Day:3 
(3, 42, 200, -3935.3065289560127, 193266.0, (7.059019358409792, 60.14432226767161, 70.87129036310334, 44.19750239337281), 113.28728199005127)
Day:3 
(3, 43, 200, -3935.3065289560127, 193266.0, (7.059019358409792, 60.14432226767161, 70.87129036310334, 44.19750239337281), 119.06739902496338)
Day:3 
(3, 44, 200, -3935.3065289560127, 193266.0, (7.059019358409792, 60.14432226767161, 70.87129036310334, 44.19750239337281), 112.39705991744995)
Day:3 
(3, 45, 200, -3935.3065289560127, 193266.0, (7.059019358409792, 60.14432226767161, 70.87129036310334, 44.19750239337281), 125.22458696365356)
Day:3 
(3, 46, 200, -3935.3065289560127, 193266.0, (7.059019358409792, 60.14432226767161, 70.87129036310334, 44.19750239337281), 126.74220609664917)
Day:3 
(3, 47, 200, -3935.3065289560127, 193266.0, (7.059019358409792, 60.14432226767161, 70.87129036310334, 44.19750239337281), 105.47565293312073)
Day:3 
(3, 48, 200, -3935.3065289560127, 193266.0, (7.059019358409792, 60.14432226767161, 70.87129036310334, 44.19750239337281), 115.08794593811035)
Day:3 
(3, 49, 200, -3935.3065289560127, 193266.0, (7.059019358409792, 60.14432226767161, 70.87129036310334, 44.19750239337281), 127.80151319503784)
Day:3 
(3, 50, 200, -3935.3065289560127, 193266.0, (7.059019358409792, 60.14432226767161, 70.87129036310334, 44.19750239337281), 109.44796586036682)