
Day:1 
(1, 0, 200, -16199.37188027586, 2050625.0, (236.58929922063695, -102.78346480302524, -107.31514694289591, -62.571544541733), 4.126964092254639)
Day:1 
(1, 1, 200, -38.848646291299644, 2025.0, (-9.033606746322743, -77.75058117400735, -107.31514694289591, 73.55291982079487), 8.646669864654541)
Day:1 
(1, 2, 200, -36.61120766139759, 25.0, (112.20510971784961, -26.906532965125322, -10.0699932424819, 59.268427199873955), 8.368206977844238)
Day:1 
(1, 3, 200, -37.52232422627338, 9.0, (94.70017120992894, -105.32713542716388, 80.28307625992741, 95.10444885303241), 8.098587036132812)
Day:1 
(1, 4, 200, -40.35828511473812, 1764.0, (-61.57511771091621, -18.56543502368961, 214.94464149717464, 89.0839757917779), 7.925052165985107)
Day:1 
(1, 5, 200, -39.31145290815914, 49.0, (-144.77362755809202, -50.989619335455046, 214.94464149717464, 25.889634957667354), 8.069732904434204)
Day:1 
(1, 6, 200, -36.44051364397429, 9.0, (-74.76327247002824, -72.17407700364724, -19.051088724910077, 51.90200680240659), 8.56072187423706)
Day:1 
(1, 7, 200, -37.36518841352269, 121.0, (45.72473214970033, -72.17407700364724, 96.496667175471, 116.83479898036259), 8.534887075424194)
Day:1 
(1, 8, 200, -37.26000336731705, 4.0, (45.72473214970033, 53.60587248051556, 50.19398890311761, 151.36643523902453), 8.812389135360718)
Day:1 
(1, 9, 200, -39.64248588103743, 2500.0, (-94.48583990770807, 20.918596667847464, 127.9819440713228, 63.70516323872166), 8.38534688949585)
Day:1 
(1, 10, 200, -37.45585143879603, 1444.0, (22.8991294643499, -46.48803508787899, -27.750365752861086, 13.508141982012459), 8.408298969268799)
Day:1 
(1, 11, 200, -37.45727087656623, 1444.0, (22.8991294643499, -46.48803508787899, 59.674430013243956, 13.508141982012459), 9.086236000061035)
Day:1 
(1, 12, 200, -37.50791060048986, 729.0, (22.8991294643499, -96.90443774088499, 28.19553737261532, 102.8766232765344), 8.40559697151184)
Day:1 
(1, 13, 200, -38.1213729777989, 16.0, (22.8991294643499, 124.92453976325861, -79.87345673442479, 157.77574341928906), 8.563440084457397)
Day:1 
(1, 14, 200, -37.35128620332357, 36.0, (0.9189707144110566, 72.79515792965852, -37.81504702694598, 157.77574341928906), 8.670430898666382)
Day:1 
(1, 15, 200, -37.5302361915636, 361.0, (-33.14393044720424, 51.25975479813051, 16.638781419686897, 157.77574341928906), 8.255429983139038)
Day:1 
(1, 16, 200, -37.379453880639815, 361.0, (-128.77044658999088, -92.21386437088498, 16.638781419686897, -1.076627615654994), 8.744202136993408)
Day:1 
(1, 17, 200, -36.782660314258486, 100.0, (-99.40685370962741, -92.21386437088498, 16.638781419686897, -11.667008430842861), 8.82019305229187)
Day:1 
(1, 18, 200, -37.48192304340394, 144.0, (-106.1313831238942, -92.21386437088498, 105.34397613433866, -31.798543912566778), 8.836884021759033)
Day:1 
(1, 19, 200, -36.82290530890994, 4.0, (8.084089191871819, -92.21386437088498, 105.34397613433866, 44.12881671857602), 8.61022686958313)
Day:1 
(1, 20, 200, -37.68561657391621, 1600.0, (61.18581541775833, 0.004550755951225466, -12.058242157829326, 44.86296055533338), 8.546566009521484)
Day:1 
(1, 21, 200, -36.96846900958968, 196.0, (2.8260367015124443, -44.805023031612905, 129.78011288563422, 44.86296055533338), 8.404000043869019)
Day:1 
(1, 22, 200, -39.54120547508909, 1369.0, (-190.44416521014364, -78.47532932199904, -68.94608048788825, 24.94495830403481), 8.44223403930664)
Day:1 
(1, 23, 200, -36.399400280471184, 9.0, (15.207943212350683, -78.47532932199904, -77.6766733005465, 24.94495830403481), 8.787468910217285)
Day:1 
(1, 24, 200, -39.14285331835348, 961.0, (-76.25945565296567, -78.47532932199904, -131.117572098494, 142.56223184201593), 8.487733125686646)
Day:1 
(1, 25, 200, -37.46189652058233, 225.0, (-32.77059033009744, -83.81209171722683, 37.22617193783036, 142.56223184201593), 8.656113862991333)
Day:1 
(1, 26, 200, -38.34876698755109, 36.0, (176.70824011359866, -3.1344248377391146, -3.625122343095559, 142.56223184201593), 8.175797939300537)
Day:1 
(1, 27, 200, -38.99943036259981, 4.0, (-10.410020432219987, 98.10808076596436, 187.4208122232792, 142.56223184201593), 8.703055143356323)
Day:1 
(1, 28, 200, -38.88411742731506, 2116.0, (27.246649804049, 71.88545646739585, 96.6143953163264, 42.778713193137875), 8.76409387588501)
Day:1 
(1, 29, 200, -36.09085791364499, 1.0, (27.246649804049, -54.86408736711049, -38.472652109382985, 42.778713193137875), 8.237601041793823)
Day:1 
(1, 30, 200, -37.88591662718099, 961.0, (-119.36047297372242, -54.86408736711049, -72.55306218497003, 42.778713193137875), 8.699070930480957)
Day:1 
(1, 31, 200, -37.222458767275974, 4.0, (-149.18773433276635, 17.13877832556625, -72.55306218497003, 42.778713193137875), 9.138912200927734)
Day:1 
(1, 32, 200, -36.09491953462095, 121.0, (-44.211856533452355, -6.818679729120866, -27.903833284579054, 42.778713193137875), 8.625779867172241)
Day:1 
(1, 33, 200, -36.49329524228284, 441.0, (14.25626308639873, 30.236536256554157, 0.6927046479979212, 74.04415046678425), 8.072361946105957)
Day:1 
(1, 34, 200, -38.44700887704835, 121.0, (58.9967121795651, -91.09896022589088, 185.44390767501292, 74.04415046678425), 8.317731142044067)
Day:1 
(1, 35, 200, -39.10252262011447, 625.0, (94.49666936116132, -91.09896022589088, 185.44390767501292, 52.68532335120776), 8.910361051559448)
Day:1 
(1, 36, 200, -39.10197219273171, 484.0, (-172.06135953357642, 107.42657627936637, 118.38969327677452, 52.68532335120776), 8.78577995300293)
Day:1 
(1, 37, 200, -38.56458715914552, 169.0, (-181.0426774111819, 61.23575005082956, 118.38969327677452, 52.68532335120776), 8.698977947235107)
Day:1 
(1, 38, 200, -36.88943838731497, 225.0, (-118.14274344098408, 14.807795203757207, -42.11640512513683, 52.68532335120776), 8.52600908279419)
Day:1 
(1, 39, 200, -36.75722535029999, 576.0, (12.150554849477714, -24.535306970457622, 75.68235861135966, 52.68532335120776), 8.946728944778442)
Day:1 
(1, 40, 200, -36.81333387698389, 441.0, (46.75701644316773, -39.116734101682475, -36.22139401156307, 85.83497269375226), 8.680903911590576)
Day:1 
(1, 41, 200, -37.398423250054876, 784.0, (22.238753285016784, 54.23261407492915, -36.22139401156307, 115.27286920412404), 9.087465047836304)
Day:1 
(1, 42, 200, -39.7187652661696, 2209.0, (-91.15370618475143, -20.49486818286876, 3.8221933143342146, 158.59939060860867), 8.95007610321045)
Day:1 
(1, 43, 200, -36.362337716087715, 36.0, (-79.36559025477204, 61.76120324338418, -7.97771122985936, 40.83118605424233), 8.573866844177246)
Day:1 
(1, 44, 200, -36.45800266277438, 25.0, (85.99561738990253, -70.00749664520912, -8.520532753986513, 39.97156379673986), 9.013004064559937)
Day:1 
(1, 45, 200, -38.32893977815162, 225.0, (28.053380183761853, -177.43637272575882, -112.41443500726282, 51.07717314776205), 8.425930976867676)
Day:1 
(1, 46, 200, -36.822672306138614, 81.0, (0.5029514116203546, -99.36980807353126, -86.64679271152528, 51.07717314776205), 8.769840002059937)
Day:1 
(1, 47, 200, -40.19756328104585, 441.0, (-281.78155357092743, -34.60154971944062, 5.262558753594956, 7.749857730997845), 8.588007926940918)
Day:1 
(1, 48, 200, -38.410505998228565, 2116.0, (-65.6011018745159, -67.57135154105218, 27.220158936072703, 7.749857730997845), 8.875144004821777)
Day:1 
(1, 49, 200, -36.20531302704876, 121.0, (-50.959156647023626, -58.75277729405148, -26.625362600016636, 7.749857730997845), 8.746483087539673)
Day:1 
(1, 50, 200, -36.91707965653335, 324.0, (-95.23016893541133, -58.75277729405148, -62.02298774963826, 22.557782622532677), 8.886790990829468)
Day:2 
(2, 0, 200, -14381.153942741827, 1048014.0, (-95.23016893541133, -58.75277729405148, -62.02298774963826, 22.557782622532677), 10.478580951690674)
Day:2 
(2, 1, 200, -14308.63504316399, 904945.0, (-95.23016893541133, -131.93770973467392, -49.161207163949086, 22.557782622532677), 46.974931955337524)
Day:2 
(2, 2, 200, -14308.63504316399, 904945.0, (-95.23016893541133, -131.93770973467392, -49.161207163949086, 22.557782622532677), 46.48027801513672)
Day:2 
(2, 3, 200, -14308.63504316399, 904945.0, (-95.23016893541133, -131.93770973467392, -49.161207163949086, 22.557782622532677), 46.24777412414551)
Day:2 
(2, 4, 200, -14308.63504316399, 904945.0, (-95.23016893541133, -131.93770973467392, -49.161207163949086, 22.557782622532677), 46.20982599258423)
Day:2 
(2, 5, 200, -14308.63504316399, 904945.0, (-95.23016893541133, -131.93770973467392, -49.161207163949086, 22.557782622532677), 47.14483404159546)
Day:2 
(2, 6, 200, -14308.63504316399, 904945.0, (-95.23016893541133, -131.93770973467392, -49.161207163949086, 22.557782622532677), 46.76738381385803)
Day:2 
(2, 7, 200, -14273.579704077356, 835614.0, (-95.23016893541133, -64.30923070014892, -49.161207163949086, 22.557782622532677), 46.77919006347656)
Day:2 
(2, 8, 200, -14273.579704077356, 835614.0, (-95.23016893541133, -64.30923070014892, -49.161207163949086, 22.557782622532677), 48.74976396560669)
Day:2 
(2, 9, 200, -14273.579704077356, 835614.0, (-95.23016893541133, -64.30923070014892, -49.161207163949086, 22.557782622532677), 48.41026997566223)
Day:2 
(2, 10, 200, -14273.579704077356, 835614.0, (-95.23016893541133, -64.30923070014892, -49.161207163949086, 22.557782622532677), 46.85867404937744)
Day:2 
(2, 11, 200, -14273.579704077356, 835614.0, (-95.23016893541133, -64.30923070014892, -49.161207163949086, 22.557782622532677), 46.5982129573822)
Day:2 
(2, 12, 200, -14273.579704077356, 835614.0, (-95.23016893541133, -64.30923070014892, -49.161207163949086, 22.557782622532677), 46.221782207489014)
Day:2 
(2, 13, 200, -14273.579704077356, 835614.0, (-95.23016893541133, -64.30923070014892, -49.161207163949086, 22.557782622532677), 48.653889894485474)
Day:2 
(2, 14, 200, -14273.579704077356, 835614.0, (-95.23016893541133, -64.30923070014892, -49.161207163949086, 22.557782622532677), 48.08695602416992)
Day:2 
(2, 15, 200, -14273.579704077356, 835614.0, (-95.23016893541133, -64.30923070014892, -49.161207163949086, 22.557782622532677), 49.237818002700806)
Day:2 
(2, 16, 200, -14273.579704077356, 835614.0, (-95.23016893541133, -64.30923070014892, -49.161207163949086, 22.557782622532677), 48.99998092651367)
Day:2 
(2, 17, 200, -14273.579704077356, 835614.0, (-95.23016893541133, -64.30923070014892, -49.161207163949086, 22.557782622532677), 52.684553146362305)
Day:2 
(2, 18, 200, -14273.579704077356, 835614.0, (-95.23016893541133, -64.30923070014892, -49.161207163949086, 22.557782622532677), 49.192192792892456)
Day:2 
(2, 19, 200, -14273.579704077356, 835614.0, (-95.23016893541133, -64.30923070014892, -49.161207163949086, 22.557782622532677), 46.88568115234375)
Day:2 
(2, 20, 200, -14273.579704077356, 835614.0, (-95.23016893541133, -64.30923070014892, -49.161207163949086, 22.557782622532677), 49.3145649433136)
Day:2 
(2, 21, 200, -14273.579704077356, 835614.0, (-95.23016893541133, -64.30923070014892, -49.161207163949086, 22.557782622532677), 46.07036304473877)
Day:2 
(2, 22, 200, -14262.92165059558, 815958.0, (-95.23016893541133, -64.30923070014892, -49.161207163949086, 22.557782622532677), 48.20056104660034)
Day:2 
(2, 23, 200, -14262.92165059558, 815958.0, (-95.23016893541133, -64.30923070014892, -49.161207163949086, 22.557782622532677), 49.961246967315674)
Day:2 
(2, 24, 200, -14262.92165059558, 815958.0, (-95.23016893541133, -64.30923070014892, -49.161207163949086, 22.557782622532677), 51.43284487724304)
Day:2 
(2, 25, 200, -14262.92165059558, 815958.0, (-95.23016893541133, -64.30923070014892, -49.161207163949086, 22.557782622532677), 47.13182997703552)
Day:2 
(2, 26, 200, -14262.92165059558, 815958.0, (-95.23016893541133, -64.30923070014892, -49.161207163949086, 22.557782622532677), 47.857545137405396)
Day:2 
(2, 27, 200, -14262.92165059558, 815958.0, (-95.23016893541133, -64.30923070014892, -49.161207163949086, 22.557782622532677), 49.278931856155396)
Day:2 
(2, 28, 200, -14262.92165059558, 815958.0, (-95.23016893541133, -64.30923070014892, -49.161207163949086, 22.557782622532677), 48.33603119850159)
Day:2 
(2, 29, 200, -14262.92165059558, 815958.0, (-95.23016893541133, -64.30923070014892, -49.161207163949086, 22.557782622532677), 48.80404186248779)
Day:2 
(2, 30, 200, -14262.92165059558, 815958.0, (-95.23016893541133, -64.30923070014892, -49.161207163949086, 22.557782622532677), 47.10887813568115)
Day:2 
(2, 31, 200, -14262.92165059558, 815958.0, (-95.23016893541133, -64.30923070014892, -49.161207163949086, 22.557782622532677), 48.43646597862244)
Day:2 
(2, 32, 200, -14262.92165059558, 815958.0, (-95.23016893541133, -64.30923070014892, -49.161207163949086, 22.557782622532677), 47.40068697929382)
Day:2 
(2, 33, 200, -14262.92165059558, 815958.0, (-95.23016893541133, -64.30923070014892, -49.161207163949086, 22.557782622532677), 46.172971963882446)
Day:2 
(2, 34, 200, -14262.92165059558, 815958.0, (-95.23016893541133, -64.30923070014892, -49.161207163949086, 22.557782622532677), 47.244428873062134)
Day:2 
(2, 35, 200, -14262.92165059558, 815958.0, (-95.23016893541133, -64.30923070014892, -49.161207163949086, 22.557782622532677), 46.114896059036255)
Day:2 
(2, 36, 200, -14262.92165059558, 815958.0, (-95.23016893541133, -64.30923070014892, -49.161207163949086, 22.557782622532677), 47.90352416038513)
Day:2 
(2, 37, 200, -14262.92165059558, 815958.0, (-95.23016893541133, -64.30923070014892, -49.161207163949086, 22.557782622532677), 46.13116979598999)
Day:2 
(2, 38, 200, -14265.569705346674, 820845.0, (-95.23016893541133, -64.30923070014892, -49.161207163949086, 22.557782622532677), 47.09180998802185)
Day:2 
(2, 39, 200, -14265.569705346674, 820845.0, (-95.23016893541133, -64.30923070014892, -49.161207163949086, 22.557782622532677), 48.20828604698181)
Day:2 
(2, 40, 200, -14265.569705346674, 820845.0, (-95.23016893541133, -64.30923070014892, -49.161207163949086, 22.557782622532677), 46.170621156692505)
Day:2 
(2, 41, 200, -14265.569705346674, 820845.0, (-95.23016893541133, -64.30923070014892, -49.161207163949086, 22.557782622532677), 48.23106598854065)
Day:2 
(2, 42, 200, -14265.569705346674, 820845.0, (-95.23016893541133, -64.30923070014892, -49.161207163949086, 22.557782622532677), 49.94411087036133)
Day:2 
(2, 43, 200, -14265.569705346674, 820845.0, (-95.23016893541133, -64.30923070014892, -49.161207163949086, 22.557782622532677), 47.746472120285034)
Day:2 
(2, 44, 200, -14265.569705346674, 820845.0, (-95.23016893541133, -64.30923070014892, -49.161207163949086, 22.557782622532677), 47.205055952072144)
Day:2 
(2, 45, 200, -14265.569705346674, 820845.0, (-95.23016893541133, -64.30923070014892, -49.161207163949086, 22.557782622532677), 47.29792094230652)
Day:2 
(2, 46, 200, -14265.569705346674, 820845.0, (-95.23016893541133, -64.30923070014892, -49.161207163949086, 22.557782622532677), 51.512104988098145)
Day:2 
(2, 47, 200, -14265.569705346674, 820845.0, (-95.23016893541133, -64.30923070014892, -49.161207163949086, 22.557782622532677), 46.95556116104126)
Day:2 
(2, 48, 200, -14265.569705346674, 820845.0, (-95.23016893541133, -64.30923070014892, -49.161207163949086, 22.557782622532677), 49.26564979553223)
Day:2 
(2, 49, 200, -14265.569705346674, 820845.0, (-95.23016893541133, -64.30923070014892, -49.161207163949086, 22.557782622532677), 47.155646085739136)
Day:2 
(2, 50, 200, -14265.569705346674, 820845.0, (-95.23016893541133, -64.30923070014892, -49.161207163949086, 22.557782622532677), 49.562336921691895)
Day:3 
(3, 0, 200, -27035.587727790655, 780042.0, (-95.23016893541133, -64.30923070014892, -49.161207163949086, 22.557782622532677), 10.884032011032104)
Day:3 
(3, 1, 200, -26974.929704494763, 677090.0, (-95.23016893541133, -64.30923070014892, -49.161207163949086, 22.557782622532677), 64.6737539768219)
Day:3 
(3, 2, 200, -26974.929704494763, 677090.0, (-95.23016893541133, -64.30923070014892, -49.161207163949086, 22.557782622532677), 65.25089001655579)
Day:3 
(3, 3, 200, -26974.929704494763, 677090.0, (-95.23016893541133, -64.30923070014892, -49.161207163949086, 22.557782622532677), 68.42190408706665)
Day:3 
(3, 4, 200, -26974.929704494763, 677090.0, (-95.23016893541133, -64.30923070014892, -49.161207163949086, 22.557782622532677), 66.78180503845215)
Day:3 
(3, 5, 200, -26974.929704494763, 677090.0, (-95.23016893541133, -64.30923070014892, -49.161207163949086, 22.557782622532677), 67.76397204399109)
Day:3 
(3, 6, 200, -26974.929704494763, 677090.0, (-95.23016893541133, -64.30923070014892, -49.161207163949086, 22.557782622532677), 65.94157791137695)
Day:3 
(3, 7, 200, -26974.929704494763, 677090.0, (-95.23016893541133, -64.30923070014892, -49.161207163949086, 22.557782622532677), 68.16560792922974)
Day:3 
(3, 8, 200, -26974.929704494763, 677090.0, (-95.23016893541133, -64.30923070014892, -49.161207163949086, 22.557782622532677), 65.3260760307312)
Day:3 
(3, 9, 200, -26974.929704494763, 677090.0, (-95.23016893541133, -64.30923070014892, -49.161207163949086, 22.557782622532677), 66.278156042099)
Day:3 
(3, 10, 200, -26974.929704494763, 677090.0, (-95.23016893541133, -64.30923070014892, -49.161207163949086, 22.557782622532677), 66.9640588760376)
Day:3 
(3, 11, 200, -26974.929704494763, 677090.0, (-95.23016893541133, -64.30923070014892, -49.161207163949086, 22.557782622532677), 64.5404920578003)
Day:3 
(3, 12, 200, -26857.670985957422, 939384.0, (-95.23016893541133, 29.338788452788986, -49.161207163949086, 22.557782622532677), 65.87692308425903)
Day:3 
(3, 13, 200, -26858.303183647855, 939387.0, (-95.23016893541133, 29.338788452788986, -49.161207163949086, 22.557782622532677), 88.92917895317078)
Day:3 
(3, 14, 200, -26854.42388832416, 939383.0, (-95.23016893541133, 29.338788452788986, -49.161207163949086, 22.557782622532677), 85.59199404716492)
Day:3 
(3, 15, 200, -26854.42388832416, 939383.0, (-95.23016893541133, 29.338788452788986, -49.161207163949086, 22.557782622532677), 73.35588502883911)
Day:3 
(3, 16, 200, -26854.42388832416, 939383.0, (-95.23016893541133, 29.338788452788986, -49.161207163949086, 22.557782622532677), 81.44283294677734)
Day:3 
(3, 17, 200, -26854.484837814285, 939382.0, (-95.23016893541133, 29.338788452788986, -49.161207163949086, 22.557782622532677), 71.0487129688263)
Day:3 
(3, 18, 200, -26822.986331756503, 878587.0, (-95.23016893541133, 29.338788452788986, -49.161207163949086, 22.557782622532677), 70.88194394111633)
Day:3 
(3, 19, 200, -26823.557579956807, 878591.0, (-95.23016893541133, 29.338788452788986, -49.161207163949086, 22.557782622532677), 92.44991207122803)
Day:3 
(3, 20, 200, -26823.557579956807, 878591.0, (-95.23016893541133, 29.338788452788986, -49.161207163949086, 22.557782622532677), 77.70658206939697)
Day:3 
(3, 21, 200, -26823.557579956807, 878591.0, (-95.23016893541133, 29.338788452788986, -49.161207163949086, 22.557782622532677), 78.50444197654724)
Day:3 
(3, 22, 200, -26823.557579956807, 878591.0, (-95.23016893541133, 29.338788452788986, -49.161207163949086, 22.557782622532677), 84.42531204223633)
Day:3 
(3, 23, 200, -26822.925382266374, 878588.0, (-95.23016893541133, 29.338788452788986, -49.161207163949086, 22.557782622532677), 80.01617383956909)
Day:3 
(3, 24, 200, -26824.59524275535, 878596.0, (-95.23016893541133, 29.338788452788986, -49.161207163949086, 22.557782622532677), 69.07224702835083)
Day:3 
(3, 25, 200, -26823.557579956807, 878591.0, (-95.23016893541133, 29.338788452788986, -49.161207163949086, 22.557782622532677), 74.2405321598053)
Day:3 
(3, 26, 200, -26823.557579956807, 878591.0, (-95.23016893541133, 29.338788452788986, -49.161207163949086, 22.557782622532677), 79.27373600006104)
Day:3 
(3, 27, 200, -25388.935959479353, 744114.0, (-95.23016893541133, 77.09806875617437, 56.29020895334293, 22.557782622532677), 60.9760468006134)
Day:3 
(3, 28, 200, -25388.935959479353, 744114.0, (-95.23016893541133, 77.09806875617437, 56.29020895334293, 22.557782622532677), 88.80519819259644)
Day:3 
(3, 29, 200, -25388.935959479353, 744114.0, (-95.23016893541133, 77.09806875617437, 56.29020895334293, 22.557782622532677), 75.33476281166077)
Day:3 
(3, 30, 200, -25388.935959479353, 744114.0, (-95.23016893541133, 77.09806875617437, 56.29020895334293, 22.557782622532677), 79.70454216003418)
Day:3 
(3, 31, 200, -25388.935959479353, 744114.0, (-95.23016893541133, 77.09806875617437, 56.29020895334293, 22.557782622532677), 76.91910791397095)
Day:3 
(3, 32, 200, -25388.935959479353, 744114.0, (-95.23016893541133, 77.09806875617437, 56.29020895334293, 22.557782622532677), 84.20811009407043)
Day:3 
(3, 33, 200, -24245.155077396477, 559983.0, (-39.05649995415515, 77.09806875617437, 56.29020895334293, 22.557782622532677), 71.77375984191895)
Day:3 
(3, 34, 200, -24188.953225901874, 559701.0, (-39.05649995415515, 77.09806875617437, 56.29020895334293, 22.557782622532677), 89.69152498245239)
Day:3 
(3, 35, 200, -24186.39395094622, 559681.0, (-39.05649995415515, 77.09806875617437, 56.29020895334293, 22.557782622532677), 95.97398710250854)
Day:3 
(3, 36, 200, -23839.038294635753, 558337.0, (-39.05649995415515, 77.09806875617437, 56.29020895334293, 22.557782622532677), 93.31523990631104)
Day:3 
(3, 37, 200, -23837.654841016487, 558325.0, (-39.05649995415515, 77.09806875617437, 56.29020895334293, 22.557782622532677), 98.6977961063385)
Day:3 
(3, 38, 200, -23838.06314686645, 558321.0, (-39.05649995415515, 77.09806875617437, 56.29020895334293, 22.557782622532677), 105.23790001869202)
Day:3 
(3, 39, 200, -23830.34582866766, 555621.0, (-39.05649995415515, 77.09806875617437, 56.29020895334293, 22.557782622532677), 100.2058310508728)
Day:3 
(3, 40, 200, -23576.95347788885, 563723.0, (-39.05649995415515, 77.09806875617437, 56.29020895334293, 25.72197786972124), 82.66399884223938)
Day:3 
(3, 41, 200, -23531.913576349623, 555494.0, (-39.05649995415515, 77.09806875617437, 56.29020895334293, 25.72197786972124), 84.12326407432556)
Day:3 
(3, 42, 200, -23531.913576349623, 555494.0, (-39.05649995415515, 77.09806875617437, 56.29020895334293, 25.72197786972124), 76.01619696617126)
Day:3 
(3, 43, 200, -23370.715462667606, 656435.0, (-39.05649995415515, 77.09806875617437, 56.29020895334293, 40.51504643553324), 80.11779999732971)
Day:3 
(3, 44, 200, -23372.384608024095, 658169.0, (-39.05649995415515, 77.09806875617437, 56.29020895334293, 40.51504643553324), 84.54351711273193)
Day:3 
(3, 45, 200, -23369.54152116075, 654026.0, (-39.05649995415515, 77.09806875617437, 56.29020895334293, 40.51504643553324), 78.9149420261383)
Day:3 
(3, 46, 200, -23346.36166922232, 620201.0, (-39.05649995415515, 77.09806875617437, 56.29020895334293, 40.51504643553324), 86.99361896514893)
Day:3 
(3, 47, 200, -16779.748495780364, 289080.0, (-6.330208949107627, 77.09806875617437, 56.29020895334293, 40.51504643553324), 82.88653087615967)
Day:3 
(3, 48, 200, -13219.425029726728, 563331.0, (-6.330208949107627, 77.09806875617437, 38.71364560375433, 40.51504643553324), 83.0540611743927)
Day:3 
(3, 49, 200, -11944.021884261285, 336566.0, (0.45025520052651463, 77.09806875617437, 38.71364560375433, 40.51504643553324), 117.17547392845154)
Day:3 
(3, 50, 200, -11853.838222882023, 339183.0, (0.45025520052651463, 77.09806875617437, 30.218930452935677, 40.51504643553324), 86.50015687942505)