
Day:1 
(1, 0, 200, -31.61732395792403, 64.0, (20.165083231124136, -10.943959889885134, -11.550638719594952, 22.031505087388343), 3.9596939086914062)
Day:1 
(1, 1, 200, -31.76088218318589, 324.0, (2.781189385159968, -10.943959889885134, -18.339357334259166, 22.031505087388343), 8.058106899261475)
Day:1 
(1, 2, 200, -32.00278875261013, 25.0, (15.164143373440561, 9.241610847534966, 33.24859399865479, 22.031505087388343), 8.65402102470398)
Day:1 
(1, 3, 200, -32.22271005696675, 169.0, (19.988502487250532, 7.839133125835685, 33.24859399865479, 22.031505087388343), 8.768867015838623)
Day:1 
(1, 4, 200, -32.2221569738262, 576.0, (21.230542136253845, 7.839133125835685, 18.45705596195269, 22.031505087388343), 8.80319094657898)
Day:1 
(1, 5, 200, -33.80471153658911, 0.0, (21.230542136253845, -5.8542766013090395, 64.95906107050732, 22.031505087388343), 8.886444091796875)
Day:1 
(1, 6, 200, -32.628085940056096, 529.0, (-39.82404813182417, 3.52447621662324, -2.030533389545036, 22.031505087388343), 8.677485942840576)
Day:1 
(1, 7, 200, -35.61581388238815, 3721.0, (12.92425369899902, -41.03242584916776, -2.030533389545036, 12.12711466456744), 8.415374994277954)
Day:1 
(1, 8, 200, -31.539820592568436, 25.0, (-13.588529603266398, -27.68858596820275, -7.880633534119675, 7.711164441176431), 8.309806108474731)
Day:1 
(1, 9, 200, -33.91279083213986, 256.0, (-11.055503987373845, -36.49075822872805, -7.880633534119675, 58.530736652777435), 8.546026945114136)
Day:1 
(1, 10, 200, -32.061604618698794, 400.0, (-23.732531441050817, -19.589326385690622, 1.6921119851645021, 20.18841364258795), 8.12539291381836)
Day:1 
(1, 11, 200, -32.1695315275745, 529.0, (-6.175523837526308, 28.512032079396135, 1.6921119851645021, 20.18841364258795), 8.680610179901123)
Day:1 
(1, 12, 200, -34.469590223302866, 2209.0, (-13.532706500340126, 28.512032079396135, 29.448500039935194, 20.18841364258795), 8.856740951538086)
Day:1 
(1, 13, 200, -31.77988633252298, 196.0, (-2.975392068076542, 16.45148393016382, 24.59610195810359, 17.11536547250609), 8.512542963027954)
Day:1 
(1, 14, 200, -32.89449442954734, 400.0, (-29.748466012024036, 33.701379976625034, 24.59610195810359, 15.192687536655166), 8.697128057479858)
Day:1 
(1, 15, 200, -34.1582808742746, 25.0, (-29.748466012024036, -36.875381750754194, -28.652112668809924, 52.068872976125846), 8.710996866226196)
Day:1 
(1, 16, 200, -35.41831397071925, 2209.0, (-4.208798328504135, -6.752825421068445, -22.961724647694417, 60.49587838471756), 8.57263708114624)
Day:1 
(1, 17, 200, -33.72718728858707, 529.0, (6.794407137924587, 14.572654339324568, 12.165193275775513, 60.49587838471756), 8.359263896942139)
Day:1 
(1, 18, 200, -34.97455433588585, 16.0, (-40.69883587244698, -40.77832155441928, -17.077014963753783, 60.49587838471756), 8.807037115097046)
Day:1 
(1, 19, 200, -31.35944714964574, 49.0, (-13.13084656163905, -19.2102632662289, 11.589734962615317, 4.24169955397705), 8.49920105934143)
Day:1 
(1, 20, 200, -31.05141593544769, 0.0, (0.7436028932393984, -8.723131853636326, 11.589734962615317, 4.24169955397705), 8.864312887191772)
Day:1 
(1, 21, 200, -31.916383036856015, 361.0, (0.5871475354812172, -16.924465322063433, 28.14576669639065, 9.23864581936358), 8.472003936767578)
Day:1 
(1, 22, 200, -36.30868487114493, 676.0, (-25.705404748037367, 14.012809610058968, -73.50839273783518, 41.51144994122379), 8.380073070526123)
Day:1 
(1, 23, 200, -32.774419304507035, 169.0, (26.774757015858384, 10.70726669969733, 21.513826167171796, 41.51144994122379), 9.163872957229614)
Day:1 
(1, 24, 200, -35.26415823582818, 729.0, (-48.757602957062524, 48.068463607141794, -7.1501360883662475, 41.51144994122379), 8.426229000091553)
Day:1 
(1, 25, 200, -33.942525369577325, 841.0, (-45.77723113574694, -3.74278657937529, -7.1501360883662475, 41.40994412483332), 8.102821111679077)
Day:1 
(1, 26, 200, -31.492674452889023, 64.0, (-9.391074090594806, -26.737089434824096, -7.1501360883662475, 7.164349419727087), 8.424535036087036)
Day:1 
(1, 27, 200, -34.0572084049439, 1024.0, (-60.1595781630454, 4.509623741923268, -7.1501360883662475, 7.164349419727087), 8.902984857559204)
Day:1 
(1, 28, 200, -34.64809638335722, 1089.0, (-12.401604902886577, 51.089826193527664, -7.1501360883662475, 43.23887630208094), 8.546645164489746)
Day:1 
(1, 29, 200, -33.38315477128333, 1089.0, (-9.943356368658543, 15.19323880472776, 18.238318931416686, 43.23887630208094), 8.328504800796509)
Day:1 
(1, 30, 200, -31.507525117785796, 100.0, (-9.943356368658543, 14.22677954357869, 21.03867059165879, 10.995880455173422), 8.73781418800354)
Day:1 
(1, 31, 200, -31.731487487605854, 9.0, (18.157478806047532, -23.227567163541526, 19.47603228528301, 14.009367864727734), 8.917972803115845)
Day:1 
(1, 32, 200, -33.811008111738275, 100.0, (-63.330797632450235, -19.27959768172622, -20.801511874533098, 14.009367864727734), 8.724038124084473)
Day:1 
(1, 33, 200, -31.873088945530117, 1.0, (8.298877455045753, -19.27959768172622, 35.27664846386324, 5.007657494373324), 8.473630905151367)
Day:1 
(1, 34, 200, -32.731758842278765, 400.0, (-33.41081040070266, -12.142306352388784, 35.27664846386324, -2.2357497331588045), 8.86714506149292)
Day:1 
(1, 35, 200, -33.445171483053585, 256.0, (-33.41081040070266, -16.415778281046432, 35.27664846386324, 37.86369109433464), 9.19728398323059)
Day:1 
(1, 36, 200, -34.91914063321852, 121.0, (3.079129641898666, 14.44103797955867, -54.981913066564935, 37.86369109433464), 9.069672107696533)
Day:1 
(1, 37, 200, -35.6534091398658, 2601.0, (3.9929998678615606, 12.421930884394461, 42.72607186170512, 40.85888218002174), 8.730729818344116)
Day:1 
(1, 38, 200, -34.41682631936604, 16.0, (3.9929998678615606, 0.13994189573481858, -5.124815713570357, 78.84915786735854), 8.611615180969238)
Day:1 
(1, 39, 200, -35.937219394207844, 49.0, (38.033027297819636, -34.74347449773936, 7.933944800148916, 78.84915786735854), 8.3363618850708)
Day:1 
(1, 40, 200, -33.02792948839915, 324.0, (-11.31559185977401, -25.028331113040856, 33.70375362656511, 36.59927157614232), 8.613219976425171)
Day:1 
(1, 41, 200, -33.23024798672436, 169.0, (-48.02235830811669, -36.525039088393456, 10.589933163830237, -9.257316523001824), 8.671796083450317)
Day:1 
(1, 42, 200, -34.04765890762657, 361.0, (-48.02235830811669, 0.22723710182623053, -17.318191290661648, 48.93360105750871), 8.965127944946289)
Day:1 
(1, 43, 200, -33.730153042792594, 400.0, (10.492316934219831, -59.48128922274396, -2.1134153229199995, 26.61236934235647), 8.451884984970093)
Day:1 
(1, 44, 200, -32.60279402428421, 144.0, (-21.880985401665594, 27.486254955045727, -27.566210717292044, 26.61236934235647), 8.568510055541992)
Day:1 
(1, 45, 200, -34.87588995923546, 361.0, (-63.68689727547516, -31.101389505999578, -27.566210717292044, 26.61236934235647), 8.731144905090332)
Day:1 
(1, 46, 200, -32.16489768198192, 16.0, (-14.590294323105208, -31.101389505999578, -18.024128137000087, 26.61236934235647), 9.134729146957397)
Day:1 
(1, 47, 200, -31.968852826154937, 324.0, (-6.026212481841478, 12.765895591195692, -19.317567227217417, 26.61236934235647), 8.737776041030884)
Day:1 
(1, 48, 200, -32.44853964187892, 484.0, (-20.985903273439504, -22.586049574833797, -13.757304958452742, 26.61236934235647), 8.87120795249939)
Day:1 
(1, 49, 200, -31.620120663351578, 256.0, (-4.180721066914807, -18.101433049660788, -14.080957494992322, 16.478202196867908), 9.072957038879395)
Day:1 
(1, 50, 200, -31.762176390366246, 361.0, (-13.10375484235459, 7.551993691011752, -18.42056127449736, 16.21675009389165), 8.671629905700684)
Day:2 
(2, 0, 200, -14319.15975269555, 936445.0, (-13.10375484235459, 7.551993691011752, -18.42056127449736, 16.21675009389165), 10.683664083480835)
Day:2 
(2, 1, 200, -14319.15975269555, 936445.0, (-13.10375484235459, 7.551993691011752, -18.42056127449736, 16.21675009389165), 61.87109184265137)
Day:2 
(2, 2, 200, -14319.15975269555, 936445.0, (-13.10375484235459, 7.551993691011752, -18.42056127449736, 16.21675009389165), 61.36179518699646)
Day:2 
(2, 3, 200, -14319.15975269555, 936445.0, (-13.10375484235459, 7.551993691011752, -18.42056127449736, 16.21675009389165), 58.697380781173706)
Day:2 
(2, 4, 200, -12698.007507586712, 957864.0, (5.60581214022209, 7.551993691011752, -18.42056127449736, 16.21675009389165), 101.4881591796875)
Day:2 
(2, 5, 200, -3729.44505495253, 134769.0, (5.60581214022209, 14.027177947155081, 40.90320574607288, 16.21675009389165), 91.11328101158142)
Day:2 
(2, 6, 200, -1993.7629614246273, 173928.0, (5.60581214022209, 36.08845126280248, 37.51453035851263, 16.21675009389165), 86.09721088409424)
Day:2 
(2, 7, 200, -1969.052888943519, 173367.0, (5.60581214022209, 36.08845126280248, 37.51453035851263, 16.21675009389165), 84.00327897071838)
Day:2 
(2, 8, 200, -1095.0268150563115, 108231.0, (5.60581214022209, 27.959137294809963, 37.51453035851263, 16.21675009389165), 89.17054200172424)
Day:2 
(2, 9, 200, -1060.797257637026, 93713.0, (5.60581214022209, 27.959137294809963, 37.51453035851263, 16.21675009389165), 62.011131048202515)
Day:2 
(2, 10, 200, -1056.9977697073327, 90757.0, (5.60581214022209, 27.959137294809963, 37.51453035851263, 16.21675009389165), 58.125000953674316)
Day:2 
(2, 11, 200, -1041.4841601175049, 88855.0, (5.60581214022209, 27.959137294809963, 37.51453035851263, 16.21675009389165), 67.89762210845947)
Day:2 
(2, 12, 200, -1042.377936430012, 88924.0, (5.60581214022209, 27.959137294809963, 37.51453035851263, 16.21675009389165), 80.77304792404175)
Day:2 
(2, 13, 200, -1041.9447996079466, 88491.0, (5.60581214022209, 27.959137294809963, 37.51453035851263, 16.21675009389165), 65.59764909744263)
Day:2 
(2, 14, 200, -1035.757481775196, 88517.0, (5.60581214022209, 27.959137294809963, 37.51453035851263, 16.21675009389165), 75.52593684196472)
Day:2 
(2, 15, 200, -1037.860281246119, 88657.0, (5.60581214022209, 27.959137294809963, 37.51453035851263, 16.21675009389165), 63.50336718559265)
Day:2 
(2, 16, 200, -1033.096925884735, 88343.0, (5.60581214022209, 27.959137294809963, 37.51453035851263, 16.21675009389165), 71.86992192268372)
Day:2 
(2, 17, 200, -1031.399666302386, 87948.0, (5.60581214022209, 27.959137294809963, 37.51453035851263, 16.21675009389165), 84.50345206260681)
Day:2 
(2, 18, 200, -1032.1071530425531, 88232.0, (5.60581214022209, 27.959137294809963, 37.51453035851263, 16.21675009389165), 65.16498303413391)
Day:2 
(2, 19, 200, -1016.1304715004578, 87953.0, (5.60581214022209, 27.959137294809963, 37.51453035851263, 16.21675009389165), 66.21503686904907)
Day:2 
(2, 20, 200, -1016.4125888539791, 87833.0, (5.60581214022209, 27.959137294809963, 37.51453035851263, 16.21675009389165), 74.82540702819824)
Day:2 
(2, 21, 200, -1011.2969874445622, 86153.0, (5.60581214022209, 27.959137294809963, 37.51453035851263, 16.21675009389165), 66.15796709060669)
Day:2 
(2, 22, 200, -1011.2969874445622, 86153.0, (5.60581214022209, 27.959137294809963, 37.51453035851263, 16.21675009389165), 71.29468297958374)
Day:2 
(2, 23, 200, -1010.5130631829222, 85711.0, (5.60581214022209, 27.959137294809963, 37.51453035851263, 16.21675009389165), 63.42565083503723)
Day:2 
(2, 24, 200, -997.4734302782772, 85328.0, (5.60581214022209, 27.959137294809963, 37.51453035851263, 16.21675009389165), 73.83445000648499)
Day:2 
(2, 25, 200, -992.9341688104831, 81962.0, (5.60581214022209, 27.959137294809963, 37.51453035851263, 16.21675009389165), 66.65053915977478)
Day:2 
(2, 26, 200, -993.2150476057008, 81903.0, (5.60581214022209, 27.959137294809963, 37.51453035851263, 16.21675009389165), 76.5687038898468)
Day:2 
(2, 27, 200, -993.7223203106379, 81843.0, (5.60581214022209, 27.959137294809963, 37.51453035851263, 16.21675009389165), 65.85513997077942)
Day:2 
(2, 28, 200, -992.3978979092543, 80231.0, (5.60581214022209, 27.959137294809963, 37.51453035851263, 16.21675009389165), 65.70727515220642)
Day:2 
(2, 29, 200, -983.3272951463242, 80255.0, (5.60581214022209, 27.959137294809963, 37.51453035851263, 16.21675009389165), 58.56019878387451)
Day:2 
(2, 30, 200, -983.8588698887357, 80264.0, (5.60581214022209, 27.959137294809963, 37.51453035851263, 16.21675009389165), 84.7716281414032)
Day:2 
(2, 31, 200, -983.573192488786, 80237.0, (5.60581214022209, 27.959137294809963, 37.51453035851263, 16.21675009389165), 73.14227986335754)
Day:2 
(2, 32, 200, -983.573192488786, 80237.0, (5.60581214022209, 27.959137294809963, 37.51453035851263, 16.21675009389165), 68.53837013244629)
Day:2 
(2, 33, 200, -982.5101736903523, 80012.0, (5.60581214022209, 27.959137294809963, 37.51453035851263, 16.21675009389165), 62.756319999694824)
Day:2 
(2, 34, 200, -983.0417484327638, 80021.0, (5.60581214022209, 27.959137294809963, 37.51453035851263, 16.21675009389165), 55.64072608947754)
Day:2 
(2, 35, 200, -985.6935126279993, 81365.0, (5.60581214022209, 27.959137294809963, 37.51453035851263, 16.21675009389165), 74.3184928894043)
Day:2 
(2, 36, 200, -985.7921453963712, 81471.0, (5.60581214022209, 27.959137294809963, 37.51453035851263, 16.21675009389165), 75.24707794189453)
Day:2 
(2, 37, 200, -985.975679760738, 81708.0, (5.60581214022209, 27.959137294809963, 37.51453035851263, 16.21675009389165), 62.188498973846436)
Day:2 
(2, 38, 200, -986.9026444679826, 81679.0, (5.60581214022209, 27.959137294809963, 37.51453035851263, 16.21675009389165), 59.85019516944885)
Day:2 
(2, 39, 200, -986.965150277435, 81667.0, (5.60581214022209, 27.959137294809963, 37.51453035851263, 16.21675009389165), 77.81007790565491)
Day:2 
(2, 40, 200, -987.3075896947722, 81855.0, (5.60581214022209, 27.959137294809963, 37.51453035851263, 16.21675009389165), 70.254399061203)
Day:2 
(2, 41, 200, -986.4681281919505, 81522.0, (5.60581214022209, 27.959137294809963, 37.51453035851263, 16.21675009389165), 55.90015506744385)
Day:2 
(2, 42, 200, -986.4681281919505, 81522.0, (5.60581214022209, 27.959137294809963, 37.51453035851263, 16.21675009389165), 62.61540198326111)
Day:2 
(2, 43, 200, -984.1440336831844, 81118.0, (5.60581214022209, 27.959137294809963, 37.51453035851263, 16.21675009389165), 71.72291898727417)
Day:2 
(2, 44, 200, -984.1440336831844, 81118.0, (5.60581214022209, 27.959137294809963, 37.51453035851263, 16.21675009389165), 70.99163389205933)
Day:2 
(2, 45, 200, -984.1904267562103, 81139.0, (5.60581214022209, 27.959137294809963, 37.51453035851263, 16.21675009389165), 76.10632610321045)
Day:2 
(2, 46, 200, -982.7316634318651, 81367.0, (5.60581214022209, 27.959137294809963, 37.51453035851263, 16.21675009389165), 68.82079601287842)
Day:2 
(2, 47, 200, -982.9157123196488, 81268.0, (5.60581214022209, 27.959137294809963, 37.51453035851263, 16.21675009389165), 76.92840480804443)
Day:2 
(2, 48, 200, -984.6292218583081, 81295.0, (5.60581214022209, 27.959137294809963, 37.51453035851263, 16.21675009389165), 98.20853614807129)
Day:2 
(2, 49, 200, -983.7177525486087, 81338.0, (5.60581214022209, 27.959137294809963, 37.51453035851263, 16.21675009389165), 63.43834400177002)
Day:2 
(2, 50, 200, -984.0673019847147, 81266.0, (5.60581214022209, 27.959137294809963, 37.51453035851263, 16.21675009389165), 55.22638487815857)
Day:3 
(3, 0, 200, -4294.855087267762, 211430.0, (5.60581214022209, 27.959137294809963, 37.51453035851263, 16.21675009389165), 16.3816020488739)
Day:3 
(3, 1, 200, -2272.120872704513, 185096.0, (5.60581214022209, 27.959137294809963, 29.36451063175923, 16.21675009389165), 118.24136590957642)
Day:3 
(3, 2, 200, -2261.22064721048, 185051.0, (5.60581214022209, 27.959137294809963, 29.36451063175923, 16.21675009389165), 142.44702219963074)
Day:3 
(3, 3, 200, -2255.0469986632397, 185030.0, (5.60581214022209, 27.959137294809963, 29.36451063175923, 16.21675009389165), 125.81581687927246)
Day:3 
(3, 4, 200, -2252.9449093535122, 185099.0, (5.60581214022209, 27.959137294809963, 29.36451063175923, 16.21675009389165), 153.25653195381165)
Day:3 
(3, 5, 200, -2249.9746702575394, 184909.0, (5.60581214022209, 27.959137294809963, 29.36451063175923, 16.21675009389165), 147.8106710910797)
Day:3 
(3, 6, 200, -2209.6899659353994, 182509.0, (5.60581214022209, 27.959137294809963, 29.36451063175923, 16.21675009389165), 141.30473709106445)
Day:3 
(3, 7, 200, -2205.072277366212, 182491.0, (5.60581214022209, 27.959137294809963, 29.36451063175923, 16.21675009389165), 147.2464988231659)
Day:3 
(3, 8, 200, -2189.7144237142993, 180511.0, (5.60581214022209, 27.959137294809963, 29.36451063175923, 16.21675009389165), 139.14270305633545)
Day:3 
(3, 9, 200, -1996.9605305340765, 157168.0, (5.60581214022209, 27.959137294809963, 29.36451063175923, 16.21675009389165), 144.60686206817627)
Day:3 
(3, 10, 200, -1988.618356768362, 154656.0, (5.60581214022209, 27.959137294809963, 29.36451063175923, 16.21675009389165), 127.4425618648529)
Day:3 
(3, 11, 200, -1986.0022725810966, 154665.0, (5.60581214022209, 27.959137294809963, 29.36451063175923, 16.21675009389165), 125.11403608322144)
Day:3 
(3, 12, 200, -1984.0018325862325, 154464.0, (5.60581214022209, 27.959137294809963, 29.36451063175923, 16.21675009389165), 132.31420803070068)
Day:3 
(3, 13, 200, -1885.3363050195562, 77302.0, (5.60581214022209, 22.628688632808934, 29.36451063175923, 16.21675009389165), 107.87684106826782)
Day:3 
(3, 14, 200, -1881.1451145430333, 77299.0, (5.60581214022209, 22.628688632808934, 29.36451063175923, 16.21675009389165), 139.60556197166443)
Day:3 
(3, 15, 200, -1857.900713549776, 68757.0, (5.60581214022209, 22.628688632808934, 29.36451063175923, 16.21675009389165), 146.43160796165466)
Day:3 
(3, 16, 200, -1860.3764596237704, 68197.0, (5.60581214022209, 22.628688632808934, 29.36451063175923, 16.21675009389165), 154.55602097511292)
Day:3 
(3, 17, 200, -1818.6998855520874, 66287.0, (5.60581214022209, 22.628688632808934, 29.36451063175923, 16.21675009389165), 137.0155119895935)
Day:3 
(3, 18, 200, -1817.0711594901732, 66287.0, (5.60581214022209, 22.628688632808934, 29.36451063175923, 16.21675009389165), 152.02116203308105)
Day:3 
(3, 19, 200, -1812.5635378616591, 64838.0, (5.60581214022209, 22.628688632808934, 29.36451063175923, 16.21675009389165), 114.95998406410217)
Day:3 
(3, 20, 200, -1822.6539715979861, 64763.0, (5.60581214022209, 22.628688632808934, 29.36451063175923, 16.21675009389165), 147.0015368461609)
Day:3 
(3, 21, 200, -1812.5805102645015, 63837.0, (5.60581214022209, 22.628688632808934, 29.36451063175923, 16.21675009389165), 173.38302302360535)
Day:3 
(3, 22, 200, -1816.016406163246, 63843.0, (5.60581214022209, 22.628688632808934, 29.36451063175923, 16.21675009389165), 121.21301794052124)
Day:3 
(3, 23, 200, -1810.6128911540654, 64002.0, (5.60581214022209, 22.628688632808934, 29.36451063175923, 16.21675009389165), 138.82212114334106)
Day:3 
(3, 24, 200, -1808.5168624798823, 63995.0, (5.60581214022209, 22.628688632808934, 29.36451063175923, 16.21675009389165), 115.92646384239197)
Day:3 
(3, 25, 200, -1809.8422182295672, 64075.0, (5.60581214022209, 22.628688632808934, 29.36451063175923, 16.21675009389165), 146.45943307876587)
Day:3 
(3, 26, 200, -1804.35724459713, 62413.0, (5.60581214022209, 22.628688632808934, 29.36451063175923, 16.21675009389165), 114.521644115448)
Day:3 
(3, 27, 200, -1800.9755306518614, 62364.0, (5.60581214022209, 22.628688632808934, 29.36451063175923, 16.21675009389165), 163.69865894317627)
Day:3 
(3, 28, 200, -1795.362545644969, 62361.0, (5.60581214022209, 22.628688632808934, 29.36451063175923, 16.21675009389165), 147.49719285964966)
Day:3 
(3, 29, 200, -1465.9432968317549, 61209.0, (5.60581214022209, 22.628688632808934, 29.36451063175923, 23.996001938331432), 100.55219721794128)
Day:3 
(3, 30, 200, -1455.8677415195657, 58830.0, (5.60581214022209, 22.628688632808934, 29.36451063175923, 23.996001938331432), 140.86336183547974)
Day:3 
(3, 31, 200, -1195.5860361164493, 67172.0, (5.60581214022209, 22.664892751038433, 29.36451063175923, 23.996001938331432), 137.8053469657898)
Day:3 
(3, 32, 200, -1180.7298831995372, 62097.0, (5.60581214022209, 22.664892751038433, 29.36451063175923, 23.996001938331432), 139.50333309173584)
Day:3 
(3, 33, 200, -1180.7298831995372, 62097.0, (5.60581214022209, 22.664892751038433, 29.36451063175923, 23.996001938331432), 146.24158096313477)
Day:3 
(3, 34, 200, -1166.0037600030025, 57681.0, (5.60581214022209, 22.664892751038433, 29.36451063175923, 23.996001938331432), 150.28277015686035)
Day:3 
(3, 35, 200, -1162.6376822496693, 56275.0, (5.60581214022209, 22.664892751038433, 29.36451063175923, 23.996001938331432), 114.68514776229858)
Day:3 
(3, 36, 200, -1159.0317353094576, 56133.0, (5.60581214022209, 22.664892751038433, 29.36451063175923, 23.996001938331432), 134.75551223754883)
Day:3 
(3, 37, 200, -1159.0317353094576, 56133.0, (5.60581214022209, 22.664892751038433, 29.36451063175923, 23.996001938331432), 143.9013798236847)
Day:3 
(3, 38, 200, -1149.399040759525, 55796.0, (5.60581214022209, 22.664892751038433, 29.36451063175923, 23.996001938331432), 114.75623512268066)
Day:3 
(3, 39, 200, -1149.399040759525, 55796.0, (5.60581214022209, 22.664892751038433, 29.36451063175923, 23.996001938331432), 116.03218483924866)
Day:3 
(3, 40, 200, -1149.399040759525, 55796.0, (5.60581214022209, 22.664892751038433, 29.36451063175923, 23.996001938331432), 105.48071503639221)
Day:3 
(3, 41, 200, -1139.097098438579, 55796.0, (5.60581214022209, 22.664892751038433, 29.36451063175923, 23.996001938331432), 133.00197410583496)
Day:3 
(3, 42, 200, -1138.4494639541838, 55732.0, (5.60581214022209, 22.664892751038433, 29.36451063175923, 23.996001938331432), 137.14022088050842)
Day:3 
(3, 43, 200, -1138.4494639541838, 55732.0, (5.60581214022209, 22.664892751038433, 29.36451063175923, 23.996001938331432), 145.5959711074829)
Day:3 
(3, 44, 200, -1138.4494639541838, 55732.0, (5.60581214022209, 22.664892751038433, 29.36451063175923, 23.996001938331432), 134.9593939781189)
Day:3 
(3, 45, 200, -1138.4494639541838, 55732.0, (5.60581214022209, 22.664892751038433, 29.36451063175923, 23.996001938331432), 148.07668209075928)
Day:3 
(3, 46, 200, -1138.4494639541838, 55732.0, (5.60581214022209, 22.664892751038433, 29.36451063175923, 23.996001938331432), 125.8815848827362)
Day:3 
(3, 47, 200, -1138.4494639541838, 55732.0, (5.60581214022209, 22.664892751038433, 29.36451063175923, 23.996001938331432), 144.34160995483398)
Day:3 
(3, 48, 200, -1138.4494639541838, 55732.0, (5.60581214022209, 22.664892751038433, 29.36451063175923, 23.996001938331432), 119.95039200782776)
Day:3 
(3, 49, 200, -1138.4494639541838, 55732.0, (5.60581214022209, 22.664892751038433, 29.36451063175923, 23.996001938331432), 130.109060049057)
Day:3 
(3, 50, 200, -1138.4494639541838, 55732.0, (5.60581214022209, 22.664892751038433, 29.36451063175923, 23.996001938331432), 117.65159893035889)