
Day:1 
(1, 0, 100, -16201.636176799613, 1823208.0, (10.017766473412857, 6.7830190622297515, 17.468023674911052, 2.4555320480087803), 4.362653970718384)
Day:1 
(1, 1, 100, -26.926480305500498, 1024.0, (0.45639824135596685, 7.96012611857752, 0.15112714846454564, 21.61578900108927), 31.36978793144226)
Day:1 
(1, 2, 100, -24.800786091277477, 121.0, (3.1414396129616864, 3.022298857992198, 0.25936146141112215, 11.800512167637972), 30.723326921463013)
Day:1 
(1, 3, 100, -26.558897225552297, 484.0, (0.8107919385288792, 9.203235732358204, 3.395280024496027, 18.989609427921536), 31.100648164749146)
Day:1 
(1, 4, 100, -27.56597534409048, 2401.0, (2.3690243674078397, 2.4863213074347703, 6.666236310875334, 12.42570438005458), 31.3092839717865)
Day:1 
(1, 5, 100, -27.62349010927882, 81.0, (4.600855261732167, 0.40700590898684186, 24.286351675710307, 5.975330126786743), 31.07790184020996)
Day:1 
(1, 6, 100, -26.995968707787355, 484.0, (5.690665244197368, 4.917723967925846, 9.703896130626813, 16.130811603943005), 30.795236110687256)
Day:1 
(1, 7, 100, -29.433292958640166, 144.0, (5.92521782580514, 1.4449202411882565, 46.39287891013866, 7.604566748794543), 31.397294998168945)
Day:1 
(1, 8, 100, -27.417493375796887, 256.0, (10.263910579698065, 3.841876381017036, 9.301363537222052, 19.595107150637883), 32.56233787536621)
Day:1 
(1, 9, 100, -30.87774729321048, 2401.0, (7.755651430336032, 24.32696116166173, 2.563484946424327, 22.41573717414324), 32.23329520225525)
Day:1 
(1, 10, 100, -27.886439982490316, 9.0, (14.119375786755137, 6.720347648801628, 7.240346609815562, 22.167841624656884), 31.77992296218872)
Day:1 
(1, 11, 100, -25.888362606746053, 324.0, (5.735367162240018, 4.584125997213487, 2.0032617360043674, 14.689174993523102), 30.615936040878296)
Day:1 
(1, 12, 100, -26.98212811528962, 289.0, (0.07830421202242718, 15.752166246718277, 7.795175580387516, 14.901962064319642), 31.57950496673584)
Day:1 
(1, 13, 100, -35.58446226038168, 2116.0, (1.88819632680932, 16.451104050893296, 48.90748091550686, 39.62362178583588), 31.128432035446167)
Day:1 
(1, 14, 100, -30.61709999211599, 16.0, (28.481423238632114, 1.688001500606738, 18.01911468593572, 29.290769421502624), 31.25383687019348)
Day:1 
(1, 15, 100, -29.475165394701154, 144.0, (4.396729106830011, 3.338843202170854, 12.12552907728139, 44.87015115902249), 31.157406091690063)
Day:1 
(1, 16, 100, -24.835430638647832, 4.0, (4.059353293356358, 1.7200670078496068, 3.400092527848853, 10.611117012278324), 32.199471950531006)
Day:1 
(1, 17, 100, -35.043382432964584, 5329.0, (3.1518095996920446, 20.11525113874922, 26.22304292797166, 16.71642339956395), 31.407576084136963)
Day:1 
(1, 18, 100, -25.81695934761902, 25.0, (2.2452612883129035, 4.393943668120153, 0.09037577322477558, 22.65299300493793), 30.31097984313965)
Day:1 
(1, 19, 100, -30.1923967483533, 100.0, (31.28779877653751, 2.888382930495684, 15.109844755831588, 23.173089876621347), 31.827003955841064)
Day:1 
(1, 20, 100, -25.08470691756668, 36.0, (5.588383141006901, 4.868054047503135, 0.6967750571382656, 10.45750818577602), 31.72701120376587)
Day:1 
(1, 21, 100, -27.099187770882757, 529.0, (2.02742073792569, 16.22670354307644, 0.681117860424087, 18.076905986956223), 30.754601001739502)
Day:1 
(1, 22, 100, -25.52507908461764, 144.0, (1.7647252718553608, 3.5941430915607975, 0.4674464150803792, 19.541357646073195), 30.7797429561615)
Day:1 
(1, 23, 100, -28.81371979235984, 16.0, (11.827272114206744, 10.439511374957654, 16.166729491277223, 21.052631891633382), 32.729734897613525)
Day:1 
(1, 24, 100, -25.160708643050228, 16.0, (2.192751589129301, 4.8521868386210345, 1.820555752531034, 14.049889364320581), 32.47611904144287)
Day:1 
(1, 25, 100, -25.17793479767072, 100.0, (9.642867627104232, 0.5355240987198038, 0.303256457771728, 11.700160531961977), 31.69744110107422)
Day:1 
(1, 26, 100, -26.260458314074384, 361.0, (0.5774879347071926, 7.2993775450905805, 3.643700368083539, 19.090658847493398), 31.034415006637573)
Day:1 
(1, 27, 100, -26.973523520578006, 100.0, (2.0334153038677396, 11.057833265023758, 12.041375755299839, 15.14596472342049), 31.4565749168396)
Day:1 
(1, 28, 100, -27.598665843909984, 9.0, (5.262651013551379, 3.8128758910788543, 5.520925646628852, 32.80398687800155), 31.49410390853882)
Day:1 
(1, 29, 100, -24.78986567396364, 144.0, (4.020358975126178, 3.58283309487765, 0.6790014515953819, 9.024979350353595), 31.73062300682068)
Day:1 
(1, 30, 100, -28.30402575216696, 49.0, (1.8451958206930525, 2.512387691803918, 8.856785844349389, 40.861141322602805), 32.69983696937561)
Day:1 
(1, 31, 100, -34.29157180551064, 101.0, (2.391705714033705, 16.247183055489874, 10.28392999872886, 12.768668561555044), 32.00261616706848)
Day:1 
(1, 32, 100, -27.127024581464948, 324.0, (15.146727742956534, 0.24893385018977796, 1.8796530850892956, 22.361611714049815), 31.99968385696411)
Day:1 
(1, 33, 100, -25.42733482375261, 256.0, (4.229526990476643, 4.685005445151248, 4.016247647265234, 10.107123521443409), 31.67283797264099)
Day:1 
(1, 34, 100, -26.965967797624725, 225.0, (3.637831069398149, 5.47658315190782, 10.34757454809101, 19.527507133242143), 32.766860008239746)
Day:1 
(1, 35, 100, -28.61276094541878, 144.0, (26.68741404522078, 2.4191296931313535, 4.103343792995935, 23.03450847065679), 32.091695070266724)
Day:1 
(1, 36, 100, -27.13913047685085, 1024.0, (6.897460385864399, 2.719439143976608, 7.848536861658199, 15.49244966597976), 31.702670097351074)
Day:1 
(1, 37, 100, -27.456903079774147, 16.0, (10.43251814514451, 6.9152175054536755, 13.41386107044838, 15.113032147744327), 31.494943857192993)
Day:1 
(1, 38, 100, -26.83609429583988, 841.0, (6.659194320756745, 4.09003502480306, 9.366088091857279, 11.572935386436239), 32.043879985809326)
Day:1 
(1, 39, 100, -26.61526734921064, 25.0, (1.9660062551172792, 17.719462895695965, 1.622064135461414, 16.075107108088073), 32.209519147872925)
Day:1 
(1, 40, 100, -25.68173064583309, 9.0, (12.054571139823004, 0.5101405433923908, 1.5564949741570504, 14.108427040188793), 32.08899283409119)
Day:1 
(1, 41, 100, -25.412273928948444, 841.0, (4.38950003046268, 1.7357683241194921, 1.2689430032980895, 9.488211817548752), 31.960124969482422)
Day:1 
(1, 42, 100, -27.920129031922183, 625.0, (13.792374589089187, 11.889346737687019, 0.9445978447750505, 16.38994808050885), 32.97437500953674)
Day:1 
(1, 43, 100, -28.83905301280837, 2209.0, (7.070859705771378, 4.992941772641588, 1.1832670134804266, 25.275169997650067), 31.34473705291748)
Day:1 
(1, 44, 100, -29.90767639821572, 729.0, (2.643480281949078, 2.7204072194625346, 32.2306035911817, 25.443867639390238), 31.75016212463379)
Day:1 
(1, 45, 100, -25.500306924150497, 961.0, (2.049316480626962, 0.2869354874035517, 3.6574684348716513, 11.186552122920359), 32.59265398979187)
Day:1 
(1, 46, 100, -31.620291736357423, 0.0, (33.39765817278151, 1.5612936073152368, 16.258572710641957, 36.47406208898665), 32.214202880859375)
Day:1 
(1, 47, 100, -28.560102499602852, 169.0, (2.8584727349011794, 2.043299497007999, 11.973490990445477, 38.44792585913474), 32.30865406990051)
Day:1 
(1, 48, 100, -26.476853245377466, 4.0, (1.728229021523141, 1.622761626370272, 21.740512978605807, 11.115554616926529), 31.49105405807495)
Day:1 
(1, 49, 100, -24.94055473465261, 16.0, (2.7416574178552753, 5.5772751426577445, 1.0792487435005198, 8.550355217420583), 32.31616997718811)
Day:1 
(1, 50, 100, -24.768427406772904, 361.0, (0.23618360665657423, 1.8450477009266226, 1.912383688061512, 5.572365819350697), 31.704928874969482)
Day:2 
(2, 0, 100, -9377.733637208046, 1163993.0, (0.23618360665657423, 1.8450477009266226, 1.912383688061512, 5.572365819350697), 10.593204021453857)
Day:2 
(2, 1, 100, -1163.959866988169, 84705.0, (0.5798808229946388, 3.321952230702152, 14.525989975660156, 5.97760237065689), 208.21854996681213)
Day:2 
(2, 2, 100, -187.16642317023496, 7086.0, (5.727595015713653, 10.883859249568063, 12.327358516542384, 9.518528463054022), 209.1989061832428)
Day:2 
(2, 3, 100, -191.5551194890326, 4991.0, (5.727595015713653, 10.883859249568063, 12.327358516542384, 9.518528463054022), 245.09835982322693)
Day:2 
(2, 4, 100, -179.77793477179705, 4960.0, (5.727595015713653, 10.883859249568063, 12.327358516542384, 9.518528463054022), 214.96941018104553)
Day:2 
(2, 5, 100, -183.86897795420273, 5128.0, (5.727595015713653, 10.883859249568063, 12.327358516542384, 9.518528463054022), 278.9311909675598)
Day:2 
(2, 6, 100, -180.26157402835966, 4916.0, (5.727595015713653, 10.883859249568063, 12.327358516542384, 9.518528463054022), 204.25176692008972)
Day:2 
(2, 7, 100, -181.86450700306887, 4228.0, (5.727595015713653, 10.883859249568063, 12.327358516542384, 9.518528463054022), 265.8922309875488)
Day:2 
(2, 8, 100, -181.6763761138256, 4523.0, (5.727595015713653, 10.883859249568063, 12.327358516542384, 9.518528463054022), 246.4945080280304)
Day:2 
(2, 9, 100, -190.67345695106218, 5023.0, (5.727595015713653, 10.883859249568063, 12.327358516542384, 9.518528463054022), 226.34129190444946)
Day:2 
(2, 10, 100, -181.45569461183655, 4767.0, (5.727595015713653, 10.883859249568063, 12.327358516542384, 9.518528463054022), 258.298602104187)
Day:2 
(2, 11, 100, -175.40409333189612, 4342.0, (5.727595015713653, 10.883859249568063, 12.327358516542384, 9.518528463054022), 228.07676100730896)
Day:2 
(2, 12, 100, -176.1920394025497, 5204.0, (5.727595015713653, 10.883859249568063, 12.327358516542384, 9.518528463054022), 247.37477493286133)
Day:2 
(2, 13, 100, -179.44223818230876, 4083.0, (5.727595015713653, 10.883859249568063, 12.327358516542384, 9.518528463054022), 199.3830029964447)
Day:2 
(2, 14, 100, -181.50462313010863, 4685.0, (5.727595015713653, 10.883859249568063, 12.327358516542384, 9.518528463054022), 214.79636001586914)
Day:2 
(2, 15, 100, -186.37582957038998, 4768.0, (5.727595015713653, 10.883859249568063, 12.327358516542384, 9.518528463054022), 223.18806314468384)
Day:2 
(2, 16, 100, -184.88457031796338, 4086.0, (5.727595015713653, 10.883859249568063, 12.327358516542384, 9.518528463054022), 261.372820854187)
Day:2 
(2, 17, 100, -185.15049963500937, 3830.0, (5.727595015713653, 10.883859249568063, 12.327358516542384, 9.518528463054022), 244.3640260696411)
Day:2 
(2, 18, 100, -184.21871153653592, 4061.0, (5.727595015713653, 10.883859249568063, 12.327358516542384, 9.518528463054022), 243.4536349773407)
Day:2 
(2, 19, 100, -182.96386315140683, 3996.0, (5.727595015713653, 10.883859249568063, 12.327358516542384, 9.518528463054022), 225.71468806266785)
Day:2 
(2, 20, 100, -175.88286036081212, 5338.0, (5.727595015713653, 10.883859249568063, 12.327358516542384, 9.518528463054022), 201.97417402267456)
Day:2 
(2, 21, 100, -177.7481553799021, 6235.0, (5.727595015713653, 10.883859249568063, 12.327358516542384, 9.518528463054022), 224.23923897743225)
Day:2 
(2, 22, 100, -178.90334645436172, 5319.0, (5.727595015713653, 10.883859249568063, 12.327358516542384, 9.518528463054022), 266.0953938961029)
Day:2 
(2, 23, 100, -177.37569758749893, 5205.0, (5.727595015713653, 10.883859249568063, 12.327358516542384, 9.518528463054022), 244.22349309921265)
Day:2 
(2, 24, 100, -183.46869322258706, 4970.0, (5.727595015713653, 10.883859249568063, 12.327358516542384, 9.518528463054022), 240.2485249042511)