PosteriorSamples: runs=2,iterations=1,transitions=100, time=1401231846.762

0
 logs:
[(-17.976879053159006, 3721.0, 4.067507982254028), (-14.140322887542549, 4.0, 5.496670961380005), (-105.79120849585513, 805.0, 9.510442018508911), (-104.31839230193627, 561.0, 5.745610952377319), (-220.82100135647605, 714.0, 14.45440411567688), (-220.82100135647605, 714.0, 5.833614826202393), (-342.71015470368263, 1276.0, 14.86048412322998), (-342.97760153465185, 1304.0, 6.031261920928955), (-472.5992989735716, 1498.0, 15.159923076629639), (-479.68538652458915, 1288.0, 6.118326902389526)]
1
 logs:
[(-18.681457986146455, 170.0, 3.908450126647949), (-14.185524827096867, 49.0, 5.404091835021973), (-112.03171044193562, 1205.0, 9.26492714881897), (-98.71000823936227, 743.0, 5.567133903503418), (-247.50496515774572, 1128.0, 14.257865905761719), (-246.12395107934347, 1479.0, 5.658618211746216), (-422.6705102485357, 1871.0, 14.684914827346802), (-420.6617550909251, 1472.0, 5.891394138336182), (-626.433662619969, 1768.0, 14.52101993560791), (-624.4364278574899, 1756.0, 5.9452269077301025)]PosteriorSamples: runs=2,iterations=5,transitions=1000, time=1401232411.106

0
 logs:
[(-18.999678490555667, 1682.0, 3.9110381603240967), (-14.394515216311571, 256.0, 7.480681896209717), (-16.461674142856655, 145.0, 7.80883002281189), (-15.53179422124516, 1369.0, 9.054641962051392), (-16.90182735007821, 577.0, 7.736759901046753), (-18.23039307180819, 4225.0, 7.706783056259155), (-114.75451329403451, 2477.0, 9.637407064437866), (-104.61113375787623, 2086.0, 8.446862936019897), (-112.18228078390499, 2240.0, 8.567890167236328), (-107.52813086435934, 1112.0, 8.529855966567993), (-106.59243047928176, 2041.0, 8.597118854522705), (-103.70506798989857, 1410.0, 8.648636102676392), (-237.98390787234322, 2488.0, 14.424558877944946), (-227.00209207344244, 2820.0, 7.9775550365448), (-199.4759669008058, 567.0, 8.036684036254883), (-204.38167890409045, 237.0, 8.141664028167725), (-199.29985958756478, 362.0, 8.2048499584198), (-200.63446761599266, 427.0, 8.166435956954956), (-306.83333882237554, 1314.0, 15.403820991516113), (-302.18313087602183, 1020.0, 8.191595077514648), (-311.61861582675135, 1623.0, 8.001977920532227), (-306.87918125113976, 826.0, 8.05384111404419), (-292.346534533276, 1006.0, 8.092655897140503), (-292.41998542429434, 1625.0, 8.120813131332397), (-430.7302510867834, 1244.0, 15.356628894805908), (-411.3053880815446, 1915.0, 8.195953130722046), (-382.2549190563717, 862.0, 8.156615972518921), (-386.03245682620235, 2172.0, 8.231250047683716), (-387.85949253174596, 1352.0, 8.418100833892822), (-389.3158976465274, 1230.0, 8.274237155914307)]
1
 logs:
[(-14.394515216311571, 256.0, 3.8388640880584717), (-20.072969415680898, 122.0, 7.388318061828613), (-14.235792418463586, 100.0, 7.515751838684082), (-16.36776506435527, 50.0, 7.623579978942871), (-14.281269813846063, 144.0, 7.675436973571777), (-16.38706482462761, 2304.0, 7.72363805770874), (-105.37997615308164, 972.0, 9.552331924438477), (-101.27244148964671, 1993.0, 8.351004123687744), (-104.68147132787243, 1000.0, 8.35932207107544), (-101.92826296314654, 396.0, 8.532452821731567), (-102.71519480134438, 619.0, 8.571974039077759), (-105.46612877000328, 2871.0, 8.521481037139893), (-258.0720118349351, 4361.0, 14.279863119125366), (-206.58905251276624, 2680.0, 7.872706890106201), (-217.88138794219446, 3112.0, 7.958247900009155), (-210.85254459407753, 3016.0, 8.04490613937378), (-202.60132209579783, 1084.0, 8.76339602470398), (-209.10500439707783, 2568.0, 8.093701839447021), (-312.95167491615723, 3779.0, 14.98123812675476), (-306.1266383065828, 3409.0, 8.153446912765503), (-304.09226607302514, 1278.0, 8.115650177001953), (-298.6129639807805, 971.0, 8.254633903503418), (-302.9848511330887, 1895.0, 8.278944969177246), (-304.915957423622, 556.0, 8.275877952575684), (-448.36281771509823, 1226.0, 15.364475011825562), (-433.09127684459384, 962.0, 8.184484958648682), (-400.82781765382776, 1060.0, 8.149464130401611), (-403.8927853614323, 523.0, 8.247627973556519), (-399.80798316379855, 540.0, 8.272244930267334), (-399.8164833034905, 444.0, 8.282675981521606)]


 New Job: PosteriorSamples: runs=2,iterations=5,transitions=1000, time=1401237267.054

0
 logs:
[(-19.731736359531887, 198.0, 4.079223871231079), (-14.427942660507266, 289.0, 7.5450520515441895), (-14.875637455084995, 729.0, 7.567662954330444), (-14.145338129345088, 9.0, 7.646438121795654), (-14.27943390559825, 144.0, 7.721039056777954), (-14.875637455084995, 729.0, 7.878065824508667), (-122.0816702137227, 2194.0, 9.94967007637024), (-99.30888746791894, 1171.0, 8.542684078216553), (-101.28978403861701, 864.0, 8.452627897262573), (-107.43421152639755, 1476.0, 8.538408041000366), (-103.35007574684438, 1278.0, 8.634933948516846), (-103.5683256478621, 1170.0, 8.63464903831482), (-240.69208132075437, 1333.0, 14.727216958999634), (-210.57010392754546, 763.0, 8.108768939971924), (-211.2426916794668, 1125.0, 8.087045192718506), (-207.85632824591846, 1282.0, 8.117615938186646), (-207.71507358923932, 1249.0, 8.17372989654541), (-196.17983858894328, 1094.0, 8.186604022979736), (-293.9425770437953, 1632.0, 15.520034074783325), (-292.70388497920896, 1711.0, 8.31292986869812), (-286.30969318923934, 1012.0, 8.253774166107178), (-284.41821678783674, 2419.0, 8.29801893234253), (-284.7616184960213, 1721.0, 8.327574968338013), (-284.74041699471036, 2095.0, 8.344722986221313), (-410.44729890906007, 4871.0, 15.760302066802979), (-388.89893519333185, 3464.0, 8.40930700302124), (-379.8783274908332, 1208.0, 8.349721908569336), (-379.94944715489544, 1188.0, 8.35095500946045), (-387.269685946247, 1330.0, 8.391847133636475), (-389.7173637684691, 1542.0, 8.40789794921875)]
1
 logs:
[(-14.753666270366136, 625.0, 3.876758098602295), (-14.256629178422497, 121.0, 7.464721918106079), (-14.363137334065083, 225.0, 7.520310163497925), (-14.582210929952577, 441.0, 7.63528299331665), (-14.990088390594916, 841.0, 7.651119947433472), (-14.136308946946098, 0.0, 7.6668689250946045), (-109.50596965822433, 2412.0, 9.519448041915894), (-102.19403171874785, 1608.0, 8.406232118606567), (-99.34932829679717, 949.0, 8.47422981262207), (-98.60831355387509, 698.0, 8.561009168624878), (-98.30346178120045, 847.0, 8.589457988739014), (-101.6905031151063, 504.0, 8.6112699508667), (-241.048122599463, 2603.0, 14.503674030303955), (-217.1636318289129, 1723.0, 7.896517038345337), (-210.1391892895593, 1116.0, 7.922027826309204), (-217.82623324329802, 686.0, 8.01576018333435), (-215.30896854950453, 749.0, 8.034519910812378), (-222.66176744719868, 792.0, 8.068352937698364), (-340.1636092122329, 2053.0, 14.918152093887329), (-347.50729420166795, 2291.0, 8.137412071228027), (-323.65001004694864, 578.0, 7.999518871307373), (-328.8819471613159, 733.0, 8.126944065093994), (-326.0689819313154, 656.0, 8.190928936004639), (-324.98407981919297, 705.0, 8.215131044387817), (-438.8335705636714, 1409.0, 15.334563970565796), (-434.0380621100953, 1298.0, 8.256980895996094), (-429.61540336343205, 416.0, 8.183585166931152), (-430.6972081558656, 476.0, 8.255972862243652), (-432.49164101900556, 692.0, 8.266558170318604), (-435.21447732306706, 1302.0, 8.291562795639038)]