
Day:1 
(1, 0, 200, -16173.869535999742, 1615937.0, (7.1063391390100366, -138.12976177365158, -67.13150251801446, -90.08526966847613), 3.9735710620880127)
Day:1 
(1, 1, 200, -16100.701825019014, 1850085.0, (-34.485187538681906, -138.12976177365158, 130.43256930998655, -90.08526966847613), 8.180408954620361)
Day:1 
(1, 2, 200, -39.66118378691063, 2116.0, (-34.485187538681906, -138.12976177365158, 130.43256930998655, -16.481268420034052), 8.660091876983643)
Day:1 
(1, 3, 200, -40.694549181446305, 324.0, (38.63173402163518, -138.12976177365158, -177.957523304521, 200.4610857944382), 8.033661127090454)
Day:1 
(1, 4, 200, -40.05887370631163, 225.0, (153.10529309982925, -118.0116833108184, -64.76931956710519, 200.4610857944382), 8.152502059936523)
Day:1 
(1, 5, 200, -39.365033039639094, 121.0, (-43.90263888959128, -11.048459534773896, 167.40537922996387, 200.4610857944382), 7.973639011383057)
Day:1 
(1, 6, 200, -39.175415790050494, 1.0, (-20.061732027423755, -11.048459534773896, 167.40537922996387, 200.4610857944382), 8.496289014816284)
Day:1 
(1, 7, 200, -41.86990527037848, 1225.0, (-237.74962349141754, 21.89708574427025, -13.009881913212642, 200.4610857944382), 8.415096998214722)
Day:1 
(1, 8, 200, -40.26720561469571, 729.0, (88.1549197992974, -218.0013238904903, -135.57881907958605, 52.93245816028345), 7.855952978134155)
Day:1 
(1, 9, 200, -36.566642842217654, 16.0, (88.1549197992974, -49.28305188943903, -51.41094570626509, 56.82310944895014), 8.364764928817749)
Day:1 
(1, 10, 200, -40.41909632651276, 441.0, (-204.09864960996677, -172.77316177474734, -98.87127194388732, 56.82310944895014), 8.171895980834961)
Day:1 
(1, 11, 200, -36.839561679734146, 289.0, (-90.36063969452783, -15.667825382496032, -69.60198250142015, 56.82310944895014), 7.906377077102661)
Day:1 
(1, 12, 200, -36.99058026058998, 121.0, (-90.36063969452783, -97.27949549881377, -53.21708996417694, 48.05474354139134), 8.171475887298584)
Day:1 
(1, 13, 200, -38.53415687744635, 2025.0, (-90.36063969452783, -19.30738199279017, -76.91855980170685, 48.05474354139134), 8.584677934646606)
Day:1 
(1, 14, 200, -37.843576536493664, 1225.0, (84.5420211884543, -75.7912866515494, -36.147111787713506, 64.7433171996982), 7.869733095169067)
Day:1 
(1, 15, 200, -37.90260684851985, 289.0, (88.20705957105048, -75.7912866515494, 4.392131987221467, 154.15038177032326), 7.843226909637451)
Day:1 
(1, 16, 200, -36.732146842682674, 144.0, (99.7529348526836, -75.7912866515494, -4.453325671983323, 34.138356611927094), 8.164146184921265)
Day:1 
(1, 17, 200, -37.81301630303041, 16.0, (99.7529348526836, -65.20695662770035, -108.27518060212002, 123.4056071626393), 7.8414788246154785)
Day:1 
(1, 18, 200, -38.87560940852336, 49.0, (119.27396446142902, 84.92618431302832, -106.79697406369296, 170.3422300565496), 7.679892063140869)
Day:1 
(1, 19, 200, -38.13698004752824, 36.0, (-10.910326847021267, -6.0111696118293185, 134.3170025578214, 170.3422300565496), 8.323174953460693)
Day:1 
(1, 20, 200, -37.74457481734417, 400.0, (16.127461846960834, 47.53422458290729, 18.104382167540493, 170.3422300565496), 7.897413015365601)
Day:1 
(1, 21, 200, -39.849645974876964, 529.0, (-13.806633376484292, 186.06760947354397, -90.48390684178739, 170.3422300565496), 7.841884136199951)
Day:1 
(1, 22, 200, -36.44396508140414, 196.0, (-64.40498882836998, -34.8980601270057, -9.497637089312962, 70.17747959356879), 7.956228971481323)
Day:1 
(1, 23, 200, -38.16048013840667, 1444.0, (-64.40498882836998, 97.3218382919129, -9.497637089312962, 70.17747959356879), 8.200578927993774)
Day:1 
(1, 24, 200, -37.574897348894076, 400.0, (-64.40498882836998, -60.0804928272963, 133.35015698421927, 54.13279584095986), 7.970174074172974)
Day:1 
(1, 25, 200, -36.512242975014374, 36.0, (71.77658973404232, -81.7027987406201, -9.202837100790722, 54.13279584095986), 8.23244595527649)
Day:1 
(1, 26, 200, -38.4457118805422, 529.0, (-153.9659190185451, -135.94456733797423, 24.65023599364646, -20.96128425194012), 7.962182998657227)
Day:1 
(1, 27, 200, -37.731500908711816, 841.0, (-60.0050389830282, -135.94456733797423, -1.2540688157388775, -20.96128425194012), 8.25309705734253)
Day:1 
(1, 28, 200, -39.73133671717652, 2116.0, (-116.9991262794517, -135.94456733797423, 58.9737862630159, -20.96128425194012), 8.504283905029297)
Day:1 
(1, 29, 200, -38.20036056783012, 4.0, (-115.60693578478693, -135.94281725713827, 130.0506882668476, 21.074255853082175), 7.80176305770874)
Day:1 
(1, 30, 200, -37.34977724237808, 1.0, (-105.71316684761032, -135.94281725713827, 46.27256613915143, 21.074255853082175), 8.307813882827759)
Day:1 
(1, 31, 200, -41.334319481837355, 361.0, (148.10091740772273, 75.03763611545449, -7.924738511867433, 278.1194933842017), 8.197232007980347)
Day:1 
(1, 32, 200, -40.94407655660468, 484.0, (-148.82986621388818, 75.03763611545449, -40.43800497283134, 255.66251705456855), 8.11777400970459)
Day:1 
(1, 33, 200, -42.65779669568287, 361.0, (40.70849588172834, 50.80334741976767, 329.43174478285414, 136.68902922984657), 7.812779188156128)
Day:1 
(1, 34, 200, -36.54122139663242, 196.0, (-58.85204653878399, -35.270960473938864, -56.55436149361845, 66.48373789923536), 7.947000980377197)
Day:1 
(1, 35, 200, -36.491678619593664, 100.0, (-90.47185958122964, -13.302165212129475, -43.70365281334747, 54.09565880363253), 7.738112926483154)
Day:1 
(1, 36, 200, -38.65517468781108, 256.0, (-80.38999200238334, -165.83444373837708, 25.301302533170805, 137.2385846593123), 7.814610004425049)
Day:1 
(1, 37, 200, -37.62451325018512, 81.0, (81.50290664718524, -165.83444373837708, 13.922276594852681, 41.11397078906482), 8.21072506904602)
Day:1 
(1, 38, 200, -40.26895554208305, 256.0, (81.50290664718524, -165.83444373837708, 59.6422598850055, 219.118301318303), 8.596282958984375)
Day:1 
(1, 39, 200, -39.11169661435555, 9.0, (53.26830095269612, -98.22392402215478, 82.71229087751658, 219.118301318303), 7.788348913192749)
Day:1 
(1, 40, 200, -39.04669494533545, 256.0, (4.5037651728863235, 95.05029764305145, 61.63589622489868, 219.118301318303), 7.880604982376099)
Day:1 
(1, 41, 200, -42.547714650283844, 3721.0, (4.5037651728863235, -66.95527729298433, 242.88172169728873, 32.68865423196928), 7.834167957305908)
Day:1 
(1, 42, 200, -37.425147289482126, 784.0, (-39.601625485477655, -66.95527729298433, 107.00559382733246, 32.68865423196928), 8.300498008728027)
Day:1 
(1, 43, 200, -37.31087495871439, 484.0, (-137.12496338040782, 13.94532384054869, -37.36516122098812, 32.68865423196928), 7.961785078048706)
Day:1 
(1, 44, 200, -38.7168346560137, 144.0, (-57.4149408458585, 13.94532384054869, -67.44930653206936, 220.92580143647794), 8.167048931121826)
Day:1 
(1, 45, 200, -36.90939406295439, 196.0, (112.45101399448231, 13.94532384054869, -0.896518098670408, 82.75889208953787), 8.179795026779175)
Day:1 
(1, 46, 200, -36.74694380795269, 36.0, (81.98966352701824, 13.94532384054869, 75.14097361017265, 82.75889208953787), 8.098375082015991)
Day:1 
(1, 47, 200, -36.41719208035053, 16.0, (4.421872272783998, 13.94532384054869, -78.58441405953079, 82.75889208953787), 8.363035917282104)
Day:1 
(1, 48, 200, -36.40071811693416, 289.0, (23.169208861885906, 1.131036435017551, 17.88381209936788, 82.75889208953787), 8.120344161987305)
Day:1 
(1, 49, 200, -36.3625627300333, 64.0, (-91.19027243581435, 1.131036435017551, -50.45295760364975, 15.853353168218264), 8.537750959396362)
Day:1 
(1, 50, 200, -37.979284947254314, 1024.0, (13.399108938234939, -45.24988400496397, 145.68001520026027, 15.853353168218264), 8.105512857437134)
Day:2 
(2, 0, 200, -9074.613536739758, 521403.0, (13.399108938234939, -45.24988400496397, 145.68001520026027, 15.853353168218264), 10.168024063110352)
Day:2 
(2, 1, 200, -8911.654483437984, 479675.0, (13.399108938234939, -45.24988400496397, 145.68001520026027, 32.55293059019556), 44.88225197792053)
Day:2 
(2, 2, 200, -7632.495415200018, 489979.0, (13.399108938234939, 39.92842642615105, 145.68001520026027, 32.55293059019556), 44.42751908302307)
Day:2 
(2, 3, 200, -5530.162495921845, 489324.0, (13.399108938234939, 39.92842642615105, 145.68001520026027, 32.55293059019556), 54.55646991729736)
Day:2 
(2, 4, 200, -5527.915564621447, 489121.0, (13.399108938234939, 39.92842642615105, 145.68001520026027, 32.55293059019556), 50.247628927230835)
Day:2 
(2, 5, 200, -5529.330696412907, 489256.0, (13.399108938234939, 39.92842642615105, 145.68001520026027, 32.55293059019556), 61.00109815597534)
Day:2 
(2, 6, 200, -1231.1573020401422, 178157.0, (13.399108938234939, 39.92842642615105, 29.491830489501332, 32.55293059019556), 51.78743600845337)
Day:2 
(2, 7, 200, -1147.6581749445381, 175092.0, (13.399108938234939, 39.92842642615105, 29.491830489501332, 32.55293059019556), 64.84373998641968)
Day:2 
(2, 8, 200, -1122.118570874911, 174575.0, (13.399108938234939, 39.92842642615105, 29.491830489501332, 32.55293059019556), 49.34187602996826)
Day:2 
(2, 9, 200, -1122.118570874911, 174575.0, (13.399108938234939, 39.92842642615105, 29.491830489501332, 32.55293059019556), 50.5580198764801)
Day:2 
(2, 10, 200, -1113.9146498887897, 174562.0, (13.399108938234939, 39.92842642615105, 29.491830489501332, 32.55293059019556), 48.143001079559326)
Day:2 
(2, 11, 200, -1113.9146498887897, 174562.0, (13.399108938234939, 39.92842642615105, 29.491830489501332, 32.55293059019556), 64.13984203338623)
Day:2 
(2, 12, 200, -1109.4753658945458, 173507.0, (13.399108938234939, 39.92842642615105, 29.491830489501332, 32.55293059019556), 56.34349989891052)
Day:2 
(2, 13, 200, -1109.4753658945458, 173507.0, (13.399108938234939, 39.92842642615105, 29.491830489501332, 32.55293059019556), 51.628345012664795)
Day:2 
(2, 14, 200, -1095.274376221549, 173456.0, (13.399108938234939, 39.92842642615105, 29.491830489501332, 32.55293059019556), 46.64888906478882)
Day:2 
(2, 15, 200, -1095.274376221549, 173456.0, (13.399108938234939, 39.92842642615105, 29.491830489501332, 32.55293059019556), 50.45253300666809)
Day:2 
(2, 16, 200, -1095.274376221549, 173456.0, (13.399108938234939, 39.92842642615105, 29.491830489501332, 32.55293059019556), 51.714356899261475)
Day:2 
(2, 17, 200, -1077.6376586600616, 171920.0, (13.399108938234939, 39.92842642615105, 29.491830489501332, 32.55293059019556), 50.328230142593384)
Day:2 
(2, 18, 200, -1060.9146986568444, 172309.0, (13.399108938234939, 39.92842642615105, 29.491830489501332, 32.55293059019556), 54.37962889671326)
Day:2 
(2, 19, 200, -1049.515561235043, 172298.0, (13.399108938234939, 39.92842642615105, 29.491830489501332, 32.55293059019556), 58.89734411239624)
Day:2 
(2, 20, 200, -1041.5365790829146, 171542.0, (13.399108938234939, 39.92842642615105, 29.491830489501332, 32.55293059019556), 49.171034812927246)
Day:2 
(2, 21, 200, -1028.3421107394302, 172099.0, (13.399108938234939, 39.92842642615105, 29.491830489501332, 32.55293059019556), 54.15581798553467)
Day:2 
(2, 22, 200, -1023.9793599512761, 172040.0, (13.399108938234939, 39.92842642615105, 29.491830489501332, 32.55293059019556), 60.742202043533325)
Day:2 
(2, 23, 200, -1023.9793599512761, 172040.0, (13.399108938234939, 39.92842642615105, 29.491830489501332, 32.55293059019556), 48.683186054229736)
Day:2 
(2, 24, 200, -1005.5133716392706, 171506.0, (13.399108938234939, 39.92842642615105, 29.491830489501332, 32.55293059019556), 58.808269023895264)
Day:2 
(2, 25, 200, -1005.5133716392706, 171506.0, (13.399108938234939, 39.92842642615105, 29.491830489501332, 32.55293059019556), 57.71426796913147)
Day:2 
(2, 26, 200, -1005.5133716392706, 171506.0, (13.399108938234939, 39.92842642615105, 29.491830489501332, 32.55293059019556), 59.48835611343384)
Day:2 
(2, 27, 200, -1005.5133716392706, 171506.0, (13.399108938234939, 39.92842642615105, 29.491830489501332, 32.55293059019556), 63.0350558757782)
Day:2 
(2, 28, 200, -1000.0303179096834, 164169.0, (13.399108938234939, 39.92842642615105, 29.491830489501332, 32.55293059019556), 56.31977891921997)
Day:2 
(2, 29, 200, -1000.0303179096834, 164169.0, (13.399108938234939, 39.92842642615105, 29.491830489501332, 32.55293059019556), 55.81038212776184)
Day:2 
(2, 30, 200, -1000.0303179096834, 164169.0, (13.399108938234939, 39.92842642615105, 29.491830489501332, 32.55293059019556), 58.44159197807312)
Day:2 
(2, 31, 200, -998.4506692134862, 164028.0, (13.399108938234939, 39.92842642615105, 29.491830489501332, 32.55293059019556), 56.93252396583557)
Day:2 
(2, 32, 200, -998.4506692134862, 164028.0, (13.399108938234939, 39.92842642615105, 29.491830489501332, 32.55293059019556), 43.35703206062317)
Day:2 
(2, 33, 200, -998.4506692134862, 164028.0, (13.399108938234939, 39.92842642615105, 29.491830489501332, 32.55293059019556), 59.177013874053955)
Day:2 
(2, 34, 200, -987.8120443979637, 164025.0, (13.399108938234939, 39.92842642615105, 29.491830489501332, 32.55293059019556), 52.79553699493408)
Day:2 
(2, 35, 200, -987.1534354474425, 163404.0, (13.399108938234939, 39.92842642615105, 29.491830489501332, 32.55293059019556), 52.11123514175415)
Day:2 
(2, 36, 200, -985.6828055631834, 163476.0, (13.399108938234939, 39.92842642615105, 29.491830489501332, 32.55293059019556), 53.70456504821777)
Day:2 
(2, 37, 200, -985.6828055631834, 163476.0, (13.399108938234939, 39.92842642615105, 29.491830489501332, 32.55293059019556), 50.109203815460205)
Day:2 
(2, 38, 200, -985.6828055631834, 163476.0, (13.399108938234939, 39.92842642615105, 29.491830489501332, 32.55293059019556), 56.68404221534729)
Day:2 
(2, 39, 200, -985.6828055631834, 163476.0, (13.399108938234939, 39.92842642615105, 29.491830489501332, 32.55293059019556), 58.974254846572876)
Day:2 
(2, 40, 200, -985.6828055631834, 163476.0, (13.399108938234939, 39.92842642615105, 29.491830489501332, 32.55293059019556), 58.97553110122681)
Day:2 
(2, 41, 200, -985.6828055631834, 163476.0, (13.399108938234939, 39.92842642615105, 29.491830489501332, 32.55293059019556), 58.35485100746155)
Day:2 
(2, 42, 200, -985.6828055631834, 163476.0, (13.399108938234939, 39.92842642615105, 29.491830489501332, 32.55293059019556), 58.77465200424194)
Day:2 
(2, 43, 200, -985.6828055631834, 163476.0, (13.399108938234939, 39.92842642615105, 29.491830489501332, 32.55293059019556), 57.58046102523804)
Day:2 
(2, 44, 200, -985.6828055631834, 163476.0, (13.399108938234939, 39.92842642615105, 29.491830489501332, 32.55293059019556), 51.27070999145508)
Day:2 
(2, 45, 200, -985.6828055631834, 163476.0, (13.399108938234939, 39.92842642615105, 29.491830489501332, 32.55293059019556), 52.044442892074585)
Day:2 
(2, 46, 200, -985.6828055631834, 163476.0, (13.399108938234939, 39.92842642615105, 29.491830489501332, 32.55293059019556), 50.30331993103027)
Day:2 
(2, 47, 200, -985.6828055631834, 163476.0, (13.399108938234939, 39.92842642615105, 29.491830489501332, 32.55293059019556), 48.73390316963196)
Day:2 
(2, 48, 200, -985.6828055631834, 163476.0, (13.399108938234939, 39.92842642615105, 29.491830489501332, 32.55293059019556), 60.89402198791504)
Day:2 
(2, 49, 200, -985.6828055631834, 163476.0, (13.399108938234939, 39.92842642615105, 29.491830489501332, 32.55293059019556), 50.67351484298706)
Day:2 
(2, 50, 200, -980.5125177071347, 156381.0, (13.399108938234939, 39.92842642615105, 29.491830489501332, 32.55293059019556), 50.05073404312134)
Day:3 
(3, 0, 200, -2156.7365170464263, 144755.0, (13.399108938234939, 39.92842642615105, 29.491830489501332, 32.55293059019556), 15.257750988006592)
Day:3 
(3, 1, 200, -2101.9398065733467, 143580.0, (13.399108938234939, 39.92842642615105, 29.491830489501332, 32.55293059019556), 107.06907916069031)
Day:3 
(3, 2, 200, -2094.0797383233557, 143265.0, (13.399108938234939, 39.92842642615105, 29.491830489501332, 32.55293059019556), 117.76611280441284)
Day:3 
(3, 3, 200, -2068.2796369324496, 142485.0, (13.399108938234939, 39.92842642615105, 29.491830489501332, 32.55293059019556), 114.00850319862366)
Day:3 
(3, 4, 200, -1791.2239243485706, 142179.0, (13.399108938234939, 39.92842642615105, 29.491830489501332, 32.55293059019556), 110.01236891746521)
Day:3 
(3, 5, 200, -1779.320696530413, 139310.0, (13.399108938234939, 39.92842642615105, 29.491830489501332, 32.55293059019556), 104.12430500984192)
Day:3 
(3, 6, 200, -1779.320696530413, 139310.0, (13.399108938234939, 39.92842642615105, 29.491830489501332, 32.55293059019556), 121.59767889976501)
Day:3 
(3, 7, 200, -1778.6729137242164, 138958.0, (13.399108938234939, 39.92842642615105, 29.491830489501332, 32.55293059019556), 123.28609704971313)
Day:3 
(3, 8, 200, -1742.5784355795208, 134614.0, (13.399108938234939, 39.92842642615105, 29.491830489501332, 32.55293059019556), 116.45244312286377)
Day:3 
(3, 9, 200, -1742.5784355795208, 134614.0, (13.399108938234939, 39.92842642615105, 29.491830489501332, 32.55293059019556), 106.66180491447449)
Day:3 
(3, 10, 200, -1739.2247412603542, 132670.0, (13.399108938234939, 39.92842642615105, 29.491830489501332, 32.55293059019556), 113.53060007095337)
Day:3 
(3, 11, 200, -1739.2247412603542, 132670.0, (13.399108938234939, 39.92842642615105, 29.491830489501332, 32.55293059019556), 115.007887840271)
Day:3 
(3, 12, 200, -1728.8735543723587, 132502.0, (13.399108938234939, 39.92842642615105, 29.491830489501332, 32.55293059019556), 123.4916729927063)
Day:3 
(3, 13, 200, -1723.6141485251537, 126702.0, (13.399108938234939, 39.92842642615105, 29.491830489501332, 32.55293059019556), 108.71528196334839)
Day:3 
(3, 14, 200, -1723.6141485251537, 126702.0, (13.399108938234939, 39.92842642615105, 29.491830489501332, 32.55293059019556), 107.53555417060852)
Day:3 
(3, 15, 200, -1717.7142235878505, 126641.0, (13.399108938234939, 39.92842642615105, 29.491830489501332, 32.55293059019556), 113.94403100013733)
Day:3 
(3, 16, 200, -1717.7142235878505, 126641.0, (13.399108938234939, 39.92842642615105, 29.491830489501332, 32.55293059019556), 117.18364882469177)
Day:3 
(3, 17, 200, -1717.7142235878505, 126641.0, (13.399108938234939, 39.92842642615105, 29.491830489501332, 32.55293059019556), 117.83443808555603)
Day:3 
(3, 18, 200, -1717.7142235878505, 126641.0, (13.399108938234939, 39.92842642615105, 29.491830489501332, 32.55293059019556), 100.82799696922302)