
Day:1 
(1, 0, 200, -29.972761839506088, 226.0, (19.818602017772402, 0.44000082064826684, 7.507369146963003, 13.369410797599175), 4.033850908279419)
Day:1 
(1, 1, 200, -28.537868987610572, 81.0, (3.9675013237286447, 1.4436095692515063, 6.094982458185841, 45.059111950041796), 7.726923942565918)
Day:1 
(1, 2, 200, -27.84793694597333, 25.0, (3.1640600498144464, 3.9414233960586786, 12.251476948895066, 24.67846210789487), 8.219633102416992)
Day:1 
(1, 3, 200, -28.652978832904655, 729.0, (12.976263504674277, 6.207394747918184, 1.6688713520958516, 24.67846210789487), 8.141264915466309)
Day:1 
(1, 4, 200, -33.98455758491846, 784.0, (64.37952407805237, 11.86826464435048, 10.118074833521638, 65.66250112822316), 8.245153903961182)
Day:1 
(1, 5, 200, -32.400426380083104, 4.0, (37.378972043061104, 22.274444122817073, 10.118074833521638, 65.66250112822316), 8.313283205032349)
Day:1 
(1, 6, 200, -30.55640894430984, 100.0, (37.378972043061104, 9.301713478946427, 10.118074833521638, 39.74441537612987), 8.58289384841919)
Day:1 
(1, 7, 200, -28.75369524645071, 289.0, (11.849699159503542, 1.0457811659323988, 10.118074833521638, 33.58476396457161), 8.249092102050781)
Day:1 
(1, 8, 200, -28.355718695419903, 25.0, (19.10718765811787, 1.0457811659323988, 0.4533247029726019, 33.58476396457161), 8.241432905197144)
Day:1 
(1, 9, 200, -31.181737379781126, 9.0, (40.941107988312666, 6.6923768251269244, 29.79228386632195, 33.58476396457161), 8.19545316696167)
Day:1 
(1, 10, 200, -30.968564846586247, 100.0, (40.941107988312666, 14.922344591113479, 15.557234674104835, 33.58476396457161), 8.258094787597656)
Day:1 
(1, 11, 200, -29.437421192168934, 196.0, (10.00563216558074, 14.115829592578578, 15.557234674104835, 32.84150237313515), 8.14533805847168)
Day:1 
(1, 12, 200, -30.599714432490508, 64.0, (10.00563216558074, 7.306941396072027, 48.714035209312904, 32.29801575759702), 8.036580085754395)
Day:1 
(1, 13, 200, -28.511190899668964, 256.0, (4.192585546453976, 6.990617556540055, 8.945472536023857, 32.29801575759702), 8.319406032562256)
Day:1 
(1, 14, 200, -29.883438559920396, 625.0, (4.192585546453976, 19.531376453193182, 9.688154865304691, 39.68282997283866), 8.61658501625061)
Day:1 
(1, 15, 200, -30.784105373766728, 36.0, (4.192585546453976, 10.651864028267067, 45.985924857824934, 41.59494965210535), 8.382704019546509)
Day:1 
(1, 16, 200, -32.38178046686677, 1.0, (4.192585546453976, 11.713102706606877, 24.101166267569365, 95.14432346587625), 8.381101846694946)
Day:1 
(1, 17, 200, -32.471245701276, 0.0, (12.04206241854778, 2.3143790600237244, 27.449713068575562, 95.14432346587625), 8.493229150772095)
Day:1 
(1, 18, 200, -38.70123943233641, 16.0, (38.08118100018296, 17.374385568928908, 110.58974202020597, 95.14432346587625), 8.126534938812256)
Day:1 
(1, 19, 200, -32.84015235949498, 100.0, (44.9532307699705, 1.5091629773348605, 0.6113268221766817, 95.14432346587625), 7.9904608726501465)
Day:1 
(1, 20, 200, -33.91493548455435, 1296.0, (39.9690622733125, 1.8761554881489368, 3.724048674286975, 95.14432346587625), 8.17405915260315)
Day:1 
(1, 21, 200, -33.15280719630974, 841.0, (18.783696970636324, 16.63477894672801, 3.724048674286975, 95.14432346587625), 8.870390892028809)
Day:1 
(1, 22, 200, -31.652403109314136, 81.0, (13.105839016075645, 2.1175535106172245, 16.768574237657223, 87.05850038518473), 8.523056983947754)
Day:1 
(1, 23, 200, -29.65976613978081, 9.0, (2.509263925431955, 32.11586921850243, 6.074005691736023, 39.81143332505268), 7.8610639572143555)
Day:1 
(1, 24, 200, -33.436837622860004, 1225.0, (28.992211153759317, 32.11586921850243, 36.24993410813673, 35.167240044504325), 8.457468032836914)
Day:1 
(1, 25, 200, -31.37689910016236, 441.0, (17.988913246053848, 27.722965635924936, 25.66357910220876, 35.167240044504325), 8.44084906578064)
Day:2 
(2, 0, 200, -14472.328317123323, 1240753.0, (17.988913246053848, 27.722965635924936, 25.66357910220876, 35.167240044504325), 10.084415912628174)
Day:2 
(2, 1, 200, -952.6359498820308, 92015.0, (5.71009281084897, 27.722965635924936, 13.94165722145175, 20.895730048009188), 47.47191119194031)
Day:2 
(2, 2, 200, -894.5769758795508, 85437.0, (5.71009281084897, 27.722965635924936, 13.94165722145175, 20.895730048009188), 60.475796937942505)
Day:2 
(2, 3, 200, -893.344324825976, 85098.0, (5.71009281084897, 27.722965635924936, 13.94165722145175, 20.895730048009188), 53.92217493057251)
Day:2 
(2, 4, 200, -893.3530413128212, 84784.0, (5.71009281084897, 27.722965635924936, 13.94165722145175, 20.895730048009188), 60.770684003829956)
Day:2 
(2, 5, 200, -895.1824311617663, 84836.0, (5.71009281084897, 27.722965635924936, 13.94165722145175, 20.895730048009188), 48.54917597770691)
Day:2 
(2, 6, 200, -893.6405129389872, 83226.0, (5.71009281084897, 27.722965635924936, 13.94165722145175, 20.895730048009188), 78.3467309474945)
Day:2 
(2, 7, 200, -896.5044416946361, 83893.0, (5.71009281084897, 27.722965635924936, 13.94165722145175, 20.895730048009188), 53.68079113960266)
Day:2 
(2, 8, 200, -893.9613288853149, 84000.0, (5.71009281084897, 27.722965635924936, 13.94165722145175, 20.895730048009188), 60.78013205528259)
Day:2 
(2, 9, 200, -890.2131449062123, 79209.0, (5.71009281084897, 27.722965635924936, 13.94165722145175, 20.895730048009188), 55.61883497238159)
Day:2 
(2, 10, 200, -860.4377873878093, 78444.0, (5.71009281084897, 27.722965635924936, 13.94165722145175, 20.895730048009188), 71.80987882614136)
Day:2 
(2, 11, 200, -864.1456059622456, 78511.0, (5.71009281084897, 27.722965635924936, 13.94165722145175, 20.895730048009188), 58.79703402519226)
Day:2 
(2, 12, 200, -860.2775495445117, 78634.0, (5.71009281084897, 27.722965635924936, 13.94165722145175, 20.895730048009188), 60.64991497993469)
Day:2 
(2, 13, 200, -861.206177999093, 78466.0, (5.71009281084897, 27.722965635924936, 13.94165722145175, 20.895730048009188), 71.54107308387756)
Day:2 
(2, 14, 200, -860.9464023949456, 78740.0, (5.71009281084897, 27.722965635924936, 13.94165722145175, 20.895730048009188), 61.49276804924011)
Day:2 
(2, 15, 200, -862.6187671202471, 78840.0, (5.71009281084897, 27.722965635924936, 13.94165722145175, 20.895730048009188), 53.56787085533142)
Day:2 
(2, 16, 200, -862.5155297326081, 78342.0, (5.71009281084897, 27.722965635924936, 13.94165722145175, 20.895730048009188), 77.00869107246399)
Day:2 
(2, 17, 200, -861.6251792926987, 78280.0, (5.71009281084897, 27.722965635924936, 13.94165722145175, 20.895730048009188), 62.26527500152588)
Day:2 
(2, 18, 200, -861.6134120802634, 77944.0, (5.71009281084897, 27.722965635924936, 13.94165722145175, 20.895730048009188), 65.59412813186646)
Day:2 
(2, 19, 200, -860.6179787988119, 78568.0, (5.71009281084897, 27.722965635924936, 13.94165722145175, 20.895730048009188), 70.6537618637085)
Day:2 
(2, 20, 200, -863.0271779164374, 78521.0, (5.71009281084897, 27.722965635924936, 13.94165722145175, 20.895730048009188), 64.20720791816711)
Day:2 
(2, 21, 200, -862.8813832724562, 78274.0, (5.71009281084897, 27.722965635924936, 13.94165722145175, 20.895730048009188), 64.08403420448303)
Day:2 
(2, 22, 200, -862.9289766655401, 78346.0, (5.71009281084897, 27.722965635924936, 13.94165722145175, 20.895730048009188), 50.93705081939697)
Day:2 
(2, 23, 200, -862.2468157266529, 78347.0, (5.71009281084897, 27.722965635924936, 13.94165722145175, 20.895730048009188), 54.13889718055725)
Day:2 
(2, 24, 200, -862.9180967809256, 78393.0, (5.71009281084897, 27.722965635924936, 13.94165722145175, 20.895730048009188), 52.69601488113403)
Day:2 
(2, 25, 200, -854.493416724955, 78158.0, (5.71009281084897, 27.722965635924936, 13.94165722145175, 20.895730048009188), 54.29671001434326)