
Day:1 
(1, 0, 100, -22775170.56597944, 1352676214952.0, (11.915027167574387, 6.585683754669293, 20.230884381912343, 0.7293990449333693), 4.192065954208374)
Day:1 
(1, 1, 100, -2465.3935477328305, 51068084.0, (3.893671196056091, 8.906526925190287, 10.247319418808152, 8.76350386001115), 31.734550952911377)
Day:1 
(1, 2, 100, -1905.6842311761402, 4482019.0, (2.012818234508938, 6.953850272189602, 11.806390227908848, 7.4544308973635), 32.14407801628113)
Day:1 
(1, 3, 100, -1839.0749705690973, 4406623.0, (2.012818234508938, 6.953850272189602, 11.806390227908848, 7.4544308973635), 32.47631597518921)
Day:1 
(1, 4, 100, -1227.8787816332124, 23177763.0, (6.613279949118734, 10.920169531541157, 20.249229636609403, 10.898410622030147), 32.41983413696289)
Day:1 
(1, 5, 100, -1227.1508670448316, 22079351.0, (6.613279949118734, 10.920169531541157, 20.249229636609403, 10.898410622030147), 32.740885972976685)
Day:1 
(1, 6, 100, -1219.3692310724782, 16906661.0, (6.613279949118734, 10.920169531541157, 20.249229636609403, 10.898410622030147), 33.09945583343506)
Day:1 
(1, 7, 100, -1221.2870986658181, 16908668.0, (6.613279949118734, 10.920169531541157, 20.249229636609403, 10.898410622030147), 32.915603160858154)
Day:1 
(1, 8, 100, -1224.4612481376762, 17965619.0, (6.613279949118734, 10.920169531541157, 20.249229636609403, 10.898410622030147), 33.423075914382935)
Day:1 
(1, 9, 100, -1216.0416823999121, 17963352.0, (6.613279949118734, 10.920169531541157, 20.249229636609403, 10.898410622030147), 32.90065097808838)
Day:1 
(1, 10, 100, -1215.8453654992609, 16620270.0, (6.613279949118734, 10.920169531541157, 20.249229636609403, 10.898410622030147), 32.95822501182556)
Day:1 
(1, 11, 100, -1216.1154710753685, 16621465.0, (6.613279949118734, 10.920169531541157, 20.249229636609403, 10.898410622030147), 32.99567890167236)
Day:1 
(1, 12, 100, -1210.9762576504936, 16502687.0, (6.613279949118734, 10.920169531541157, 20.249229636609403, 10.898410622030147), 33.03370022773743)
Day:1 
(1, 13, 100, -1209.9380852656516, 15927250.0, (6.613279949118734, 10.920169531541157, 20.249229636609403, 10.898410622030147), 33.023462772369385)
Day:1 
(1, 14, 100, -1209.4562144139275, 12759520.0, (6.613279949118734, 10.920169531541157, 20.249229636609403, 10.898410622030147), 33.024139165878296)
Day:1 
(1, 15, 100, -1211.4612568108003, 12760296.0, (6.613279949118734, 10.920169531541157, 20.249229636609403, 10.898410622030147), 32.992435932159424)
Day:1 
(1, 16, 100, -422.16069990628307, 2718108.0, (5.023008089459924, 11.489224756996418, 4.147117723642537, 10.630523129805546), 32.64326500892639)
Day:1 
(1, 17, 100, -418.54565617220567, 2704623.0, (5.023008089459924, 11.489224756996418, 4.147117723642537, 10.630523129805546), 32.85966396331787)
Day:1 
(1, 18, 100, -416.49427552229, 1696919.0, (5.023008089459924, 11.489224756996418, 4.147117723642537, 10.630523129805546), 32.831624031066895)
Day:1 
(1, 19, 100, -402.3805425554986, 2541418.0, (5.023008089459924, 11.489224756996418, 4.147117723642537, 10.630523129805546), 33.4831109046936)
Day:1 
(1, 20, 100, -405.87494172760574, 3366228.0, (5.023008089459924, 11.489224756996418, 4.147117723642537, 10.630523129805546), 33.144124031066895)
Day:1 
(1, 21, 100, -404.1034180330027, 1897213.0, (5.023008089459924, 11.489224756996418, 4.147117723642537, 10.630523129805546), 32.9299681186676)
Day:1 
(1, 22, 100, -394.28083321482916, 1711267.0, (5.023008089459924, 11.489224756996418, 4.147117723642537, 10.630523129805546), 33.27996587753296)
Day:1 
(1, 23, 100, -391.1037741433216, 6130398.0, (5.023008089459924, 11.489224756996418, 4.147117723642537, 10.630523129805546), 33.424216985702515)
Day:1 
(1, 24, 100, -396.4608065240909, 3032380.0, (5.023008089459924, 11.489224756996418, 4.147117723642537, 10.630523129805546), 33.44576811790466)
Day:1 
(1, 25, 100, -393.17438419255296, 1762649.0, (5.023008089459924, 11.489224756996418, 4.147117723642537, 10.630523129805546), 33.23932695388794)
Day:1 
(1, 26, 100, -392.5015120403284, 1767796.0, (5.023008089459924, 11.489224756996418, 4.147117723642537, 10.630523129805546), 33.255789041519165)
Day:1 
(1, 27, 100, -390.4178802516918, 3616616.0, (5.023008089459924, 11.489224756996418, 4.147117723642537, 10.630523129805546), 33.36582088470459)
Day:1 
(1, 28, 100, -389.8876495129977, 3615439.0, (5.023008089459924, 11.489224756996418, 4.147117723642537, 10.630523129805546), 33.28303503990173)
Day:1 
(1, 29, 100, -392.6906009386861, 1358150.0, (5.023008089459924, 11.489224756996418, 4.147117723642537, 10.630523129805546), 33.38453006744385)
Day:1 
(1, 30, 100, -392.2496730559475, 3787770.0, (5.023008089459924, 11.489224756996418, 4.147117723642537, 10.630523129805546), 33.340126037597656)
Day:1 
(1, 31, 100, -389.4412604451288, 1435591.0, (5.023008089459924, 11.489224756996418, 4.147117723642537, 10.630523129805546), 33.34612202644348)
Day:1 
(1, 32, 100, -386.4475253157084, 1431069.0, (5.023008089459924, 11.489224756996418, 4.147117723642537, 10.630523129805546), 33.39760684967041)
Day:1 
(1, 33, 100, -388.25073736747504, 3427992.0, (5.023008089459924, 11.489224756996418, 4.147117723642537, 10.630523129805546), 33.37072205543518)
Day:1 
(1, 34, 100, -388.1413906193592, 2158539.0, (5.023008089459924, 11.489224756996418, 4.147117723642537, 10.630523129805546), 33.34012293815613)
Day:1 
(1, 35, 100, -390.41969376140787, 1747033.0, (5.023008089459924, 11.489224756996418, 4.147117723642537, 10.630523129805546), 33.36519908905029)
Day:1 
(1, 36, 100, -386.263364933664, 2632993.0, (5.023008089459924, 11.489224756996418, 4.147117723642537, 10.630523129805546), 33.35638093948364)
Day:1 
(1, 37, 100, -387.83237085644043, 3291169.0, (5.023008089459924, 11.489224756996418, 4.147117723642537, 10.630523129805546), 33.41036796569824)
Day:1 
(1, 38, 100, -391.349185039693, 5867701.0, (5.023008089459924, 11.489224756996418, 4.147117723642537, 10.630523129805546), 33.431305170059204)
Day:1 
(1, 39, 100, -393.9357837915892, 1650726.0, (5.023008089459924, 11.489224756996418, 4.147117723642537, 10.630523129805546), 33.531760931015015)
Day:1 
(1, 40, 100, -386.5953707718674, 3120011.0, (5.023008089459924, 11.489224756996418, 4.147117723642537, 10.630523129805546), 33.672651052474976)
Day:1 
(1, 41, 100, -386.44902613165596, 3581812.0, (5.023008089459924, 11.489224756996418, 4.147117723642537, 10.630523129805546), 33.47895693778992)
Day:1 
(1, 42, 100, -392.6124462411867, 4145690.0, (5.023008089459924, 11.489224756996418, 4.147117723642537, 10.630523129805546), 33.4172260761261)
Day:1 
(1, 43, 100, -387.29226572899495, 4877928.0, (5.023008089459924, 11.489224756996418, 4.147117723642537, 10.630523129805546), 33.404377937316895)
Day:1 
(1, 44, 100, -388.317774706337, 1617458.0, (5.023008089459924, 11.489224756996418, 4.147117723642537, 10.630523129805546), 33.413733959198)
Day:1 
(1, 45, 100, -386.86581021087125, 2239284.0, (5.023008089459924, 11.489224756996418, 4.147117723642537, 10.630523129805546), 33.660869121551514)
Day:1 
(1, 46, 100, -386.2450002370417, 4046449.0, (5.023008089459924, 11.489224756996418, 4.147117723642537, 10.630523129805546), 33.699211835861206)
Day:1 
(1, 47, 100, -384.3604816336324, 3837963.0, (5.023008089459924, 11.489224756996418, 4.147117723642537, 10.630523129805546), 33.49162006378174)
Day:1 
(1, 48, 100, -384.48990509764144, 2830644.0, (5.023008089459924, 11.489224756996418, 4.147117723642537, 10.630523129805546), 33.52746510505676)
Day:1 
(1, 49, 100, -388.71000724433486, 2831958.0, (5.023008089459924, 11.489224756996418, 4.147117723642537, 10.630523129805546), 33.516390800476074)
Day:1 
(1, 50, 100, -389.6329626187339, 3466487.0, (5.023008089459924, 11.489224756996418, 4.147117723642537, 10.630523129805546), 33.529813051223755)
Day:2 
(2, 0, 100, -1808403.4709049987, 695679439713.0, (5.023008089459924, 11.489224756996418, 4.147117723642537, 10.630523129805546), 17.94942307472229)
Day:2 
(2, 1, 100, -648638.3444814302, 171914351785.0, (2.557051588880442, 0.7248190731309875, 6.600404797786785, 5.130293860782705), 692.9929299354553)
Day:2 
(2, 2, 100, -648533.6162917721, 171914343757.0, (2.557051588880442, 0.7248190731309875, 6.600404797786785, 5.130293860782705), 687.7686140537262)
Day:2 
(2, 3, 100, -648456.2297001468, 171914333233.0, (2.557051588880442, 0.7248190731309875, 6.600404797786785, 5.130293860782705), 762.1378710269928)
Day:2 
(2, 4, 100, -635387.8366432831, 69661858294.0, (0.6610529798746522, 5.500318041315713, 10.94434047554101, 5.27695591514534), 761.4535520076752)
Day:2 
(2, 5, 100, -527096.7927533495, 136027363460.0, (10.074285627967841, 15.06554127907742, 9.291121652297708, 13.351321841636745), 698.5719480514526)
Day:2 
(2, 6, 100, -445121.1885748955, 52855528760.0, (7.803402634145778, 11.681580595802362, 15.245865531807521, 10.516100187000848), 748.0579969882965)
Day:2 
(2, 7, 100, -440902.95594072295, 35590988201.0, (8.70466566938888, 20.54149608271007, 20.556442573982142, 16.165424759760718), 764.6034488677979)