
Day:1 
(1, 0, 200, -32.0613083739113, 225.0, (-5.5852338697710415, -39.97204174781572, 19.81349381557658, 0.723568742433249), 4.1813249588012695)
Day:1 
(1, 1, 200, -31.71809996193508, 64.0, (-8.072904787551735, -39.97204174781572, 12.556398318201804, -7.716200158586231), 7.891324043273926)
Day:1 
(1, 2, 200, -32.56440562478069, 1089.0, (14.942895303492861, -13.178829699437316, 34.81783729681876, 12.591314409677755), 7.5605690479278564)
Day:1 
(1, 3, 200, -31.704314366618043, 1.0, (10.616271598352371, -21.81810053621858, -30.469530919292488, 20.151047430811847), 7.524095058441162)
Day:1 
(1, 4, 200, -31.79863633535824, 169.0, (18.29529734192737, -15.488148202104558, -25.39324424378349, 20.151047430811847), 7.675523996353149)
Day:1 
(1, 5, 200, -32.6347392487704, 289.0, (-28.441025499754442, -25.349271346230907, -25.39324424378349, 18.692301631500193), 7.704463005065918)
Day:1 
(1, 6, 200, -32.127775999459665, 121.0, (-28.441025499754442, -0.6069564832582441, 36.70066207009538, -0.011372310333194524), 7.940691947937012)
Day:1 
(1, 7, 200, -34.420898984043674, 324.0, (1.199422061775184, -41.45461869127522, 37.87265294491764, 26.327124497478703), 7.960952043533325)
Day:1 
(1, 8, 200, -33.52805355969049, 4.0, (-27.673025241286478, -41.45461869127522, -28.554269149113136, 8.990909149589452), 7.729697942733765)
Day:1 
(1, 9, 200, -36.71782339117262, 2601.0, (-27.673025241286478, -26.80203790798317, 21.917965203226384, 42.58475002880249), 7.640897035598755)
Day:1 
(1, 10, 200, -32.114526572694444, 169.0, (12.574742599575606, 0.17995402425081525, 11.794177844742986, 42.58475002880249), 7.867995023727417)
Day:1 
(1, 11, 200, -32.11306844304266, 225.0, (-12.154974050071962, 0.17995402425081525, 10.813380225490318, 42.58475002880249), 7.865602970123291)
Day:1 
(1, 12, 200, -34.3194167466465, 144.0, (-40.312102780742826, 18.728424440625083, 10.813380225490318, 42.58475002880249), 8.002908945083618)
Day:1 
(1, 13, 200, -33.201466669947564, 144.0, (17.14192381515827, -12.50986320775712, -27.14891849038279, 42.58475002880249), 7.9223151206970215)
Day:1 
(1, 14, 200, -33.700541992256504, 729.0, (-30.585123730153747, 13.290454665540718, -5.5223767099096, 42.58475002880249), 7.78070592880249)
Day:1 
(1, 15, 200, -31.62015314985994, 729.0, (-30.585123730153747, 13.290454665540718, -5.5223767099096, 8.592315979872264), 8.495060920715332)
Day:1 
(1, 16, 200, -30.654986024723705, 36.0, (-30.585123730153747, 2.93751014126052, -6.338286939396533, 8.592315979872264), 8.281921148300171)
Day:1 
(1, 17, 200, -30.11819985386037, 529.0, (3.8766935465467225, -0.21528172010843807, 6.745201808288737, 13.604967503618788), 8.167490005493164)
Day:1 
(1, 18, 200, -30.94215762757924, 441.0, (-25.15298167788683, -0.21121447582923011, -12.919971426228345, 12.22518264934335), 7.823980808258057)
Day:1 
(1, 19, 200, -31.82216886431886, 676.0, (21.827684120588433, -15.507857402582022, -14.896016180246471, 23.573269314011398), 7.972957134246826)
Day:1 
(1, 20, 200, -30.68160347171709, 0.0, (17.438253081710272, 15.673666916506237, 0.36196554906333633, 23.573269314011398), 7.758275985717773)
Day:1 
(1, 21, 200, -32.133501933196186, 1849.0, (22.24075292349234, -12.836079676609067, 0.36196554906333633, 13.230819941636977), 8.463543891906738)
Day:1 
(1, 22, 200, -32.12953150475704, 169.0, (-15.216959318819642, -12.836079676609067, 0.36196554906333633, 41.69448669568406), 8.60339617729187)
Day:1 
(1, 23, 200, -34.80076074737849, 729.0, (-40.927651041268824, -15.756410483724522, 13.207999490493167, 41.69448669568406), 8.266933917999268)
Day:1 
(1, 24, 200, -31.586208963184788, 49.0, (-29.901384210041222, 19.74015631108474, 20.025798425832477, 10.119819833511059), 7.891545057296753)
Day:1 
(1, 25, 200, -31.66641085847025, 441.0, (-12.150814058036666, -19.704780408043266, 20.025798425832477, 24.814527312597328), 8.524235010147095)
Day:1 
(1, 26, 200, -33.563777255139854, 101.0, (-12.512008183731721, -12.726346754009278, -11.446447703538224, 3.5979080822984795), 8.386765956878662)
Day:1 
(1, 27, 200, -30.26059652812709, 625.0, (-12.512008183731721, -7.526053471637472, 4.545532093590755, 4.307085043942933), 8.783577919006348)
Day:1 
(1, 28, 200, -34.21269076292698, 401.0, (-5.726895911232187, -7.526053471637472, 22.14408924610599, -0.4701315764483248), 8.677536964416504)
Day:1 
(1, 29, 200, -32.3460588994055, 16.0, (-5.726895911232187, -7.526053471637472, 22.14408924610599, -0.4701315764483248), 9.167675018310547)
Day:1 
(1, 30, 200, -30.113118746327846, 9.0, (-5.726895911232187, -7.526053471637472, 22.14408924610599, 7.9184634681878485), 9.034991979598999)
Day:1 
(1, 31, 200, -35.646066363292974, 121.0, (-5.726895911232187, -34.8861327895394, 22.14408924610599, 56.87979861983264), 8.762876987457275)
Day:1 
(1, 32, 200, -31.81247753196087, 361.0, (-0.3261589378813806, -34.8861327895394, 22.14408924610599, 1.9079374770270072), 8.665914058685303)
Day:1 
(1, 33, 200, -32.34339482392265, 2704.0, (1.5227203487771712, -9.696803765688893, -1.3128908745355048, 9.70735190845656), 8.427320957183838)
Day:1 
(1, 34, 200, -30.42873730987952, 676.0, (1.7149850886773261, -16.193060295032005, -8.648874668338179, 5.853468997116562), 8.316303014755249)
Day:1 
(1, 35, 200, -30.680400425620032, 9.0, (-0.6729734454322895, -26.771608580835117, 19.22505703297087, -2.6533103899253323), 8.484193086624146)
Day:1 
(1, 36, 200, -30.78814041837276, 121.0, (-0.6729734454322895, -26.771608580835117, 19.22505703297087, 1.5478130098913792), 8.986196994781494)
Day:1 
(1, 37, 200, -32.003966935018354, 961.0, (-18.061652932395205, -22.398909552217436, 19.22505703297087, 13.133588465218361), 8.74537992477417)
Day:1 
(1, 38, 200, -29.912928327421888, 49.0, (-18.061652932395205, -6.69715565571904, -3.5273027171444125, 8.424460859292882), 8.211259126663208)
Day:1 
(1, 39, 200, -34.45429266532012, 4489.0, (-23.964786689820624, 5.285710696797347, -3.5273027171444125, 7.666051059119283), 8.616546869277954)
Day:1 
(1, 40, 200, -33.2771677345832, 625.0, (-23.964786689820624, -19.289039082817194, -5.127091339985131, 41.539292381444206), 8.621909141540527)
Day:1 
(1, 41, 200, -29.89364396727358, 361.0, (-10.653309950489271, -2.0018652459176822, 4.366595021243728, 6.284411062903788), 8.615708827972412)
Day:1 
(1, 42, 200, -33.58930233446874, 2304.0, (19.071638621078826, -30.039913730906363, 14.747728540400756, 6.284411062903788), 8.484663009643555)
Day:1 
(1, 43, 200, -32.94493390471621, 16.0, (-12.336228491525803, -35.098937088722415, 35.40129080319046, 16.265553946043724), 8.622790098190308)
Day:1 
(1, 44, 200, -32.5663900761421, 121.0, (-29.590712423629643, -35.098937088722415, 19.6415004055893, -4.29378175001342), 8.356765985488892)
Day:1 
(1, 45, 200, -31.24036042427285, 289.0, (8.101799468424511, -35.098937088722415, 0.8696815213523093, 5.64469105362225), 8.51197600364685)
Day:1 
(1, 46, 200, -36.392678585483566, 2916.0, (12.633628776932381, -52.478825797183234, -15.259185745500533, 10.37931845287015), 8.36359691619873)
Day:1 
(1, 47, 200, -30.382754696974512, 9.0, (-20.247830990889035, 11.102949902266854, -11.20457795168485, 14.105900788931258), 8.51129412651062)
Day:1 
(1, 48, 200, -33.60832467566431, 1156.0, (-21.24015279355275, -8.172070105048254, 4.188082047081714, 44.2367351701226), 8.248013973236084)
Day:1 
(1, 49, 200, -30.73662296128742, 144.0, (-21.24015279355275, 9.561317613621865, 19.097615626656577, 11.032229607930368), 8.666093111038208)
Day:1 
(1, 50, 200, -31.72339331360099, 841.0, (-18.049881014815295, 18.551122023485743, 19.097615626656577, 7.608554290068729), 8.91789984703064)
Day:2 
(2, 0, 200, -8577.478383582704, 494364.0, (-18.049881014815295, 18.551122023485743, 19.097615626656577, 7.608554290068729), 10.793437957763672)
Day:2 
(2, 1, 200, -5231.130978354699, 224468.0, (4.580140184066435, 18.551122023485743, 20.446805769713478, 7.608554290068729), 98.08650016784668)
Day:2 
(2, 2, 200, -1216.0679292610685, 141816.0, (4.580140184066435, 4.188057091119524, 20.446805769713478, 7.608554290068729), 71.2917149066925)
Day:2 
(2, 3, 200, -1191.8644262639157, 131542.0, (4.580140184066435, 4.188057091119524, 20.446805769713478, 7.608554290068729), 92.24408793449402)
Day:2 
(2, 4, 200, -1171.7676786610605, 131282.0, (4.580140184066435, 4.188057091119524, 20.446805769713478, 7.608554290068729), 62.63435697555542)
Day:2 
(2, 5, 200, -407.4482521262933, 68973.0, (4.580140184066435, 2.9451608241631577, 10.604275117536446, 7.608554290068729), 107.19033718109131)
Day:2 
(2, 6, 200, -405.17944235947033, 68781.0, (4.580140184066435, 2.9451608241631577, 10.604275117536446, 7.608554290068729), 88.00171995162964)
Day:2 
(2, 7, 200, -405.4696745706672, 67220.0, (4.580140184066435, 2.9451608241631577, 10.604275117536446, 7.608554290068729), 83.71613693237305)
Day:2 
(2, 8, 200, -389.5878708182484, 62571.0, (4.580140184066435, 2.9451608241631577, 10.604275117536446, 7.608554290068729), 91.462238073349)
Day:2 
(2, 9, 200, -379.45411478221604, 61153.0, (4.580140184066435, 2.9451608241631577, 10.604275117536446, 7.608554290068729), 68.2748110294342)
Day:2 
(2, 10, 200, -386.96956182032267, 61357.0, (4.580140184066435, 2.9451608241631577, 10.604275117536446, 7.608554290068729), 74.80290484428406)
Day:2 
(2, 11, 200, -381.6683938220771, 60073.0, (4.580140184066435, 2.9451608241631577, 10.604275117536446, 7.608554290068729), 67.68240118026733)
Day:2 
(2, 12, 200, -375.19184523142883, 60046.0, (4.580140184066435, 2.9451608241631577, 10.604275117536446, 7.608554290068729), 80.99267792701721)
Day:2 
(2, 13, 200, -371.0432097516012, 60748.0, (4.580140184066435, 2.9451608241631577, 10.604275117536446, 7.608554290068729), 85.50270795822144)
Day:2 
(2, 14, 200, -372.17691656935233, 60564.0, (4.580140184066435, 2.9451608241631577, 10.604275117536446, 7.608554290068729), 81.40288090705872)
Day:2 
(2, 15, 200, -378.49833432023246, 59378.0, (4.580140184066435, 2.9451608241631577, 10.604275117536446, 7.608554290068729), 80.80755305290222)
Day:2 
(2, 16, 200, -202.15684641208816, 12224.0, (4.580140184066435, 7.753966667625694, 10.604275117536446, 7.608554290068729), 94.50592494010925)
Day:2 
(2, 17, 200, -196.05857832691626, 11277.0, (4.580140184066435, 7.753966667625694, 10.604275117536446, 7.608554290068729), 117.29599809646606)
Day:2 
(2, 18, 200, -144.0369180815194, 1099.0, (4.580140184066435, 7.753966667625694, 8.124987873972287, 7.608554290068729), 89.1285080909729)
Day:2 
(2, 19, 200, -150.0244668763573, 849.0, (4.580140184066435, 7.753966667625694, 8.124987873972287, 7.608554290068729), 117.95733094215393)
Day:2 
(2, 20, 200, -142.19062020476096, 620.0, (4.580140184066435, 7.753966667625694, 8.124987873972287, 7.608554290068729), 115.02410697937012)
Day:2 
(2, 21, 200, -154.62701747630524, 1526.0, (4.580140184066435, 7.753966667625694, 8.124987873972287, 7.608554290068729), 127.28660011291504)
Day:2 
(2, 22, 200, -148.4532599909625, 766.0, (4.580140184066435, 7.753966667625694, 8.124987873972287, 7.608554290068729), 122.03126287460327)
Day:2 
(2, 23, 200, -144.23719998857388, 1743.0, (4.580140184066435, 7.753966667625694, 8.124987873972287, 7.608554290068729), 111.39654493331909)
Day:2 
(2, 24, 200, -146.47640122130036, 2277.0, (4.580140184066435, 7.753966667625694, 8.124987873972287, 7.608554290068729), 128.10844898223877)
Day:2 
(2, 25, 200, -140.81017794955144, 2289.0, (4.580140184066435, 7.753966667625694, 8.124987873972287, 7.608554290068729), 108.36360716819763)
Day:2 
(2, 26, 200, -142.53347628240306, 1188.0, (4.580140184066435, 7.753966667625694, 8.124987873972287, 7.608554290068729), 123.84783387184143)
Day:2 
(2, 27, 200, -150.5873622176849, 981.0, (4.580140184066435, 7.753966667625694, 8.124987873972287, 7.608554290068729), 128.5382001399994)
Day:2 
(2, 28, 200, -144.5957951879856, 1751.0, (4.580140184066435, 7.753966667625694, 8.124987873972287, 7.608554290068729), 101.35700392723083)
Day:2 
(2, 29, 200, -143.15720886210255, 994.0, (4.580140184066435, 7.753966667625694, 8.124987873972287, 7.608554290068729), 116.09575891494751)
Day:2 
(2, 30, 200, -153.36994271432695, 3331.0, (4.580140184066435, 7.753966667625694, 8.124987873972287, 7.608554290068729), 100.42548203468323)
Day:2 
(2, 31, 200, -148.54526858032642, 2930.0, (4.580140184066435, 7.753966667625694, 8.124987873972287, 7.608554290068729), 120.51227498054504)
Day:2 
(2, 32, 200, -147.55920864135751, 2663.0, (4.580140184066435, 7.753966667625694, 8.124987873972287, 7.608554290068729), 100.11928510665894)
Day:2 
(2, 33, 200, -143.91462345714035, 2697.0, (4.580140184066435, 7.753966667625694, 8.124987873972287, 7.608554290068729), 113.61045002937317)
Day:2 
(2, 34, 200, -142.50340427699925, 2080.0, (4.580140184066435, 7.753966667625694, 8.124987873972287, 7.608554290068729), 100.72699284553528)
Day:2 
(2, 35, 200, -149.00415570700326, 2242.0, (4.580140184066435, 7.753966667625694, 8.124987873972287, 7.608554290068729), 128.28344702720642)
Day:2 
(2, 36, 200, -150.62484677368846, 1981.0, (4.580140184066435, 7.753966667625694, 8.124987873972287, 7.608554290068729), 118.4487190246582)
Day:2 
(2, 37, 200, -137.70678649559622, 2152.0, (4.580140184066435, 7.753966667625694, 8.124987873972287, 7.608554290068729), 98.54946398735046)
Day:2 
(2, 38, 200, -147.0048693969833, 2300.0, (4.580140184066435, 7.753966667625694, 8.124987873972287, 7.608554290068729), 104.30155897140503)
Day:2 
(2, 39, 200, -146.2637076692492, 1796.0, (4.580140184066435, 7.753966667625694, 8.124987873972287, 7.608554290068729), 137.0240080356598)
Day:2 
(2, 40, 200, -145.36067731836488, 1526.0, (4.580140184066435, 7.753966667625694, 8.124987873972287, 7.608554290068729), 102.93350601196289)
Day:2 
(2, 41, 200, -146.16227087556578, 2293.0, (4.580140184066435, 7.753966667625694, 8.124987873972287, 7.608554290068729), 111.7226619720459)
Day:2 
(2, 42, 200, -153.250180183048, 3263.0, (4.580140184066435, 7.753966667625694, 8.124987873972287, 7.608554290068729), 117.90823602676392)
Day:2 
(2, 43, 200, -140.64795790890358, 1569.0, (4.580140184066435, 7.753966667625694, 8.124987873972287, 7.608554290068729), 145.58211302757263)
Day:2 
(2, 44, 200, -150.08748629501005, 895.0, (4.580140184066435, 7.753966667625694, 8.124987873972287, 7.608554290068729), 124.71795392036438)
Day:2 
(2, 45, 200, -141.2526836098425, 1120.0, (4.580140184066435, 7.753966667625694, 8.124987873972287, 7.608554290068729), 122.08790111541748)
Day:2 
(2, 46, 200, -142.4491276149996, 1233.0, (4.580140184066435, 7.753966667625694, 8.124987873972287, 7.608554290068729), 105.6803629398346)
Day:2 
(2, 47, 200, -155.05775452758803, 609.0, (4.580140184066435, 7.753966667625694, 8.124987873972287, 7.608554290068729), 118.13887405395508)
Day:2 
(2, 48, 200, -150.52593126257028, 1257.0, (4.580140184066435, 7.753966667625694, 8.124987873972287, 7.608554290068729), 121.02807188034058)
Day:2 
(2, 49, 200, -151.12029026530843, 1927.0, (4.580140184066435, 7.753966667625694, 8.124987873972287, 7.608554290068729), 100.14778399467468)
Day:2 
(2, 50, 200, -145.83511615843076, 1766.0, (4.580140184066435, 7.753966667625694, 8.124987873972287, 7.608554290068729), 96.08204817771912)
Day:3 
(3, 0, 200, -365.5786009538991, 5137.0, (4.580140184066435, 7.753966667625694, 8.124987873972287, 7.608554290068729), 17.302822828292847)
Day:3 
(3, 1, 200, -363.7058224588825, 4171.0, (4.580140184066435, 7.753966667625694, 8.124987873972287, 7.608554290068729), 193.41949105262756)
Day:3 
(3, 2, 200, -351.75749297631046, 4087.0, (4.580140184066435, 7.753966667625694, 8.124987873972287, 7.608554290068729), 161.7182331085205)
Day:3 
(3, 3, 200, -353.14510354672416, 4234.0, (4.580140184066435, 7.753966667625694, 8.124987873972287, 7.608554290068729), 191.61031985282898)
Day:3 
(3, 4, 200, -337.7832395598477, 2146.0, (4.580140184066435, 7.753966667625694, 8.124987873972287, 7.608554290068729), 180.56034803390503)
Day:3 
(3, 5, 200, -328.8329741430439, 2146.0, (4.580140184066435, 7.753966667625694, 8.124987873972287, 7.608554290068729), 175.80192804336548)
Day:3 
(3, 6, 200, -328.02374869795705, 2245.0, (4.580140184066435, 7.753966667625694, 8.124987873972287, 7.608554290068729), 189.2963171005249)
Day:3 
(3, 7, 200, -323.84577555007314, 2112.0, (4.580140184066435, 7.753966667625694, 8.124987873972287, 7.608554290068729), 159.31847190856934)
Day:3 
(3, 8, 200, -322.55640517640273, 2159.0, (4.580140184066435, 7.753966667625694, 8.124987873972287, 7.608554290068729), 194.28281497955322)
Day:3 
(3, 9, 200, -311.9376931229395, 2135.0, (4.580140184066435, 7.753966667625694, 8.124987873972287, 7.608554290068729), 201.14837908744812)
Day:3 
(3, 10, 200, -327.8297122947731, 854.0, (4.580140184066435, 7.753966667625694, 8.124987873972287, 7.608554290068729), 210.82687282562256)
Day:3 
(3, 11, 200, -322.2453113134243, 969.0, (4.580140184066435, 7.753966667625694, 8.124987873972287, 7.608554290068729), 180.9149911403656)
Day:3 
(3, 12, 200, -306.69581469111614, 982.0, (4.580140184066435, 7.753966667625694, 8.124987873972287, 7.608554290068729), 186.6710970401764)
Day:3 
(3, 13, 200, -292.6145971467929, 967.0, (4.580140184066435, 7.753966667625694, 8.124987873972287, 7.608554290068729), 197.69529390335083)
Day:3 
(3, 14, 200, -293.6738029929379, 951.0, (4.580140184066435, 7.753966667625694, 8.124987873972287, 7.608554290068729), 182.2488989830017)
Day:3 
(3, 15, 200, -298.84995617302553, 950.0, (4.580140184066435, 7.753966667625694, 8.124987873972287, 7.608554290068729), 217.1579761505127)
Day:3 
(3, 16, 200, -294.51167020103526, 632.0, (4.580140184066435, 7.753966667625694, 8.124987873972287, 7.608554290068729), 134.40127086639404)
Day:3 
(3, 17, 200, -297.2174090189584, 626.0, (4.580140184066435, 7.753966667625694, 8.124987873972287, 7.608554290068729), 166.80857396125793)
Day:3 
(3, 18, 200, -301.12019816082255, 579.0, (4.580140184066435, 7.753966667625694, 8.124987873972287, 7.608554290068729), 156.81975317001343)
Day:3 
(3, 19, 200, -297.7912076791694, 1632.0, (4.580140184066435, 7.753966667625694, 8.124987873972287, 7.608554290068729), 162.35461497306824)
Day:3 
(3, 20, 200, -291.041401656725, 645.0, (4.580140184066435, 7.753966667625694, 8.124987873972287, 7.608554290068729), 204.71864485740662)
Day:3 
(3, 21, 200, -301.21049994708886, 692.0, (4.580140184066435, 7.753966667625694, 8.124987873972287, 7.608554290068729), 189.30319094657898)
Day:3 
(3, 22, 200, -308.9405893468919, 1247.0, (4.580140184066435, 7.753966667625694, 8.124987873972287, 7.608554290068729), 232.61702013015747)
Day:3 
(3, 23, 200, -308.3702316615792, 1291.0, (4.580140184066435, 7.753966667625694, 8.124987873972287, 7.608554290068729), 222.62176299095154)
Day:3 
(3, 24, 200, -307.72899273517584, 1673.0, (4.580140184066435, 7.753966667625694, 8.124987873972287, 7.608554290068729), 142.42261505126953)
Day:3 
(3, 25, 200, -303.2652622169996, 1564.0, (4.580140184066435, 7.753966667625694, 8.124987873972287, 7.608554290068729), 218.56809496879578)
Day:3 
(3, 26, 200, -306.83463268544216, 1482.0, (4.580140184066435, 7.753966667625694, 8.124987873972287, 7.608554290068729), 240.2373330593109)
Day:3 
(3, 27, 200, -304.36138028890764, 1447.0, (4.580140184066435, 7.753966667625694, 8.124987873972287, 7.608554290068729), 200.49157786369324)
Day:3 
(3, 28, 200, -303.76144291271754, 1460.0, (4.580140184066435, 7.753966667625694, 8.124987873972287, 7.608554290068729), 196.1667399406433)
Day:3 
(3, 29, 200, -295.2670974684555, 1630.0, (4.580140184066435, 7.753966667625694, 8.124987873972287, 7.608554290068729), 186.01775121688843)
Day:3 
(3, 30, 200, -297.42320647558637, 1501.0, (4.580140184066435, 7.753966667625694, 8.124987873972287, 7.608554290068729), 220.7038447856903)
Day:3 
(3, 31, 200, -300.6571119804541, 1381.0, (4.580140184066435, 7.753966667625694, 8.124987873972287, 7.608554290068729), 165.92477107048035)
Day:3 
(3, 32, 200, -311.21780321728596, 1599.0, (4.580140184066435, 7.753966667625694, 8.124987873972287, 7.608554290068729), 223.19185996055603)
Day:3 
(3, 33, 200, -303.4675929597185, 1811.0, (4.580140184066435, 7.753966667625694, 8.124987873972287, 7.608554290068729), 157.96104907989502)
Day:3 
(3, 34, 200, -310.97120477494923, 1863.0, (4.580140184066435, 7.753966667625694, 8.124987873972287, 7.608554290068729), 154.93595099449158)
Day:3 
(3, 35, 200, -299.5972989275808, 2424.0, (4.580140184066435, 7.753966667625694, 8.124987873972287, 7.608554290068729), 190.4248239994049)
Day:3 
(3, 36, 200, -303.87157978468315, 1559.0, (4.580140184066435, 7.753966667625694, 8.124987873972287, 7.608554290068729), 209.3831639289856)
Day:3 
(3, 37, 200, -304.73877640551353, 1554.0, (4.580140184066435, 7.753966667625694, 8.124987873972287, 7.608554290068729), 186.33097195625305)
Day:3 
(3, 38, 200, -302.3880302627441, 1689.0, (4.580140184066435, 7.753966667625694, 8.124987873972287, 7.608554290068729), 204.0149781703949)
Day:3 
(3, 39, 200, -298.71718897618416, 1554.0, (4.580140184066435, 7.753966667625694, 8.124987873972287, 7.608554290068729), 166.42094802856445)
Day:3 
(3, 40, 200, -295.4871428725962, 1549.0, (4.580140184066435, 7.753966667625694, 8.124987873972287, 7.608554290068729), 205.6725368499756)
Day:3 
(3, 41, 200, -301.3678861731681, 1290.0, (4.580140184066435, 7.753966667625694, 8.124987873972287, 7.608554290068729), 170.10010504722595)
Day:3 
(3, 42, 200, -296.6908723565514, 1234.0, (4.580140184066435, 7.753966667625694, 8.124987873972287, 7.608554290068729), 195.03610396385193)