
Day:1 
(1, 0, 100, -4012.5368358561354, 1032003.0, (1.2368964801078988, 1.4751063854002495, 1.4041668868044486, 0.12035733650564362), 4.375427007675171)
Day:1 
(1, 1, 100, -27.92455990011083, 121.0, (1.7805987418544567, 14.919589515783649, 11.331703861174285, 21.430369015348923), 28.996037006378174)
Day:1 
(1, 2, 100, -27.432894156709274, 64.0, (2.1426763191354894, 16.35567454586181, 13.444739839975828, 13.200421402508097), 29.48315191268921)
Day:1 
(1, 3, 100, -33.23426272368872, 484.0, (12.112860559350361, 31.43751762673486, 20.43686003524, 34.838799990204116), 30.34274911880493)
Day:1 
(1, 4, 100, -29.83739825112204, 2025.0, (12.837513834517498, 12.838792572715462, 8.079139438317858, 16.353463692816476), 30.179354906082153)
Day:1 
(1, 5, 100, -27.292639077559386, 1.0, (6.854140393445506, 1.0928852256589272, 27.15433223274274, 8.659749325207097), 30.625678062438965)
Day:1 
(1, 6, 100, -24.37642169085007, 1.0, (1.6873107161266943, 2.3995801761273263, 3.1791821479994056, 7.765430186352975), 30.133014917373657)
Day:1 
(1, 7, 100, -27.28919957865368, 196.0, (8.712575868667068, 5.016426051016989, 15.432237209855492, 13.168233727104575), 29.608105897903442)
Day:1 
(1, 8, 100, -29.26658365178517, 625.0, (14.838266082886626, 8.809332413735781, 4.033127769459146, 30.01774273107638), 29.853893041610718)
Day:1 
(1, 9, 100, -34.619893609602165, 2304.0, (8.095812743377925, 22.52698925953059, 40.36580031254516, 24.429291853129016), 29.460292100906372)
Day:1 
(1, 10, 100, -26.92155635868122, 1156.0, (9.083152079595706, 4.403688388302124, 2.813064731524804, 13.194779356315793), 30.063135862350464)
Day:1 
(1, 11, 100, -27.26531110095523, 400.0, (18.832376864919517, 2.461021517359113, 1.9479901141471252, 17.028379593054154), 29.7376651763916)
Day:1 
(1, 12, 100, -26.890916447457332, 529.0, (3.760951012270112, 1.8076923553716846, 11.931800171625282, 17.781001812795626), 29.37630796432495)
Day:1 
(1, 13, 100, -26.90260796026655, 4.0, (10.276001379603118, 2.429524765445199, 2.492166522282782, 25.26700642071424), 30.628663063049316)
Day:1 
(1, 14, 100, -26.16282769744113, 0.0, (6.557147575646087, 6.44776757381385, 8.814653695553808, 11.138782418158053), 30.339833974838257)
Day:1 
(1, 15, 100, -34.02654246645517, 9.0, (9.248748415242744, 25.842522979891136, 42.63611757424193, 33.921547600126154), 30.98202681541443)
Day:1 
(1, 16, 100, -30.190715739077465, 64.0, (8.627774799709771, 31.18781074566477, 0.4685520828198542, 32.514074881072574), 30.022390127182007)
Day:1 
(1, 17, 100, -25.571104633397454, 36.0, (9.364479799991054, 3.749485846696338, 1.4928515183297697, 12.192234692894873), 31.201399087905884)
Day:1 
(1, 18, 100, -26.86915992181712, 49.0, (5.718848805042078, 5.246757964995947, 13.77754615083852, 14.91025413957646), 30.278769969940186)
Day:1 
(1, 19, 100, -28.088407108711664, 36.0, (14.556432714666197, 7.415004824422282, 12.243735656382858, 17.827689743194448), 29.404003858566284)
Day:1 
(1, 20, 100, -28.036959853528742, 484.0, (12.279494441827836, 8.439486155873185, 0.9348413243379858, 25.525721486913497), 30.349354028701782)
Day:1 
(1, 21, 100, -27.821540537646055, 361.0, (5.9101900622072705, 8.465679858127553, 12.76999588392642, 19.076181080392303), 30.68697500228882)
Day:1 
(1, 22, 100, -28.62983667860923, 16.0, (3.2844213437919407, 9.980447666637136, 32.3089723154331, 12.013595921694245), 31.02462601661682)
Day:1 
(1, 23, 100, -28.001239359778378, 1225.0, (4.241184246157631, 9.383954482001231, 9.738189265703749, 16.26923064443584), 31.02599811553955)
Day:1 
(1, 24, 100, -28.209938884913235, 0.0, (10.411587556533503, 3.2066630874734265, 28.28356110367208, 11.226231667681112), 30.502473831176758)
Day:1 
(1, 25, 100, -33.47651763059346, 100.0, (1.3319905112649442, 8.01433994400907, 15.039849966062793, 80.8123815297258), 31.305801153182983)
Day:1 
(1, 26, 100, -27.376410566769017, 900.0, (5.914412999462113, 6.797528581247874, 10.66759844039668, 13.151308146925755), 31.205430030822754)
Day:1 
(1, 27, 100, -33.33359824243689, 16.0, (2.5574988855986343, 3.853471614810379, 22.106939226301726, 76.12638162429424), 30.122402906417847)
Day:1 
(1, 28, 100, -26.344320146107446, 144.0, (5.145074103792612, 2.9073907855834356, 11.499192676092095, 13.87112734228052), 29.183207988739014)
Day:1 
(1, 29, 100, -28.594326603592183, 1444.0, (16.654089207090504, 6.8728028960556, 0.29676999389293013, 18.68995531685064), 31.45872688293457)
Day:1 
(1, 30, 100, -26.2320495160209, 64.0, (0.8118893786910759, 10.404405041758409, 1.8001667941192512, 20.19508910382297), 30.692305088043213)
Day:1 
(1, 31, 100, -33.01162752732958, 289.0, (9.087080186608803, 1.3286355897247817, 40.191280751837894, 48.2165208426311), 30.62765097618103)
Day:1 
(1, 32, 100, -30.63142557326594, 169.0, (2.3194765809032103, 15.650072652561228, 45.53929008231747, 11.850232275031196), 30.313817977905273)
Day:1 
(1, 33, 100, -28.08672747169434, 1.0, (6.628014524102517, 3.1668040449808474, 26.53901236638847, 16.007104710520906), 30.747421979904175)
Day:1 
(1, 34, 100, -26.342863967550624, 25.0, (1.8095283742529902, 14.648315869029167, 4.075456389519961, 14.087933633660361), 31.423477172851562)
Day:1 
(1, 35, 100, -26.447757176631377, 1296.0, (2.9655513572655563, 6.639575122286845, 2.420306614378922, 11.369246191248198), 30.84442400932312)
Day:1 
(1, 36, 100, -27.155809834422197, 16.0, (0.9975881404842137, 7.430469960555972, 23.691506777681603, 7.706455262348728), 29.79622983932495)
Day:1 
(1, 37, 100, -28.7165735273328, 324.0, (8.810607053386864, 9.76105704526522, 20.034979634570572, 16.687241416605342), 29.973570108413696)
Day:1 
(1, 38, 100, -27.12828905682515, 16.0, (1.5366785936078549, 10.708329506161686, 12.844544824648137, 17.501646418419302), 31.895046949386597)
Day:1 
(1, 39, 100, -25.13218073761369, 49.0, (0.7841777544328249, 1.6346937457296078, 12.86541967804856, 6.254132252784135), 30.639374017715454)
Day:1 
(1, 40, 100, -26.8717969088789, 196.0, (2.1600711864353883, 3.4364371426467577, 1.9906252288139126, 30.74261023430105), 30.66953706741333)
Day:1 
(1, 41, 100, -30.727660795762354, 225.0, (3.46869231189095, 16.01695647513306, 26.552522499909358, 30.568254597418203), 30.52649188041687)
Day:1 
(1, 42, 100, -28.77570160233064, 9.0, (7.520829166698812, 15.822209153469377, 16.745537208173708, 19.08218599112488), 30.632400035858154)
Day:1 
(1, 43, 100, -28.05447650395432, 529.0, (2.7707851291693886, 11.560207423324112, 13.270922729629495, 18.96339555305237), 30.36783790588379)
Day:1 
(1, 44, 100, -26.98758565136654, 16.0, (14.57974597633312, 6.321798655603122, 5.494236196403095, 14.474941723263834), 29.49164605140686)
Day:1 
(1, 45, 100, -27.14817194263683, 100.0, (8.224394934672791, 7.277889229696426, 11.368483246789642, 15.15391876625577), 30.403934001922607)
Day:1 
(1, 46, 100, -32.05661840854914, 64.0, (4.219570016167979, 14.812307595827072, 23.03136413394023, 49.30887831357744), 29.937026977539062)
Day:1 
(1, 47, 100, -27.443054895607087, 81.0, (6.160327888660238, 19.534228299581986, 1.4515527521372171, 16.75812421654018), 30.566833972930908)
Day:1 
(1, 48, 100, -28.392948743611555, 324.0, (0.8105953345038385, 5.053873538619793, 12.83380087144205, 33.59789827061565), 30.676396131515503)
Day:1 
(1, 49, 100, -29.48814750144389, 0.0, (0.36449700313681, 24.38746681627646, 23.9831028621485, 13.331879041049199), 31.333656072616577)
Day:1 
(1, 50, 100, -27.46083895391385, 324.0, (5.452809426294728, 2.328243210382028, 26.05796384634053, 8.456158990115274), 31.24045491218567)
Day:2 
(2, 0, 100, -2953.095238939597, 336433.0, (5.452809426294728, 2.328243210382028, 26.05796384634053, 8.456158990115274), 10.243424892425537)
Day:2 
(2, 1, 100, -343.9479340529141, 31534.0, (2.1359905456194026, 4.382738301706582, 5.148609079320742, 5.148616451330676), 289.23860120773315)
Day:2 
(2, 2, 100, -336.9560427013511, 31689.0, (2.1359905456194026, 4.382738301706582, 5.148609079320742, 5.148616451330676), 274.1034619808197)
Day:2 
(2, 3, 100, -338.7950452644421, 31514.0, (2.1359905456194026, 4.382738301706582, 5.148609079320742, 5.148616451330676), 255.68501996994019)
Day:2 
(2, 4, 100, -220.32161282560696, 14704.0, (6.0457217715974, 16.423608739755608, 15.87518902765292, 12.982524633664546), 207.36187601089478)
Day:2 
(2, 5, 100, -214.45543146724674, 13122.0, (6.0457217715974, 16.423608739755608, 15.87518902765292, 12.982524633664546), 184.6117968559265)
Day:2 
(2, 6, 100, -212.30612215960448, 13157.0, (6.0457217715974, 16.423608739755608, 15.87518902765292, 12.982524633664546), 181.26639413833618)
Day:2 
(2, 7, 100, -215.01305438279633, 13248.0, (6.0457217715974, 16.423608739755608, 15.87518902765292, 12.982524633664546), 223.02121686935425)
Day:2 
(2, 8, 100, -215.32868093284702, 13320.0, (6.0457217715974, 16.423608739755608, 15.87518902765292, 12.982524633664546), 167.28641200065613)
Day:2 
(2, 9, 100, -213.24790071383418, 13066.0, (6.0457217715974, 16.423608739755608, 15.87518902765292, 12.982524633664546), 189.4563331604004)
Day:2 
(2, 10, 100, -213.41815644544414, 12967.0, (6.0457217715974, 16.423608739755608, 15.87518902765292, 12.982524633664546), 215.17358899116516)
Day:2 
(2, 11, 100, -212.5657851707614, 13144.0, (6.0457217715974, 16.423608739755608, 15.87518902765292, 12.982524633664546), 186.90471482276917)
Day:2 
(2, 12, 100, -217.09900572758, 13033.0, (6.0457217715974, 16.423608739755608, 15.87518902765292, 12.982524633664546), 170.13730311393738)
Day:2 
(2, 13, 100, -211.6893681756915, 12833.0, (6.0457217715974, 16.423608739755608, 15.87518902765292, 12.982524633664546), 193.26797604560852)
Day:2 
(2, 14, 100, -212.9116166745488, 13225.0, (6.0457217715974, 16.423608739755608, 15.87518902765292, 12.982524633664546), 203.55100202560425)
Day:2 
(2, 15, 100, -213.82415641788808, 12971.0, (6.0457217715974, 16.423608739755608, 15.87518902765292, 12.982524633664546), 187.61190485954285)
Day:2 
(2, 16, 100, -213.22740238279786, 13374.0, (6.0457217715974, 16.423608739755608, 15.87518902765292, 12.982524633664546), 178.31585907936096)
Day:2 
(2, 17, 100, -212.56106011963627, 13437.0, (6.0457217715974, 16.423608739755608, 15.87518902765292, 12.982524633664546), 199.42657089233398)
Day:2 
(2, 18, 100, -214.4082880071984, 13577.0, (6.0457217715974, 16.423608739755608, 15.87518902765292, 12.982524633664546), 202.64609217643738)
Day:2 
(2, 19, 100, -214.96181238221826, 13375.0, (6.0457217715974, 16.423608739755608, 15.87518902765292, 12.982524633664546), 201.4595079421997)
Day:2 
(2, 20, 100, -213.31680456931446, 13410.0, (6.0457217715974, 16.423608739755608, 15.87518902765292, 12.982524633664546), 190.8248529434204)
Day:2 
(2, 21, 100, -216.89704489123372, 13400.0, (6.0457217715974, 16.423608739755608, 15.87518902765292, 12.982524633664546), 207.53324699401855)
Day:2 
(2, 22, 100, -217.02322358884132, 13486.0, (6.0457217715974, 16.423608739755608, 15.87518902765292, 12.982524633664546), 176.08341193199158)
Day:2 
(2, 23, 100, -216.49482002511118, 13465.0, (6.0457217715974, 16.423608739755608, 15.87518902765292, 12.982524633664546), 206.54709601402283)
Day:2 
(2, 24, 100, -217.25392652131575, 13370.0, (6.0457217715974, 16.423608739755608, 15.87518902765292, 12.982524633664546), 202.47403812408447)
Day:2 
(2, 25, 100, -213.30375647364428, 13737.0, (6.0457217715974, 16.423608739755608, 15.87518902765292, 12.982524633664546), 207.82901000976562)
Day:2 
(2, 26, 100, -212.22436267270518, 13312.0, (6.0457217715974, 16.423608739755608, 15.87518902765292, 12.982524633664546), 188.78870391845703)
Day:2 
(2, 27, 100, -214.7473141872732, 14943.0, (6.0457217715974, 16.423608739755608, 15.87518902765292, 12.982524633664546), 178.5548539161682)
Day:2 
(2, 28, 100, -215.7357650589658, 15014.0, (6.0457217715974, 16.423608739755608, 15.87518902765292, 12.982524633664546), 200.1423749923706)