
Day:1 
(1, 0, 200, -33.304185642368395, 49.0, (-6.339574465960272, -45.209465384813136, -7.1145707083379675, 45.382744822573436), 3.9955220222473145)
Day:1 
(1, 1, 200, -32.98826324878044, 361.0, (6.140606272102545, 24.797588491222832, 18.301121392492913, 45.382744822573436), 8.01818299293518)
Day:1 
(1, 2, 200, -31.487694343709446, 144.0, (-16.44523253243619, -2.624324525215257, -12.17668156844585, 17.95013433243892), 8.322049856185913)
Day:1 
(1, 3, 200, -31.267733993773213, 100.0, (-1.9791999366408846, -2.624324525215257, -10.027614398909355, 17.95013433243892), 8.611088991165161)
Day:1 
(1, 4, 200, -34.21807003339384, 121.0, (-61.90163346191964, 32.67098465789348, -19.861386814627924, 17.95013433243892), 8.243510007858276)
Day:1 
(1, 5, 200, -31.678602851427442, 81.0, (-22.315528783418856, 0.34659202342203616, -19.861386814627924, 18.259727784463657), 8.21260404586792)
Day:1 
(1, 6, 200, -31.37118676164109, 169.0, (-11.753793808014949, 4.276743039331843, 1.3783795500055214, 18.259727784463657), 8.59854006767273)
Day:1 
(1, 7, 200, -33.15866804178926, 729.0, (-11.753793808014949, -41.75064238471794, 21.39247871389648, 18.259727784463657), 8.767786979675293)
Day:1 
(1, 8, 200, -33.04514827877628, 25.0, (-11.96240672826552, -41.75064238471794, 21.39247871389648, 37.807194699324185), 8.75596809387207)
Day:1 
(1, 9, 200, -36.74181730935625, 144.0, (-11.96240672826552, -21.48060346823991, 90.53200788871119, 37.807194699324185), 8.427335977554321)
Day:1 
(1, 10, 200, -32.768661696464505, 4.0, (-7.323863963872653, 42.138033405042016, 7.820109589574703, 37.807194699324185), 8.129870891571045)
Day:1 
(1, 11, 200, -32.245365612297476, 256.0, (-7.426364542092154, -20.48502104917454, 0.198852317646607, 37.807194699324185), 8.445166110992432)
Day:1 
(1, 12, 200, -34.683409066796116, 2209.0, (-14.088172510613214, 33.75230546975689, -12.66488087453524, 37.807194699324185), 8.607616901397705)
Day:1 
(1, 13, 200, -33.280186138258514, 100.0, (-50.779300661247156, 1.0658283130698736, -6.849905899600828, 37.807194699324185), 8.341954946517944)
Day:1 
(1, 14, 200, -39.108494256798664, 1764.0, (-42.434956202410085, -77.85805375753269, -48.699012377126614, 37.807194699324185), 8.233471155166626)
Day:1 
(1, 15, 200, -35.55720951925149, 64.0, (-37.03168553271304, -77.85805375753269, -27.683819660115926, 4.6971856695263385), 8.569592952728271)
Day:1 
(1, 16, 200, -32.1489777704859, 4.0, (-37.03168553271304, -28.393241576989166, -2.1850416501300933, 4.6971856695263385), 9.48569107055664)
Day:1 
(1, 17, 200, -33.06709874965741, 64.0, (-38.8401152797895, -28.393241576989166, 2.7456057723174045, 37.645866094028115), 8.577383995056152)
Day:1 
(1, 18, 200, -32.838873008962096, 324.0, (-2.130482877361683, 20.76074958496913, 31.526930936290118, 37.645866094028115), 8.319658994674683)
Day:1 
(1, 19, 200, -32.295984301690766, 100.0, (-31.40878083745926, -17.419969956884348, 31.526930936290118, -0.7076061365212929), 8.87069296836853)
Day:1 
(1, 20, 200, -33.36692527704045, 16.0, (-31.40878083745926, -17.419969956884348, 55.493350385510276, 0.34109774141014987), 9.573900938034058)
Day:1 
(1, 21, 200, -32.435904168912614, 529.0, (-40.95881137704193, 1.8861716745536075, 5.929669161231899, 9.430233044791375), 8.762496948242188)
Day:1 
(1, 22, 200, -31.456240341076793, 81.0, (19.23532972624126, -13.005107429197263, 5.929669161231899, 9.430233044791375), 9.533733129501343)
Day:1 
(1, 23, 200, -32.12330331927181, 961.0, (11.294346110907979, -13.005107429197263, 10.088951594424886, 9.430233044791375), 9.605273962020874)
Day:1 
(1, 24, 200, -31.576633208491252, 25.0, (-20.18525978038717, 0.7742212897545979, -22.507571439697955, 14.909390999972587), 8.590559005737305)
Day:1 
(1, 25, 200, -33.602549936993256, 36.0, (-7.804160481379486, -50.343738950345646, 41.08187087045818, 21.740654944988474), 9.042085886001587)
Day:1 
(1, 26, 200, -39.48719472434338, 1765.0, (-21.438176501172027, 69.9538392022824, 41.64774342339913, 24.591002139456286), 8.669190168380737)
Day:1 
(1, 27, 200, -32.49100649307708, 16.0, (-32.06634465927661, -2.568784514663061, 41.64774342339913, 5.556320544061895), 9.31824278831482)
Day:1 
(1, 28, 200, -33.983268790498926, 144.0, (-26.523016635671073, 7.769719972435621, 62.07505168600346, 24.95385043195616), 8.856963157653809)
Day:1 
(1, 29, 200, -35.437667756615454, 900.0, (18.11242339623153, 12.147795447148802, 62.07505168600346, 16.49826739149484), 8.862979888916016)
Day:1 
(1, 30, 200, -33.83053345426511, 324.0, (13.53981323982192, -17.968407805740096, 62.07505168600346, 16.49826739149484), 8.6670241355896)
Day:1 
(1, 31, 200, -32.47533919727224, 144.0, (-35.28193032145138, -29.13801019977292, -13.573954810746034, 16.49826739149484), 8.562614917755127)
Day:1 
(1, 32, 200, -32.56876433695288, 121.0, (-10.24718689533675, -47.294765115157325, 12.625239838931748, 16.04396538539529), 8.55983304977417)
Day:1 
(1, 33, 200, -31.671167948435215, 225.0, (-13.084810978921702, 18.439329144465884, 12.625239838931748, 16.04396538539529), 9.426311016082764)
Day:1 
(1, 34, 200, -31.544476334307916, 144.0, (12.514576683443417, 6.7114118122067286, 12.625239838931748, 22.1125500652699), 9.033056020736694)
Day:1 
(1, 35, 200, -33.929437894366146, 400.0, (-58.76839364250994, -29.8423062816206, 9.398350521591233, -15.167779890993867), 9.025166988372803)
Day:1 
(1, 36, 200, -36.93490723979457, 441.0, (-50.0184128206041, -78.80699709448453, 9.398350521591233, 35.451909000843024), 8.592119932174683)
Day:1 
(1, 37, 200, -35.07202344529432, 400.0, (-50.0184128206041, 38.26438366651932, 9.398350521591233, 52.17116312768088), 8.901246070861816)
Day:1 
(1, 38, 200, -33.9073290668782, 1156.0, (-50.0184128206041, -8.485231487018073, 15.528817598983903, 20.28975735052378), 9.048331022262573)
Day:1 
(1, 39, 200, -32.01932166899945, 256.0, (-31.54919573169439, -17.921520620139518, -7.044380266683263, 11.453185017324815), 8.577456951141357)
Day:1 
(1, 40, 200, -34.46208427252374, 1296.0, (1.5314135920896326, -58.83720068009856, -4.622101185301261, 21.886031046736736), 9.09175992012024)
Day:1 
(1, 41, 200, -31.74005921192204, 100.0, (2.696178486448506, -1.4525797335224018, -28.473311860437985, 21.886031046736736), 8.821290969848633)
Day:1 
(1, 42, 200, -33.83818163859084, 225.0, (-48.85106695452525, -38.467999654065565, -21.987254503929215, 21.886031046736736), 9.195626974105835)
Day:1 
(1, 43, 200, -34.59915737124005, 2401.0, (-1.285624000270181, -38.467999654065565, -21.987254503929215, 21.886031046736736), 9.440734148025513)
Day:1 
(1, 44, 200, -36.29868588305284, 50.0, (3.165145410391578, -46.98503036997369, -11.246161953986741, -6.328158023248266), 9.415873050689697)
Day:1 
(1, 45, 200, -34.647984564226135, 64.0, (55.281091208267554, 6.0013460908087, 43.851322174197655, 39.62474348265895), 8.95291781425476)
Day:1 
(1, 46, 200, -32.65316604287105, 196.0, (22.508054208438878, 8.294037346959508, -24.57209925279015, 39.62474348265895), 9.3435640335083)
Day:1 
(1, 47, 200, -32.97845492166061, 225.0, (-9.029501489230583, 35.88525483409568, -24.57209925279015, 36.167204518153184), 9.153136968612671)
Day:1 
(1, 48, 200, -32.481257310237766, 64.0, (13.523847591187831, 35.88525483409568, 8.826309248398118, 33.93725762800895), 9.289489984512329)
Day:1 
(1, 49, 200, -33.66684849737648, 289.0, (-33.5442692224729, 35.88525483409568, -28.932845230322943, 33.93725762800895), 9.57529902458191)
Day:1 
(1, 50, 200, -33.61601120381154, 256.0, (-15.737161706219574, 35.88525483409568, -28.932845230322943, 45.11128999873595), 9.860687017440796)
Day:2 
(2, 0, 200, -14430.472117489777, 1152990.0, (-15.737161706219574, 35.88525483409568, -28.932845230322943, 45.11128999873595), 10.960111141204834)
Day:2 
(2, 1, 200, -14314.92607136548, 924118.0, (-15.737161706219574, 35.88525483409568, -28.932845230322943, 30.66288623540956), 63.05816388130188)
Day:2 
(2, 2, 200, -14158.940825763022, 710693.0, (-1.7350172400220856, 36.11545181731154, -28.932845230322943, 30.66288623540956), 96.08270692825317)
Day:2 
(2, 3, 200, -3983.163634346376, 294681.0, (-1.7350172400220856, 25.723490781816384, 45.42816167121437, 30.66288623540956), 105.48117303848267)
Day:2 
(2, 4, 200, -1840.7458863863587, 176818.0, (10.681413146801251, 25.723490781816384, 45.42816167121437, 30.66288623540956), 52.14389610290527)
Day:2 
(2, 5, 200, -1828.1118407829035, 176723.0, (10.681413146801251, 25.723490781816384, 45.42816167121437, 30.66288623540956), 49.07402205467224)
Day:2 
(2, 6, 200, -999.4874718543649, 165651.0, (10.681413146801251, 25.723490781816384, 32.239306362409025, 30.66288623540956), 45.213167905807495)
Day:2 
(2, 7, 200, -991.8562449023348, 160806.0, (10.681413146801251, 25.723490781816384, 32.239306362409025, 30.66288623540956), 52.30429005622864)
Day:2 
(2, 8, 200, -990.6281567357523, 160902.0, (10.681413146801251, 25.723490781816384, 32.239306362409025, 30.66288623540956), 83.06429100036621)
Day:2 
(2, 9, 200, -557.5479500358259, 60949.0, (10.681413146801251, 27.385889099647525, 32.239306362409025, 30.66288623540956), 48.084794998168945)
Day:2 
(2, 10, 200, -518.0582374640176, 58031.0, (10.681413146801251, 27.385889099647525, 32.239306362409025, 30.66288623540956), 48.29450082778931)
Day:2 
(2, 11, 200, -517.2420845152551, 59944.0, (10.681413146801251, 27.385889099647525, 32.239306362409025, 30.66288623540956), 57.86921501159668)
Day:2 
(2, 12, 200, -510.61053149667094, 53019.0, (10.681413146801251, 27.385889099647525, 32.239306362409025, 30.66288623540956), 60.94890117645264)
Day:2 
(2, 13, 200, -506.69072928632573, 52480.0, (10.681413146801251, 27.385889099647525, 32.239306362409025, 30.66288623540956), 56.2198748588562)
Day:2 
(2, 14, 200, -507.1589690088901, 52270.0, (10.681413146801251, 27.385889099647525, 32.239306362409025, 30.66288623540956), 49.638067960739136)
Day:2 
(2, 15, 200, -499.40839452242994, 51860.0, (10.681413146801251, 27.385889099647525, 32.239306362409025, 30.66288623540956), 48.190383195877075)
Day:2 
(2, 16, 200, -490.5519755965587, 50622.0, (10.681413146801251, 27.385889099647525, 32.239306362409025, 30.66288623540956), 50.36491894721985)
Day:2 
(2, 17, 200, -480.23327294830415, 48942.0, (10.681413146801251, 27.385889099647525, 32.239306362409025, 30.66288623540956), 47.08998703956604)
Day:2 
(2, 18, 200, -479.6444307891553, 50125.0, (10.681413146801251, 27.385889099647525, 32.239306362409025, 30.66288623540956), 45.52907180786133)
Day:2 
(2, 19, 200, -480.79349378354937, 48570.0, (10.681413146801251, 27.385889099647525, 32.239306362409025, 30.66288623540956), 55.23699402809143)
Day:2 
(2, 20, 200, -479.53649782956154, 48105.0, (10.681413146801251, 27.385889099647525, 32.239306362409025, 30.66288623540956), 58.144410133361816)
Day:2 
(2, 21, 200, -480.66653532695375, 47884.0, (10.681413146801251, 27.385889099647525, 32.239306362409025, 30.66288623540956), 67.29155993461609)
Day:2 
(2, 22, 200, -483.16487311644846, 49150.0, (10.681413146801251, 27.385889099647525, 32.239306362409025, 30.66288623540956), 59.625540018081665)
Day:2 
(2, 23, 200, -481.4326519680792, 49292.0, (10.681413146801251, 27.385889099647525, 32.239306362409025, 30.66288623540956), 50.68229103088379)
Day:2 
(2, 24, 200, -480.4616718275646, 48160.0, (10.681413146801251, 27.385889099647525, 32.239306362409025, 30.66288623540956), 54.34119987487793)
Day:2 
(2, 25, 200, -481.62206238985857, 47425.0, (10.681413146801251, 27.385889099647525, 32.239306362409025, 30.66288623540956), 48.03861713409424)
Day:2 
(2, 26, 200, -480.3126666716005, 48379.0, (10.681413146801251, 27.385889099647525, 32.239306362409025, 30.66288623540956), 48.6971230506897)
Day:2 
(2, 27, 200, -476.466941881936, 48106.0, (10.681413146801251, 27.385889099647525, 32.239306362409025, 30.66288623540956), 49.026129961013794)
Day:2 
(2, 28, 200, -479.56112883584876, 50973.0, (10.681413146801251, 27.385889099647525, 32.239306362409025, 30.66288623540956), 52.53048896789551)
Day:2 
(2, 29, 200, -477.52168402794075, 47101.0, (10.681413146801251, 27.385889099647525, 32.239306362409025, 30.66288623540956), 53.24061298370361)
Day:2 
(2, 30, 200, -476.284042667784, 48045.0, (10.681413146801251, 27.385889099647525, 32.239306362409025, 30.66288623540956), 58.68839502334595)
Day:2 
(2, 31, 200, -475.2748031818976, 48080.0, (10.681413146801251, 27.385889099647525, 32.239306362409025, 30.66288623540956), 52.59919095039368)
Day:2 
(2, 32, 200, -464.3938943614321, 46145.0, (10.681413146801251, 27.385889099647525, 32.239306362409025, 30.66288623540956), 48.50588607788086)
Day:2 
(2, 33, 200, -464.5403819623008, 47439.0, (10.681413146801251, 27.385889099647525, 32.239306362409025, 30.66288623540956), 57.72333097457886)
Day:2 
(2, 34, 200, -465.00492189023487, 48354.0, (10.681413146801251, 27.385889099647525, 32.239306362409025, 30.66288623540956), 52.926424980163574)
Day:2 
(2, 35, 200, -466.33109501614183, 47787.0, (10.681413146801251, 27.385889099647525, 32.239306362409025, 30.66288623540956), 63.0287868976593)
Day:2 
(2, 36, 200, -462.96354750062596, 44121.0, (10.681413146801251, 27.385889099647525, 32.239306362409025, 30.66288623540956), 50.01840400695801)
Day:2 
(2, 37, 200, -453.00483995193775, 43836.0, (10.681413146801251, 27.385889099647525, 32.239306362409025, 30.66288623540956), 61.61340403556824)
Day:2 
(2, 38, 200, -451.92462671629545, 44040.0, (10.681413146801251, 27.385889099647525, 32.239306362409025, 30.66288623540956), 51.3421151638031)
Day:2 
(2, 39, 200, -453.27810186882954, 46285.0, (10.681413146801251, 27.385889099647525, 32.239306362409025, 30.66288623540956), 57.27742099761963)
Day:2 
(2, 40, 200, -452.0785166879048, 44676.0, (10.681413146801251, 27.385889099647525, 32.239306362409025, 30.66288623540956), 50.7922887802124)
Day:2 
(2, 41, 200, -452.3075139269468, 45111.0, (10.681413146801251, 27.385889099647525, 32.239306362409025, 30.66288623540956), 53.123802185058594)
Day:2 
(2, 42, 200, -450.84815739998857, 42157.0, (10.681413146801251, 27.385889099647525, 32.239306362409025, 30.66288623540956), 52.846104860305786)
Day:2 
(2, 43, 200, -447.1377341825965, 41020.0, (10.681413146801251, 27.385889099647525, 32.239306362409025, 30.66288623540956), 50.60502600669861)
Day:2 
(2, 44, 200, -447.41092948216277, 40925.0, (10.681413146801251, 27.385889099647525, 32.239306362409025, 30.66288623540956), 48.85269904136658)
Day:2 
(2, 45, 200, -448.92435499564584, 42420.0, (10.681413146801251, 27.385889099647525, 32.239306362409025, 30.66288623540956), 52.49801301956177)
Day:2 
(2, 46, 200, -448.22296041226974, 41405.0, (10.681413146801251, 27.385889099647525, 32.239306362409025, 30.66288623540956), 53.516818046569824)
Day:2 
(2, 47, 200, -448.5301192792717, 41820.0, (10.681413146801251, 27.385889099647525, 32.239306362409025, 30.66288623540956), 66.62604188919067)
Day:2 
(2, 48, 200, -449.0686870782161, 39752.0, (10.681413146801251, 27.385889099647525, 32.239306362409025, 30.66288623540956), 59.00982117652893)
Day:2 
(2, 49, 200, -448.11352503932306, 40476.0, (10.681413146801251, 27.385889099647525, 32.239306362409025, 30.66288623540956), 53.91315579414368)
Day:2 
(2, 50, 200, -448.7804229676404, 42157.0, (10.681413146801251, 27.385889099647525, 32.239306362409025, 30.66288623540956), 55.13716697692871)
Day:3 
(3, 0, 200, -767.4436297599311, 32397.0, (10.681413146801251, 27.385889099647525, 32.239306362409025, 30.66288623540956), 16.147998094558716)
Day:3 
(3, 1, 200, -763.3134608581843, 32293.0, (10.681413146801251, 27.385889099647525, 32.239306362409025, 30.66288623540956), 135.982764005661)
Day:3 
(3, 2, 200, -760.6684555610875, 32197.0, (10.681413146801251, 27.385889099647525, 32.239306362409025, 30.66288623540956), 125.25335502624512)
Day:3 
(3, 3, 200, -754.7527729566118, 29441.0, (10.681413146801251, 27.385889099647525, 32.239306362409025, 30.66288623540956), 108.17815494537354)
Day:3 
(3, 4, 200, -742.682481576699, 28301.0, (10.681413146801251, 27.385889099647525, 32.239306362409025, 30.66288623540956), 128.90161609649658)
Day:3 
(3, 5, 200, -738.8878126827603, 26733.0, (10.681413146801251, 27.385889099647525, 32.239306362409025, 30.66288623540956), 131.69509196281433)
Day:3 
(3, 6, 200, -738.8878126827603, 26733.0, (10.681413146801251, 27.385889099647525, 32.239306362409025, 30.66288623540956), 115.24477696418762)
Day:3 
(3, 7, 200, -736.8735639294434, 26789.0, (10.681413146801251, 27.385889099647525, 32.239306362409025, 30.66288623540956), 117.47263693809509)
Day:3 
(3, 8, 200, -737.0066564293834, 27295.0, (10.681413146801251, 27.385889099647525, 32.239306362409025, 30.66288623540956), 131.42666912078857)
Day:3 
(3, 9, 200, -737.0066564293834, 27295.0, (10.681413146801251, 27.385889099647525, 32.239306362409025, 30.66288623540956), 123.64516496658325)
Day:3 
(3, 10, 200, -737.0066564293834, 27295.0, (10.681413146801251, 27.385889099647525, 32.239306362409025, 30.66288623540956), 123.45983004570007)
Day:3 
(3, 11, 200, -735.9241402968953, 27092.0, (10.681413146801251, 27.385889099647525, 32.239306362409025, 30.66288623540956), 107.93414306640625)
Day:3 
(3, 12, 200, -733.2688555189793, 26364.0, (10.681413146801251, 27.385889099647525, 32.239306362409025, 30.66288623540956), 118.1894679069519)
Day:3 
(3, 13, 200, -733.5127390828434, 26820.0, (10.681413146801251, 27.385889099647525, 32.239306362409025, 30.66288623540956), 122.95224189758301)
Day:3 
(3, 14, 200, -733.5127390828434, 26820.0, (10.681413146801251, 27.385889099647525, 32.239306362409025, 30.66288623540956), 115.11418318748474)
Day:3 
(3, 15, 200, -731.6366727524635, 25812.0, (10.681413146801251, 27.385889099647525, 32.239306362409025, 30.66288623540956), 124.21830177307129)
Day:3 
(3, 16, 200, -729.3273380079984, 26152.0, (10.681413146801251, 27.385889099647525, 32.239306362409025, 30.66288623540956), 117.37465405464172)
Day:3 
(3, 17, 200, -723.7223973044424, 25065.0, (10.681413146801251, 27.385889099647525, 32.239306362409025, 30.66288623540956), 127.73095297813416)
Day:3 
(3, 18, 200, -726.4525621834091, 25200.0, (10.681413146801251, 27.385889099647525, 32.239306362409025, 30.66288623540956), 129.082857131958)
Day:3 
(3, 19, 200, -726.4525621834091, 25200.0, (10.681413146801251, 27.385889099647525, 32.239306362409025, 30.66288623540956), 117.7997498512268)
Day:3 
(3, 20, 200, -725.6578253381624, 25148.0, (10.681413146801251, 27.385889099647525, 32.239306362409025, 30.66288623540956), 119.86293411254883)
Day:3 
(3, 21, 200, -725.4658439713262, 25220.0, (10.681413146801251, 27.385889099647525, 32.239306362409025, 30.66288623540956), 133.30918908119202)
Day:3 
(3, 22, 200, -725.4842360366129, 25132.0, (10.681413146801251, 27.385889099647525, 32.239306362409025, 30.66288623540956), 127.75235295295715)
Day:3 
(3, 23, 200, -725.4842360366129, 25132.0, (10.681413146801251, 27.385889099647525, 32.239306362409025, 30.66288623540956), 121.55928301811218)
Day:3 
(3, 24, 200, -724.442231990113, 24524.0, (10.681413146801251, 27.385889099647525, 32.239306362409025, 30.66288623540956), 125.57355999946594)
Day:3 
(3, 25, 200, -723.2752668226312, 24477.0, (10.681413146801251, 27.385889099647525, 32.239306362409025, 30.66288623540956), 135.07057285308838)
Day:3 
(3, 26, 200, -723.2519488510286, 24520.0, (10.681413146801251, 27.385889099647525, 32.239306362409025, 30.66288623540956), 130.5883240699768)
Day:3 
(3, 27, 200, -723.0001361188224, 24425.0, (10.681413146801251, 27.385889099647525, 32.239306362409025, 30.66288623540956), 140.76933002471924)
Day:3 
(3, 28, 200, -723.0001361188224, 24425.0, (10.681413146801251, 27.385889099647525, 32.239306362409025, 30.66288623540956), 113.17213892936707)
Day:3 
(3, 29, 200, -723.0001361188224, 24425.0, (10.681413146801251, 27.385889099647525, 32.239306362409025, 30.66288623540956), 116.65568804740906)
Day:3 
(3, 30, 200, -723.0001361188224, 24425.0, (10.681413146801251, 27.385889099647525, 32.239306362409025, 30.66288623540956), 118.97146511077881)
Day:3 
(3, 31, 200, -723.0001361188224, 24425.0, (10.681413146801251, 27.385889099647525, 32.239306362409025, 30.66288623540956), 174.83020091056824)
Day:3 
(3, 32, 200, -722.101364583735, 24380.0, (10.681413146801251, 27.385889099647525, 32.239306362409025, 30.66288623540956), 112.90116810798645)
Day:3 
(3, 33, 200, -722.101364583735, 24380.0, (10.681413146801251, 27.385889099647525, 32.239306362409025, 30.66288623540956), 125.64591598510742)
Day:3 
(3, 34, 200, -722.101364583735, 24380.0, (10.681413146801251, 27.385889099647525, 32.239306362409025, 30.66288623540956), 121.28389883041382)
Day:3 
(3, 35, 200, -720.8192107676905, 24263.0, (10.681413146801251, 27.385889099647525, 32.239306362409025, 30.66288623540956), 113.75783109664917)
Day:3 
(3, 36, 200, -720.8192107676905, 24263.0, (10.681413146801251, 27.385889099647525, 32.239306362409025, 30.66288623540956), 125.58221006393433)
Day:3 
(3, 37, 200, -720.5842154957618, 24170.0, (10.681413146801251, 27.385889099647525, 32.239306362409025, 30.66288623540956), 125.86807680130005)
Day:3 
(3, 38, 200, -720.5842154957618, 24170.0, (10.681413146801251, 27.385889099647525, 32.239306362409025, 30.66288623540956), 121.52186703681946)
Day:3 
(3, 39, 200, -720.5842154957618, 24170.0, (10.681413146801251, 27.385889099647525, 32.239306362409025, 30.66288623540956), 113.99158811569214)
Day:3 
(3, 40, 200, -719.3413127738374, 23464.0, (10.681413146801251, 27.385889099647525, 32.239306362409025, 30.66288623540956), 118.3889708518982)
Day:3 
(3, 41, 200, -719.7234238454787, 23320.0, (10.681413146801251, 27.385889099647525, 32.239306362409025, 30.66288623540956), 117.90719604492188)
Day:3 
(3, 42, 200, -719.7234238454787, 23320.0, (10.681413146801251, 27.385889099647525, 32.239306362409025, 30.66288623540956), 124.91298604011536)
Day:3 
(3, 43, 200, -711.07431665422, 21359.0, (10.681413146801251, 27.385889099647525, 32.239306362409025, 30.66288623540956), 140.37726497650146)
Day:3 
(3, 44, 200, -711.07431665422, 21359.0, (10.681413146801251, 27.385889099647525, 32.239306362409025, 30.66288623540956), 108.77883195877075)
Day:3 
(3, 45, 200, -711.07431665422, 21359.0, (10.681413146801251, 27.385889099647525, 32.239306362409025, 30.66288623540956), 120.93292212486267)
Day:3 
(3, 46, 200, -711.1456867322086, 21352.0, (10.681413146801251, 27.385889099647525, 32.239306362409025, 30.66288623540956), 116.06249403953552)
Day:3 
(3, 47, 200, -710.1885768666698, 21424.0, (10.681413146801251, 27.385889099647525, 32.239306362409025, 30.66288623540956), 117.9722638130188)
Day:3 
(3, 48, 200, -707.125119296003, 20364.0, (10.681413146801251, 27.385889099647525, 32.239306362409025, 30.66288623540956), 105.50556421279907)
Day:3 
(3, 49, 200, -707.125119296003, 20364.0, (10.681413146801251, 27.385889099647525, 32.239306362409025, 30.66288623540956), 111.56147885322571)
Day:3 
(3, 50, 200, -706.9835927866977, 20596.0, (10.681413146801251, 27.385889099647525, 32.239306362409025, 30.66288623540956), 114.77232503890991)