
Day:1 
(1, 0, 100, -16190.876510401637, 1343265.0, (24.46619016938857, 5.304857275206758, 0.2544935180583865, 7.632473938983356e-05), 4.460942029953003)
Day:1 
(1, 1, 100, -46.49034979001382, 361.0, (13.222576418995047, 0.004148551557122617, 0.2544935180583865, 8.744789024173151), 8.206042051315308)
Day:1 
(1, 2, 100, -29.067162212463707, 4.0, (1.3012082813884476, 22.978098845700305, 12.103579379920447, 18.392583705422396), 8.329417943954468)
Day:1 
(1, 3, 100, -30.261779221979594, 1024.0, (1.413450320134611, 8.182591944333003, 31.021681343195016, 18.392583705422396), 7.733544111251831)
Day:1 
(1, 4, 100, -28.165330716257728, 361.0, (1.413450320134611, 2.346691418721007, 22.842256500547393, 18.392583705422396), 8.035348892211914)
Day:1 
(1, 5, 100, -27.146355017954747, 1024.0, (1.413450320134611, 2.192695506867867, 8.910191868896783, 13.169557208359247), 7.911863088607788)
Day:1 
(1, 6, 100, -27.083381931379776, 324.0, (14.116133386013475, 3.0504952751041445, 1.066801147471857, 13.169557208359247), 8.361325979232788)
Day:1 
(1, 7, 100, -27.39718303327688, 100.0, (4.591175789388402, 3.0504952751041445, 15.263870241154521, 8.780514306643067), 8.317548036575317)
Day:1 
(1, 8, 100, -29.781243975735293, 1849.0, (5.22242859673972, 1.863081854773621, 25.73681285526536, 8.780514306643067), 8.205930948257446)
Day:1 
(1, 9, 100, -28.0421989709126, 625.0, (2.7792157225229093, 1.6625467794610922, 19.069158532443414, 14.959767820557317), 7.721635103225708)
Day:1 
(1, 10, 100, -26.130881588878538, 4.0, (0.15446109169298525, 0.5347815475155082, 15.213847216527657, 31.420527469259664), 8.160504817962646)
Day:1 
(1, 11, 100, -30.35805051122778, 289.0, (6.5194297333739435, 17.882403921197024, 15.213847216527657, 19.193970073005982), 8.109389066696167)
Day:1 
(1, 12, 100, -26.42624410773912, 289.0, (1.1598206905638306, 13.991319632438495, 0.4442805406612633, 19.193970073005982), 8.124923944473267)
Day:1 
(1, 13, 100, -29.39665864736195, 1764.0, (1.4106667405117643, 13.991319632438495, 4.352667695279436, 19.193970073005982), 8.275325059890747)
Day:1 
(1, 14, 100, -27.10121216447879, 2209.0, (0.0018066572658856149, 2.707836652171343, 28.96633297485843, 19.193970073005982), 8.014261960983276)
Day:1 
(1, 15, 100, -35.93242401862419, 25.0, (4.470779284919096, 33.152443670236224, 30.55284972275764, 83.19584187981565), 7.8735551834106445)
Day:1 
(1, 16, 100, -36.9554370590605, 36.0, (3.6975794282135803, 51.64318087027898, 30.55284972275764, 83.19584187981565), 8.396245956420898)
Day:1 
(1, 17, 100, -28.084385717469548, 361.0, (3.476026309590452, 1.427134157015782, 30.55284972275764, 8.804191545914897), 8.178510904312134)
Day:1 
(1, 18, 100, -33.620103926803615, 3600.0, (3.476026309590452, 4.533015637757679, 5.878223222620235, 63.88438599220362), 8.300209999084473)
Day:1 
(1, 19, 100, -27.7256761782158, 1024.0, (3.476026309590452, 11.72564597575331, 1.3283374414374687, 11.882127133472384), 8.369641065597534)
Day:1 
(1, 20, 100, -29.043404883509805, 2401.0, (0.5097117510616203, 3.592151539350361, 17.366637037383637, 11.882127133472384), 8.44699501991272)
Day:1 
(1, 21, 100, -23.825700833914258, 1089.0, (4.863939749368451, 0.0025655175624973623, 4.43008821032437, 11.882127133472384), 8.200844049453735)
Day:1 
(1, 22, 100, -25.00133029426977, 441.0, (0.03608445706938957, 10.288174106256397, 3.491391121976621, 11.882127133472384), 7.993621826171875)
Day:1 
(1, 23, 100, -29.12534891220902, 256.0, (20.675387623173105, 0.594589149900122, 7.0331514888976665, 31.69137700964301), 7.635535001754761)
Day:1 
(1, 24, 100, -23.241389721434007, 1.0, (0.2311645211429091, 2.40361106646631, 0.10069592713701109, 21.69170268204861), 7.358716011047363)
Day:1 
(1, 25, 100, -27.75880210972031, 144.0, (0.2311645211429091, 23.569757696233683, 4.8968602474984255, 21.69170268204861), 8.180263042449951)
Day:1 
(1, 26, 100, -28.5247527584605, 1296.0, (0.2311645211429091, 17.18712524643651, 9.077991695309738, 16.54116510771056), 7.640034914016724)
Day:1 
(1, 27, 100, -20.497952361651322, 625.0, (5.258779844883403, 10.12704722064646, 7.430902108518599e-07, 16.54116510771056), 7.886774063110352)
Day:1 
(1, 28, 100, -29.41827659842703, 400.0, (0.6880993774383938, 10.12704722064646, 32.55128138770478, 16.54116510771056), 8.160499095916748)
Day:1 
(1, 29, 100, -28.896435214070767, 841.0, (1.165462899660207, 3.8502976467031362, 25.224917530884944, 16.54116510771056), 7.55607795715332)
Day:1 
(1, 30, 100, -28.438128269038152, 1.0, (3.056629787530034, 1.9212473435712782, 14.489886035263556, 31.81401320726568), 8.025150060653687)
Day:1 
(1, 31, 100, -27.341673349388547, 441.0, (0.43327468268591907, 4.353633209066256, 5.423887455664601, 31.81401320726568), 7.2818238735198975)
Day:1 
(1, 32, 100, -25.397061359208717, 64.0, (0.43327468268591907, 0.30063045542104133, 2.7049860385599622, 38.60127671799811), 7.688024044036865)
Day:1 
(1, 33, 100, -25.43157890995576, 441.0, (0.2536731195501163, 1.912971638419318, 12.405274332112324, 8.146145435427725), 7.930279016494751)
Day:1 
(1, 34, 100, -28.254703379147223, 3481.0, (0.12091005440060809, 2.175756498938469, 10.809063067217565, 8.885386305969366), 7.7978880405426025)
Day:1 
(1, 35, 100, -25.06024621780031, 256.0, (0.12091005440060809, 2.457412491575245, 11.684161161686658, 8.885386305969366), 8.311167001724243)
Day:1 
(1, 36, 100, -29.725448957545307, 529.0, (3.960074282476613, 5.285881126453844, 1.100297347918473, 62.13088184341154), 7.742431879043579)
Day:1 
(1, 37, 100, -28.68131392401589, 4.0, (4.692256418158764, 22.30998386247402, 2.1255910242505656, 21.34514911670933), 7.826925039291382)
Day:1 
(1, 38, 100, -28.402242064138356, 25.0, (0.9750344381127173, 7.516137926606256, 19.233051873179882, 21.34514911670933), 7.687839031219482)
Day:1 
(1, 39, 100, -28.869453616911652, 1296.0, (2.4688861045277166, 20.97881082159967, 1.3421108107683783, 17.76807978782171), 7.799201965332031)
Day:1 
(1, 40, 100, -25.128588899732915, 529.0, (0.03154281265249254, 0.15054734152287383, 37.751296875000556, 10.067076534568097), 7.460235118865967)
Day:1 
(1, 41, 100, -34.85718035384216, 1296.0, (18.341775981075642, 11.443702762692137, 30.460809706250288, 47.18162985675952), 7.821985960006714)
Day:1 
(1, 42, 100, -31.862537499858654, 256.0, (5.634820932171994, 14.158525660574034, 16.284026419408786, 47.18162985675952), 7.835545063018799)
Day:1 
(1, 43, 100, -34.415110637850624, 576.0, (22.417046435929304, 7.221178142219881, 35.92251895563473, 47.18162985675952), 7.836362838745117)
Day:1 
(1, 44, 100, -36.69184897551537, 529.0, (49.96482994695931, 55.85478615425499, 0.44096623407040647, 65.26792644653122), 7.607084035873413)
Day:1 
(1, 45, 100, -28.98578020823519, 121.0, (0.22651875537362318, 4.742866151518217, 6.91192748093823, 65.26792644653122), 7.824597120285034)
Day:1 
(1, 46, 100, -24.06104720122721, 484.0, (3.80680399222824, 4.742866151518217, 0.021692213504290524, 9.991040865723377), 8.084309816360474)
Day:1 
(1, 47, 100, -28.69381531216943, 17.0, (0.4596597697014381, 1.2468718958085923, 3.045611837805152, 4.31597445213868), 7.873077154159546)
Day:1 
(1, 48, 100, -22.780541655503104, 484.0, (0.0016745420476587392, 1.0495424976258836, 3.0580339903392906, 24.13432972451706), 7.772469997406006)
Day:1 
(1, 49, 100, -23.92101538884528, 4.0, (2.4333145481465017, 0.2576053871230336, 3.079206643881697, 7.310625077016216), 7.647413969039917)
Day:1 
(1, 50, 100, -25.371059901517903, 9.0, (2.4333145481465017, 1.8894123641593081, 5.0100573224788265, 7.310625077016216), 8.240579843521118)
Day:1 
(1, 51, 100, -20.65853741438539, 64.0, (0.0005451550376151539, 1.062252826168582, 5.0100573224788265, 5.559735510613606), 8.355619192123413)
Day:1 
(1, 52, 100, -25.0929236299577, 289.0, (0.5286984670798233, 3.126883984569102, 5.0100573224788265, 6.6256978150867845), 8.303244829177856)
Day:1 
(1, 53, 100, -27.260578083723175, 961.0, (1.0604266682786962, 3.126883984569102, 15.332336555046602, 6.6256978150867845), 8.152000188827515)
Day:1 
(1, 54, 100, -24.89498486357402, 841.0, (2.310394038302064, 0.06900487414750474, 9.890606870323532, 6.6256978150867845), 8.168011903762817)
Day:1 
(1, 55, 100, -27.175585157959155, 64.0, (3.560349821346171, 0.15330460930278778, 41.250831619098186, 6.6256978150867845), 7.925973892211914)
Day:1 
(1, 56, 100, -25.220287717229645, 1521.0, (1.979789669739496, 0.14286849898859938, 0.9229011589565663, 16.747326386811512), 7.927890062332153)
Day:1 
(1, 57, 100, -23.94822041733279, 625.0, (0.05696046719532057, 2.2644990711219672, 2.3850896051418546, 10.853924568406565), 7.9178690910339355)
Day:1 
(1, 58, 100, -27.470534234003065, 256.0, (7.045347655775676, 1.6024156430930157, 6.490326749107746, 18.693712092239608), 7.813753843307495)
Day:1 
(1, 59, 100, -26.5828964357333, 4.0, (5.43122032179744, 1.6024156430930157, 6.681179058969985, 13.095989749627147), 7.59459114074707)
Day:1 
(1, 60, 100, -25.467295575101385, 64.0, (3.6403809655435113, 5.1116329266286415, 0.46190179262778336, 13.095989749627147), 8.035420894622803)
Day:1 
(1, 61, 100, -24.934336951276663, 144.0, (3.6403809655435113, 10.239558439083758, 0.033647514382112755, 14.546787176396444), 7.910171985626221)
Day:1 
(1, 62, 100, -27.079105168928084, 169.0, (4.1185390663173695, 3.7370474043952613, 5.809585186727705, 14.546787176396444), 7.532600164413452)
Day:1 
(1, 63, 100, -26.568397626595193, 9.0, (4.1185390663173695, 0.5790706020756021, 18.679116608667346, 9.210568803448767), 7.876752853393555)
Day:1 
(1, 64, 100, -21.712191086265225, 144.0, (0.01628098848532277, 0.07470019401955487, 7.94933331422768, 9.210568803448767), 8.38251805305481)
Day:1 
(1, 65, 100, -22.529752860939542, 64.0, (0.3757617882182859, 0.29841993746468404, 0.5497474960620216, 12.32141827128604), 7.642554044723511)
Day:1 
(1, 66, 100, -23.850282167947856, 900.0, (0.5362783003583818, 0.29841993746468404, 0.9165562463870032, 12.32141827128604), 8.170686960220337)
Day:1 
(1, 67, 100, -26.35595291853626, 1.0, (10.20072267264713, 0.29841993746468404, 8.36149619469176, 12.32141827128604), 8.48733401298523)
Day:1 
(1, 68, 100, -21.87977757836389, 16.0, (5.82242796132422, 0.5037885089937816, 0.0038004937178896577, 12.32141827128604), 8.156444072723389)
Day:1 
(1, 69, 100, -24.045896052359513, 256.0, (0.0035530444821403593, 9.713145412347446, 0.944511925877915, 8.802755680793531), 7.966339826583862)
Day:1 
(1, 70, 100, -33.71129237941065, 0.0, (0.0035530444821403593, 78.74033535554723, 40.64773485117151, 52.48342722146535), 8.377443075180054)
Day:1 
(1, 71, 100, -22.395404410688766, 169.0, (0.0035530444821403593, 5.194916736284765, 1.810872245031579, 9.929570959412324), 8.041286945343018)
Day:1 
(1, 72, 100, -19.90465543152696, 1521.0, (1.5218622790240617, 0.02581026117104003, 0.000785796417583861, 5.92163940826787), 7.824408054351807)
Day:1 
(1, 73, 100, -27.725024081998814, 0.0, (1.5218622790240617, 0.28409458851374514, 51.82346858368633, 5.13081572052949), 8.067764043807983)
Day:1 
(1, 74, 100, -25.16268125847245, 289.0, (0.002990651935916047, 0.9869631549035038, 51.82346858368633, 5.525748178112208), 8.264419078826904)
Day:1 
(1, 75, 100, -25.940766627149117, 1521.0, (0.002990651935916047, 17.289118074811515, 2.5417686996282916, 19.6385528565259), 8.052714824676514)
Day:1 
(1, 76, 100, -27.47782556716078, 289.0, (2.211441559762492, 2.851487997493918, 7.09361216371015, 23.421242739514426), 8.04849100112915)
Day:1 
(1, 77, 100, -29.630776689038278, 81.0, (32.33903078349073, 2.629230088534933, 4.12000754546473, 23.421242739514426), 7.817479133605957)
Day:1 
(1, 78, 100, -27.126196379176676, 25.0, (4.218257296357828, 2.629230088534933, 3.974762062227846, 23.421242739514426), 8.30861783027649)
Day:1 
(1, 79, 100, -24.20258014004366, 484.0, (4.218257296357828, 0.0009565310524254945, 13.897982599637075, 18.03164809310816), 8.234080076217651)
Day:1 
(1, 80, 100, -27.32388829359428, 144.0, (3.0012764409093027, 10.632240654210843, 2.721811802885632, 16.186098947931622), 7.7570929527282715)
Day:1 
(1, 81, 100, -28.84907279155218, 4.0, (8.457290418458118, 10.632240654210843, 8.702771929437755, 16.186098947931622), 8.216853141784668)
Day:1 
(1, 82, 100, -26.95621252730254, 529.0, (3.8836755372689966, 14.589306850387407, 0.2803102747144037, 16.186098947931622), 8.208053827285767)
Day:1 
(1, 83, 100, -28.47891112277296, 64.0, (7.698688634057016, 10.46826062690658, 0.2803102747144037, 42.76807738318233), 7.871908187866211)
Day:1 
(1, 84, 100, -26.95016020988971, 576.0, (2.3914270856054185, 0.14988950547460583, 18.351570456316942, 19.82319066926025), 7.649686813354492)
Day:1 
(1, 85, 100, -33.0743882645869, 2209.0, (12.713351528196283, 17.721452566215014, 18.351570456316942, 18.85574261581627), 7.900938034057617)
Day:1 
(1, 86, 100, -25.57781661040351, 9.0, (2.431979357295639, 0.4575475082759739, 13.489052291143615, 8.273686172228711), 7.754666090011597)
Day:1 
(1, 87, 100, -26.989611740276683, 4225.0, (1.1140107534011083, 0.4575475082759739, 0.32300282915513967, 8.273686172228711), 8.533804893493652)
Day:1 
(1, 88, 100, -26.42590493870314, 784.0, (1.1140107534011083, 6.733029482831229, 1.588272547775998, 14.171393761397189), 8.289054155349731)
Day:1 
(1, 89, 100, -26.050664426123486, 225.0, (1.1140107534011083, 1.5179866735132346, 4.551412449044891, 4.9916030779838785), 8.329236030578613)
Day:1 
(1, 90, 100, -25.18191364030007, 441.0, (0.19539740811593795, 1.5179866735132346, 9.941088883897953, 4.9916030779838785), 8.546326875686646)
Day:1 
(1, 91, 100, -25.314732224380418, 625.0, (0.19539740811593795, 1.5179866735132346, 3.132493460236267, 21.138930197228422), 8.420176029205322)
Day:1 
(1, 92, 100, -22.88031279985236, 1.0, (0.19539740811593795, 0.2614503773540199, 0.6089352226775351, 21.909605813714702), 8.16907000541687)
Day:1 
(1, 93, 100, -27.63407306449746, 324.0, (16.495485710096325, 0.6237031115826773, 3.0774238220929018, 21.909605813714702), 8.174045085906982)
Day:1 
(1, 94, 100, -30.505451577868797, 484.0, (32.669634211008336, 1.648449812371347, 11.025106986622031, 21.909605813714702), 7.89766001701355)
Day:1 
(1, 95, 100, -28.823936583154406, 625.0, (18.739684366746015, 0.07075730421292625, 8.778798346443612, 36.912689298394135), 7.86644983291626)
Day:1 
(1, 96, 100, -25.1693639962884, 9.0, (3.017976846754075, 0.41533064736562164, 2.824185314380196, 17.32332847218381), 7.972296953201294)
Day:1 
(1, 97, 100, -26.378586947838212, 49.0, (1.0067262277048745, 0.41533064736562164, 16.888292257840575, 20.27827577740101), 8.009343147277832)
Day:1 
(1, 98, 100, -35.44826155620381, 5476.0, (19.632821556359126, 2.2306376866749384, 23.841225692306505, 20.27827577740101), 7.763120889663696)
Day:1 
(1, 99, 100, -24.539512179929567, 1156.0, (2.692264685791723, 2.2306376866749384, 0.08457664997652806, 8.290230012073472), 8.173948049545288)
Day:1 
(1, 100, 100, -23.94819267492402, 121.0, (0.1733493020646083, 0.8411478195544495, 3.8842713036405616, 13.209204661920783), 7.807739973068237)
Day:2 
(2, 0, 100, -14413.961392147161, 1139053.0, (0.1733493020646083, 0.8411478195544495, 3.8842713036405616, 13.209204661920783), 10.463020086288452)
Day:2 
(2, 1, 100, -4940.261148503618, 561066.0, (18.05340472471187, 4.774895261689378, 3.8842713036405616, 13.209204661920783), 53.30074501037598)
Day:2 
(2, 2, 100, -3390.5840184176727, 353524.0, (24.264074629945508, 4.774895261689378, 6.0688187622601735, 13.209204661920783), 62.640543937683105)
Day:2 
(2, 3, 100, -3104.3006740890855, 316433.0, (24.264074629945508, 1.3205379853140686, 6.0688187622601735, 13.209204661920783), 76.87509894371033)