
Day:1 
(1, 0, 200, -30.97906944615671, 1.0, (-0.7296296960597634, -36.426241758519936, 2.03852001969728, 3.422862049217515), 4.405941963195801)
Day:1 
(1, 1, 200, -30.682247668199576, 49.0, (-25.663084712125528, 5.604250195129457, -12.357803971637184, 14.877923173481525), 8.046453952789307)
Day:1 
(1, 2, 200, -35.204534640030985, 4.0, (-15.9862511775877, -59.89166297659554, 29.259324448940298, -4.622055688199439), 8.183917045593262)
Day:1 
(1, 3, 200, -33.94032643356102, 49.0, (-4.873427309414104, -59.89166297659554, 7.468313145345845, -1.9988786725350844), 8.232786893844604)
Day:1 
(1, 4, 200, -29.881905512882376, 4.0, (-2.012774431829933, -3.2045704669334536, -12.393307931001567, 17.147158106302637), 8.318504095077515)
Day:1 
(1, 5, 200, -29.76886466698265, 64.0, (-2.012774431829933, 0.9481240869828353, -4.681569770604532, 17.147158106302637), 8.452462911605835)
Day:1 
(1, 6, 200, -31.55013322713946, 256.0, (9.452883763710377, -2.2615219264855577, -12.288458038438488, 36.63523601328899), 8.317090034484863)
Day:1 
(1, 7, 200, -31.376723020855405, 729.0, (-19.682301523985018, -11.282322583338624, 16.606196681069058, 16.406771414807057), 8.091563940048218)
Day:1 
(1, 8, 200, -31.522964597177072, 144.0, (6.30463226273901, -27.430191971084735, 24.42783890895125, 16.406771414807057), 7.728994131088257)
Day:1 
(1, 9, 200, -32.91921956092423, 100.0, (-12.525706605680837, -48.544605299669215, -5.358921381464533, 16.406771414807057), 8.211080074310303)
Day:1 
(1, 10, 200, -30.27612954083387, 64.0, (-21.23170962656905, -1.8307845629711221, -0.5160853857493009, 16.50153376610063), 7.995792865753174)
Day:1 
(1, 11, 200, -32.58910011593626, 0.0, (-15.535707943545766, -33.19079967993351, 12.238352106933778, 33.74810630243141), 8.104679107666016)
Day:1 
(1, 12, 200, -33.4584110919437, 49.0, (-8.168630909537546, 32.33279288558245, -32.01546264083162, 33.74810630243141), 8.426460027694702)
Day:1 
(1, 13, 200, -32.860619463408185, 1849.0, (-11.596964543033609, 6.634657879311016, -1.3952741153028367, 33.74810630243141), 8.772233963012695)
Day:1 
(1, 14, 200, -32.43935758976133, 484.0, (-6.581023402867695, 9.09690051032275, 15.46004185818225, 41.79005029373581), 8.13756799697876)
Day:1 
(1, 15, 200, -32.187219866511924, 576.0, (28.2249712340015, -19.02552694571998, 14.819012090875393, 22.04770590200357), 8.422400951385498)
Day:1 
(1, 16, 200, -31.231201290931708, 484.0, (-20.33939651408306, 19.10863985447827, 14.819012090875393, 13.139476768721915), 8.462507963180542)
Day:1 
(1, 17, 200, -30.728941169056213, 9.0, (-3.300036102048299, -17.231670568126116, 25.58697021914194, 13.139476768721915), 8.588154077529907)
Day:1 
(1, 18, 200, -29.66792537943013, 16.0, (7.1506692839073, 1.1296567917117444, 0.13810096258290447, 15.203754249359969), 8.598260879516602)
Day:1 
(1, 19, 200, -29.608043345312602, 36.0, (4.0423824691377765, 1.1296567917117444, -5.738108173944416, 12.826303614078098), 8.798187971115112)
Day:1 
(1, 20, 200, -29.677439089507452, 100.0, (4.0423824691377765, -2.3222899601268883, 6.907693106506103, 12.541833748412124), 8.530652046203613)
Day:1 
(1, 21, 200, -33.88261172304538, 729.0, (-50.85445112832293, -20.569900790552275, 6.907693106506103, -2.707476990548572), 8.638515949249268)
Day:1 
(1, 22, 200, -34.89061378244381, 729.0, (-50.85445112832293, 10.012468752151001, 33.55601910217383, 7.636306201132197), 8.67318606376648)
Day:1 
(1, 23, 200, -32.42185601070067, 1444.0, (5.535002815740578, -9.469075030919756, 33.55601910217383, 7.636306201132197), 8.899462938308716)
Day:1 
(1, 24, 200, -30.649994949061767, 1.0, (-6.294347101817351, -23.340938665553228, 22.166566741672035, 2.0592152753636532), 8.54408597946167)
Day:1 
(1, 25, 200, -32.258290747715066, 196.0, (27.84318736431054, 8.389364594953516, 9.163849247691525, 35.69178988399409), 8.288350105285645)
Day:1 
(1, 26, 200, -34.084598722719264, 1024.0, (-22.643205731923338, -2.078436037005741, -34.51893919559363, 35.69178988399409), 8.740786075592041)
Day:1 
(1, 27, 200, -32.017531334074334, 100.0, (-28.257632678584603, -22.605703347423923, 25.58169572159319, 11.228840118243305), 8.428764820098877)
Day:1 
(1, 28, 200, -32.896733640646275, 676.0, (-20.22563255734288, -0.36132346648348823, 41.21910358550864, 15.683192430014453), 8.316702127456665)
Day:1 
(1, 29, 200, -30.486260321188794, 9.0, (-2.0741039811180775, 4.881018682581614, 25.82491334186209, 15.683192430014453), 8.522027015686035)
Day:1 
(1, 30, 200, -33.28634475180529, 121.0, (-35.445439153337965, 9.116781618296066, 30.130050207011035, 28.989993081127945), 8.60370397567749)
Day:1 
(1, 31, 200, -30.00334090072951, 256.0, (-2.8209841471458947, -3.0068141760097498, -13.288863433940255, 10.452064380938), 8.63214898109436)
Day:1 
(1, 32, 200, -29.56771602587229, 25.0, (-2.8209841471458947, -1.3238462745239288, -0.16480343302368156, 13.671107322438006), 8.79555606842041)
Day:1 
(1, 33, 200, -29.823519297481596, 4.0, (-2.8209841471458947, 0.9047366240512081, 14.81738964419538, 13.671107322438006), 8.539499044418335)
Day:1 
(1, 34, 200, -30.314772553347723, 529.0, (-18.77474137944626, -3.7377171713281734, 2.33599873861948, 0.6086609065163526), 8.55659794807434)
Day:1 
(1, 35, 200, -30.743257003472365, 36.0, (-18.77474137944626, -21.95116383686989, 17.000468879267007, 0.6086609065163526), 8.862985849380493)
Day:1 
(1, 36, 200, -33.19006708106453, 576.0, (-18.77474137944626, -21.95116383686989, -39.206613265325736, 12.886409258855185), 9.089421033859253)
Day:1 
(1, 37, 200, -30.639940908888537, 225.0, (15.823687976110325, -21.95116383686989, -1.166884790166788, 12.886409258855185), 8.728240966796875)
Day:1 
(1, 38, 200, -31.239471625104798, 1089.0, (-4.473583151419141, 15.048630902837953, 17.182352929791804, 12.886409258855185), 8.20258617401123)
Day:1 
(1, 39, 200, -34.982219513360526, 1521.0, (-6.750547900807479, -51.349912582204006, 2.808958863956791, 24.471335207697546), 8.453470945358276)
Day:1 
(1, 40, 200, -34.525233444318744, 144.0, (-36.27041226891317, -51.349912582204006, 10.069758253771582, -2.474671619659099), 8.438344955444336)
Day:1 
(1, 41, 200, -31.23665793627931, 841.0, (-13.880698717785418, -4.822197947696227, -17.319292590148113, 19.546506648849714), 8.609759092330933)
Day:1 
(1, 42, 200, -33.03844734797414, 2601.0, (-13.880698717785418, 2.5157501049074034, -16.876424154538796, 18.7266200936049), 8.855494976043701)
Day:1 
(1, 43, 200, -31.200177313253885, 1089.0, (-1.9529732645658113, 2.5157501049074034, -15.937636146900305, 20.304240534755618), 8.46658706665039)
Day:1 
(1, 44, 200, -32.278123437562655, 9.0, (-43.953295841418544, 3.9270092115443482, 4.165470543884893, 20.304240534755618), 8.607717990875244)
Day:1 
(1, 45, 200, -33.62976928663629, 145.0, (0.43893915626351965, -19.807307308246234, 14.983680250049227, -2.526709000494965), 8.740595817565918)
Day:1 
(1, 46, 200, -30.234228049397984, 144.0, (0.43893915626351965, 7.746172354186536, 21.682030917120553, 8.981744276345674), 8.89171814918518)
Day:1 
(1, 47, 200, -29.530984206840586, 0.0, (0.43893915626351965, 0.21642980789305769, 9.405078041229952, 9.823254174325166), 8.748692989349365)
Day:1 
(1, 48, 200, -29.657674114271906, 81.0, (0.43893915626351965, 7.779811698505654, 8.027783368233651, 9.823254174325166), 8.58820390701294)
Day:1 
(1, 49, 200, -30.061687891672864, 25.0, (0.43893915626351965, -20.76224592839265, 8.003405791211724, 9.823254174325166), 8.880783081054688)
Day:1 
(1, 50, 200, -31.190527197740977, 841.0, (-28.178368091474294, -7.0649726085324405, -3.410778116701461, 2.3232976384075505), 8.39789891242981)
Day:2 
(2, 0, 200, -14467.679695290615, 1234510.0, (-28.178368091474294, -7.0649726085324405, -3.410778116701461, 2.3232976384075505), 10.877129077911377)
Day:2 
(2, 1, 200, -13401.348176781474, 940902.0, (-28.178368091474294, -7.0649726085324405, 16.412054620908727, 2.3232976384075505), 49.4185950756073)
Day:2 
(2, 2, 200, -5970.261138622904, 211440.0, (3.1921306167719092, 5.366449785019912, 16.412054620908727, 2.3232976384075505), 47.53253197669983)
Day:2 
(2, 3, 200, -3740.53209651257, 384607.0, (3.1921306167719092, -2.3726634387884284, -1.3655632592424258, 2.3232976384075505), 127.63444089889526)
Day:2 
(2, 4, 200, -875.3682303565556, 105001.0, (3.1921306167719092, -2.3726634387884284, 8.941610953915982, 4.598994479427846), 101.32063508033752)
Day:2 
(2, 5, 200, -785.4623411993739, 99124.0, (3.1921306167719092, -2.3726634387884284, 8.941610953915982, 4.598994479427846), 72.51916003227234)
Day:2 
(2, 6, 200, -752.3568070953477, 94593.0, (3.1921306167719092, -2.3726634387884284, 8.941610953915982, 4.598994479427846), 75.4548659324646)
Day:2 
(2, 7, 200, -462.02237579712664, 35602.0, (3.1921306167719092, 3.873548416398385, 8.941610953915982, 4.598994479427846), 87.01642990112305)
Day:2 
(2, 8, 200, -445.25706567224, 31846.0, (3.1921306167719092, 3.873548416398385, 8.941610953915982, 4.598994479427846), 155.0594391822815)
Day:2 
(2, 9, 200, -398.2512393161478, 14742.0, (3.1921306167719092, 3.873548416398385, 6.2249812696245055, 4.598994479427846), 147.77211093902588)
Day:2 
(2, 10, 200, -382.68778790530206, 13792.0, (3.1921306167719092, 3.873548416398385, 6.2249812696245055, 4.598994479427846), 160.2691729068756)
Day:2 
(2, 11, 200, -371.736566828045, 11884.0, (3.1921306167719092, 3.873548416398385, 6.2249812696245055, 4.598994479427846), 157.50226497650146)
Day:2 
(2, 12, 200, -362.4392162832838, 11899.0, (3.1921306167719092, 3.873548416398385, 6.2249812696245055, 4.598994479427846), 184.08051705360413)
Day:2 
(2, 13, 200, -362.84040739787736, 10814.0, (3.1921306167719092, 3.873548416398385, 6.2249812696245055, 4.598994479427846), 188.42477297782898)
Day:2 
(2, 14, 200, -354.72907912734706, 11118.0, (3.1921306167719092, 3.873548416398385, 6.2249812696245055, 4.598994479427846), 179.82446312904358)
Day:2 
(2, 15, 200, -358.47514155255664, 11157.0, (3.1921306167719092, 3.873548416398385, 6.2249812696245055, 4.598994479427846), 157.35441899299622)
Day:2 
(2, 16, 200, -354.01101224339624, 12200.0, (3.1921306167719092, 3.873548416398385, 6.2249812696245055, 4.598994479427846), 219.76196193695068)
Day:2 
(2, 17, 200, -357.0900985156484, 12353.0, (3.1921306167719092, 3.873548416398385, 6.2249812696245055, 4.598994479427846), 171.16648292541504)
Day:2 
(2, 18, 200, -358.0257402754192, 13104.0, (3.1921306167719092, 3.873548416398385, 6.2249812696245055, 4.598994479427846), 144.13525295257568)
Day:2 
(2, 19, 200, -358.32602750064007, 12597.0, (3.1921306167719092, 3.873548416398385, 6.2249812696245055, 4.598994479427846), 189.3400640487671)
Day:2 
(2, 20, 200, -357.47019470980257, 12764.0, (3.1921306167719092, 3.873548416398385, 6.2249812696245055, 4.598994479427846), 179.41697812080383)
Day:2 
(2, 21, 200, -359.32549445963303, 12947.0, (3.1921306167719092, 3.873548416398385, 6.2249812696245055, 4.598994479427846), 201.53989481925964)
Day:2 
(2, 22, 200, -362.87799806834374, 12968.0, (3.1921306167719092, 3.873548416398385, 6.2249812696245055, 4.598994479427846), 166.99828100204468)
Day:2 
(2, 23, 200, -373.2659605285969, 12414.0, (3.1921306167719092, 3.873548416398385, 6.2249812696245055, 4.598994479427846), 192.46813702583313)
Day:2 
(2, 24, 200, -366.33371222568644, 11885.0, (3.1921306167719092, 3.873548416398385, 6.2249812696245055, 4.598994479427846), 170.33969402313232)
Day:2 
(2, 25, 200, -363.3352347804596, 11583.0, (3.1921306167719092, 3.873548416398385, 6.2249812696245055, 4.598994479427846), 145.48687505722046)
Day:2 
(2, 26, 200, -371.7942448638663, 11108.0, (3.1921306167719092, 3.873548416398385, 6.2249812696245055, 4.598994479427846), 207.08187007904053)
Day:2 
(2, 27, 200, -369.9378643137093, 10048.0, (3.1921306167719092, 3.873548416398385, 6.2249812696245055, 4.598994479427846), 175.2834939956665)
Day:2 
(2, 28, 200, -370.6569415511232, 9924.0, (3.1921306167719092, 3.873548416398385, 6.2249812696245055, 4.598994479427846), 165.28788495063782)
Day:2 
(2, 29, 200, -374.08571807171217, 10090.0, (3.1921306167719092, 3.873548416398385, 6.2249812696245055, 4.598994479427846), 180.17951798439026)
Day:2 
(2, 30, 200, -358.495188549952, 9983.0, (3.1921306167719092, 3.873548416398385, 6.2249812696245055, 4.598994479427846), 164.98099207878113)
Day:2 
(2, 31, 200, -362.43662316281745, 9829.0, (3.1921306167719092, 3.873548416398385, 6.2249812696245055, 4.598994479427846), 189.25272488594055)
Day:2 
(2, 32, 200, -357.56061456126434, 9854.0, (3.1921306167719092, 3.873548416398385, 6.2249812696245055, 4.598994479427846), 162.23607301712036)
Day:2 
(2, 33, 200, -355.7797801783601, 7885.0, (3.1921306167719092, 3.873548416398385, 6.2249812696245055, 4.598994479427846), 160.80524706840515)
Day:2 
(2, 34, 200, -355.9129372337519, 7625.0, (3.1921306167719092, 3.873548416398385, 6.2249812696245055, 4.598994479427846), 179.47061705589294)
Day:2 
(2, 35, 200, -368.63902488727337, 8057.0, (3.1921306167719092, 3.873548416398385, 6.2249812696245055, 4.598994479427846), 165.37288284301758)
Day:2 
(2, 36, 200, -370.75577684918005, 8094.0, (3.1921306167719092, 3.873548416398385, 6.2249812696245055, 4.598994479427846), 183.5822310447693)
Day:2 
(2, 37, 200, -349.7163458714562, 8001.0, (3.1921306167719092, 3.873548416398385, 6.2249812696245055, 4.598994479427846), 190.68270111083984)
Day:2 
(2, 38, 200, -351.6098428512648, 8010.0, (3.1921306167719092, 3.873548416398385, 6.2249812696245055, 4.598994479427846), 163.55433177947998)
Day:2 
(2, 39, 200, -359.45662526848577, 8008.0, (3.1921306167719092, 3.873548416398385, 6.2249812696245055, 4.598994479427846), 188.4096601009369)
Day:2 
(2, 40, 200, -351.7513860730471, 8172.0, (3.1921306167719092, 3.873548416398385, 6.2249812696245055, 4.598994479427846), 187.59399890899658)
Day:2 
(2, 41, 200, -354.96001662760096, 8105.0, (3.1921306167719092, 3.873548416398385, 6.2249812696245055, 4.598994479427846), 174.87447214126587)
Day:2 
(2, 42, 200, -345.27331906407073, 8320.0, (3.1921306167719092, 3.873548416398385, 6.2249812696245055, 4.598994479427846), 179.09301805496216)
Day:2 
(2, 43, 200, -351.28538945240456, 8225.0, (3.1921306167719092, 3.873548416398385, 6.2249812696245055, 4.598994479427846), 153.23890590667725)
Day:2 
(2, 44, 200, -351.14454035276106, 8289.0, (3.1921306167719092, 3.873548416398385, 6.2249812696245055, 4.598994479427846), 171.73209309577942)
Day:2 
(2, 45, 200, -354.31702869444575, 7507.0, (3.1921306167719092, 3.873548416398385, 6.2249812696245055, 4.598994479427846), 186.61016178131104)
Day:2 
(2, 46, 200, -354.4976715370112, 7621.0, (3.1921306167719092, 3.873548416398385, 6.2249812696245055, 4.598994479427846), 185.82933616638184)
Day:2 
(2, 47, 200, -358.9046726874188, 7539.0, (3.1921306167719092, 3.873548416398385, 6.2249812696245055, 4.598994479427846), 150.57285284996033)
Day:2 
(2, 48, 200, -360.82665499077274, 7328.0, (3.1921306167719092, 3.873548416398385, 6.2249812696245055, 4.598994479427846), 183.28055000305176)
Day:2 
(2, 49, 200, -279.27425598390016, 11258.0, (3.1921306167719092, 3.873548416398385, 6.2249812696245055, 5.249863009871802), 168.93787717819214)
Day:2 
(2, 50, 200, -258.5039713602749, 11424.0, (3.1921306167719092, 3.873548416398385, 6.2249812696245055, 5.249863009871802), 133.29349994659424)
Day:3 
(3, 0, 200, -681.791970904485, 16798.0, (3.1921306167719092, 3.873548416398385, 6.2249812696245055, 5.249863009871802), 18.25304102897644)
Day:3 
(3, 1, 200, -648.5999110949218, 14885.0, (3.1921306167719092, 3.873548416398385, 6.2249812696245055, 5.249863009871802), 227.71667003631592)
Day:3 
(3, 2, 200, -634.2611698263042, 15018.0, (3.1921306167719092, 3.873548416398385, 6.2249812696245055, 5.249863009871802), 173.73146796226501)
Day:3 
(3, 3, 200, -621.2110217129328, 14933.0, (3.1921306167719092, 3.873548416398385, 6.2249812696245055, 5.249863009871802), 239.82321691513062)
Day:3 
(3, 4, 200, -604.5659845373789, 14219.0, (3.1921306167719092, 3.873548416398385, 6.2249812696245055, 5.249863009871802), 227.35872411727905)
Day:3 
(3, 5, 200, -587.7968209210285, 14185.0, (3.1921306167719092, 3.873548416398385, 6.2249812696245055, 5.249863009871802), 210.47497701644897)
Day:3 
(3, 6, 200, -582.1465252361245, 13883.0, (3.1921306167719092, 3.873548416398385, 6.2249812696245055, 5.249863009871802), 189.3453688621521)
Day:3 
(3, 7, 200, -588.8329023216706, 13947.0, (3.1921306167719092, 3.873548416398385, 6.2249812696245055, 5.249863009871802), 225.81778407096863)
Day:3 
(3, 8, 200, -580.6676588944811, 14295.0, (3.1921306167719092, 3.873548416398385, 6.2249812696245055, 5.249863009871802), 167.3634729385376)
Day:3 
(3, 9, 200, -576.4493445920959, 14084.0, (3.1921306167719092, 3.873548416398385, 6.2249812696245055, 5.249863009871802), 228.65704798698425)
Day:3 
(3, 10, 200, -585.271084262264, 14409.0, (3.1921306167719092, 3.873548416398385, 6.2249812696245055, 5.249863009871802), 216.3101179599762)
Day:3 
(3, 11, 200, -579.487158165103, 13454.0, (3.1921306167719092, 3.873548416398385, 6.2249812696245055, 5.249863009871802), 186.60311818122864)
Day:3 
(3, 12, 200, -583.0224354709202, 12938.0, (3.1921306167719092, 3.873548416398385, 6.2249812696245055, 5.249863009871802), 223.5230679512024)
Day:3 
(3, 13, 200, -578.9258192335353, 13267.0, (3.1921306167719092, 3.873548416398385, 6.2249812696245055, 5.249863009871802), 299.60918283462524)
Day:3 
(3, 14, 200, -579.8076118599605, 13215.0, (3.1921306167719092, 3.873548416398385, 6.2249812696245055, 5.249863009871802), 261.50919699668884)
Day:3 
(3, 15, 200, -585.5637602219009, 13618.0, (3.1921306167719092, 3.873548416398385, 6.2249812696245055, 5.249863009871802), 241.27796602249146)
Day:3 
(3, 16, 200, -586.9652438251726, 13622.0, (3.1921306167719092, 3.873548416398385, 6.2249812696245055, 5.249863009871802), 172.9823021888733)
Day:3 
(3, 17, 200, -585.6127111041437, 13666.0, (3.1921306167719092, 3.873548416398385, 6.2249812696245055, 5.249863009871802), 186.93871998786926)
Day:3 
(3, 18, 200, -582.2579850858625, 13608.0, (3.1921306167719092, 3.873548416398385, 6.2249812696245055, 5.249863009871802), 238.393394947052)
Day:3 
(3, 19, 200, -576.4250052996778, 13594.0, (3.1921306167719092, 3.873548416398385, 6.2249812696245055, 5.249863009871802), 182.80869698524475)
Day:3 
(3, 20, 200, -572.0729946464918, 13668.0, (3.1921306167719092, 3.873548416398385, 6.2249812696245055, 5.249863009871802), 152.73305296897888)
Day:3 
(3, 21, 200, -586.1629758166621, 12312.0, (3.1921306167719092, 3.873548416398385, 6.2249812696245055, 5.249863009871802), 202.42810797691345)
Day:3 
(3, 22, 200, -581.7970183713072, 12672.0, (3.1921306167719092, 3.873548416398385, 6.2249812696245055, 5.249863009871802), 166.16864395141602)
Day:3 
(3, 23, 200, -567.7343692331165, 12631.0, (3.1921306167719092, 3.873548416398385, 6.2249812696245055, 5.249863009871802), 217.62704706192017)
Day:3 
(3, 24, 200, -570.403189863538, 12708.0, (3.1921306167719092, 3.873548416398385, 6.2249812696245055, 5.249863009871802), 185.16025304794312)
Day:3 
(3, 25, 200, -567.5618093464378, 12449.0, (3.1921306167719092, 3.873548416398385, 6.2249812696245055, 5.249863009871802), 221.38440608978271)
Day:3 
(3, 26, 200, -572.0199112919315, 12564.0, (3.1921306167719092, 3.873548416398385, 6.2249812696245055, 5.249863009871802), 240.14265394210815)
Day:3 
(3, 27, 200, -578.6834409694869, 12347.0, (3.1921306167719092, 3.873548416398385, 6.2249812696245055, 5.249863009871802), 183.63993501663208)
Day:3 
(3, 28, 200, -576.8775164966014, 12289.0, (3.1921306167719092, 3.873548416398385, 6.2249812696245055, 5.249863009871802), 245.30207300186157)
Day:3 
(3, 29, 200, -581.9816284823524, 12235.0, (3.1921306167719092, 3.873548416398385, 6.2249812696245055, 5.249863009871802), 270.08449602127075)
Day:3 
(3, 30, 200, -599.6157491428494, 12304.0, (3.1921306167719092, 3.873548416398385, 6.2249812696245055, 5.249863009871802), 265.10203886032104)
Day:3 
(3, 31, 200, -594.6452748037624, 12290.0, (3.1921306167719092, 3.873548416398385, 6.2249812696245055, 5.249863009871802), 239.638610124588)
Day:3 
(3, 32, 200, -598.6544984832985, 12435.0, (3.1921306167719092, 3.873548416398385, 6.2249812696245055, 5.249863009871802), 164.3127658367157)
Day:3 
(3, 33, 200, -601.7042091760882, 11728.0, (3.1921306167719092, 3.873548416398385, 6.2249812696245055, 5.249863009871802), 177.6532700061798)
Day:3 
(3, 34, 200, -602.2094910327922, 11682.0, (3.1921306167719092, 3.873548416398385, 6.2249812696245055, 5.249863009871802), 201.6261260509491)
Day:3 
(3, 35, 200, -579.6664877384076, 11702.0, (3.1921306167719092, 3.873548416398385, 6.2249812696245055, 5.249863009871802), 244.36996507644653)
Day:3 
(3, 36, 200, -586.4572771968126, 10990.0, (3.1921306167719092, 3.873548416398385, 6.2249812696245055, 5.249863009871802), 186.44689083099365)
Day:3 
(3, 37, 200, -583.0113031726228, 10893.0, (3.1921306167719092, 3.873548416398385, 6.2249812696245055, 5.249863009871802), 276.4836070537567)
Day:3 
(3, 38, 200, -577.986458811009, 11204.0, (3.1921306167719092, 3.873548416398385, 6.2249812696245055, 5.249863009871802), 211.25858616828918)
Day:3 
(3, 39, 200, -583.4980329784305, 10589.0, (3.1921306167719092, 3.873548416398385, 6.2249812696245055, 5.249863009871802), 190.2461040019989)
Day:3 
(3, 40, 200, -576.4770779406805, 10636.0, (3.1921306167719092, 3.873548416398385, 6.2249812696245055, 5.249863009871802), 234.19530487060547)