
Day:1 
(1, 0, 100, -26.443268820134975, 1089.0, (0.280018601566232, 4.44575718616563, 1.1966937898863332, 26.60700237970226), 4.17379093170166)
Day:1 
(1, 1, 100, -24.478448426540673, 144.0, (0.049026964085570106, 5.477244146443845, 3.2876270172126434, 6.697526465739953), 7.5634870529174805)
Day:1 
(1, 2, 100, -26.084397635734398, 196.0, (0.20421451494581555, 9.098000604074866, 1.033194988615711, 28.72913723368131), 7.14034104347229)
Day:1 
(1, 3, 100, -25.177729965277273, 36.0, (0.20421451494581555, 1.978203185988417, 1.368055711670357, 32.04581883406309), 7.443603992462158)
Day:1 
(1, 4, 100, -26.281844828483024, 64.0, (0.20421451494581555, 5.350053552012164, 2.710133560271811, 32.04581883406309), 7.73917293548584)
Day:1 
(1, 5, 100, -26.47055298349975, 961.0, (0.20421451494581555, 4.514581184396433, 10.142705980388865, 10.451695264608137), 7.626687049865723)
Day:1 
(1, 6, 100, -25.22661567854672, 121.0, (2.7464715442549816, 3.1282048491735344, 1.1184549131841965, 10.451695264608137), 7.557935953140259)
Day:1 
(1, 7, 100, -23.918765456467177, 256.0, (0.4039075930377031, 3.1282048491735344, 0.21338790565739754, 16.405868376451046), 7.703178882598877)
Day:1 
(1, 8, 100, -27.08036086784779, 4.0, (1.6628368179913118, 3.1282048491735344, 9.320446015669745, 5.710577066738289), 7.945284128189087)
Day:1 
(1, 9, 100, -32.71568059187156, 49.0, (2.5637727507910797, 2.4051968471074, 16.261183895560443, 101.33243666785421), 7.605569839477539)
Day:1 
(1, 10, 100, -23.521038805634532, 100.0, (2.5637727507910797, 1.539765223697583, 0.10449145958006995, 10.760985014320669), 7.612196207046509)
Day:1 
(1, 11, 100, -25.36953214409426, 256.0, (5.808901615803735, 6.627527555963316, 0.10449145958006995, 10.760985014320669), 7.49511194229126)
Day:1 
(1, 12, 100, -27.160922766426665, 1521.0, (1.2794429116366406, 10.07886496057907, 0.6296900692909849, 14.018753340314447), 7.48099684715271)
Day:1 
(1, 13, 100, -29.148766800512888, 841.0, (3.530635045356183, 13.658169981275364, 1.2298605451285853, 33.79668015178246), 7.152433156967163)
Day:1 
(1, 14, 100, -30.636899421949675, 1936.0, (3.530635045356183, 15.949146857426781, 9.149521435148964, 17.274358671936834), 7.7245118618011475)
Day:1 
(1, 15, 100, -29.91042959039607, 841.0, (2.536472864073084, 7.418889651805082, 25.10900499285564, 17.274358671936834), 7.489525079727173)
Day:1 
(1, 16, 100, -28.02969497686955, 400.0, (17.489699820584608, 7.96265452436369, 0.4867437277871262, 17.274358671936834), 7.744019031524658)
Day:1 
(1, 17, 100, -25.318602278693334, 676.0, (0.23751199460995825, 0.082272156270645, 18.78355170458723, 17.274358671936834), 7.395116090774536)
Day:1 
(1, 18, 100, -28.687963325948274, 676.0, (11.946082488379867, 4.993448571208028, 4.227275339719087, 17.274358671936834), 7.642010927200317)
Day:1 
(1, 19, 100, -22.827278055792043, 100.0, (3.808977060683351, 0.0028517528376466135, 4.891649849207993, 12.009472579416943), 7.635588884353638)
Day:1 
(1, 20, 100, -22.55727531503303, 16.0, (5.500896040288654, 0.0028517528376466135, 2.243249709504765, 12.721537072833522), 7.769397974014282)
Day:1 
(1, 21, 100, -25.8402045658814, 49.0, (5.500896040288654, 0.8335460127012535, 2.243249709504765, 6.7856914591340685), 7.897090196609497)
Day:1 
(1, 22, 100, -30.579760365728923, 485.0, (5.500896040288654, 2.412287259886285, 1.3754919168253938, 6.7856914591340685), 8.165360927581787)
Day:1 
(1, 23, 100, -32.42940953273815, 1522.0, (5.500896040288654, 2.412287259886285, 15.807997569465032, 6.7856914591340685), 8.195199966430664)
Day:1 
(1, 24, 100, -24.196032545778163, 64.0, (0.5332846482289939, 2.412287259886285, 2.380090496868652, 6.850727168045902), 7.830195903778076)
Day:1 
(1, 25, 100, -20.95004372117613, 441.0, (0.07246366262413247, 0.0792724164094702, 0.7476203082035736, 6.246400022159118), 7.863224029541016)
Day:1 
(1, 26, 100, -27.386794637162943, 1600.0, (0.07246366262413247, 4.725239375971474, 0.7476203082035736, 6.246400022159118), 8.205190181732178)
Day:1 
(1, 27, 100, -32.84912723502274, 123.0, (1.0307314264060292, 4.725239375971474, 2.594262839460466, 6.246400022159118), 8.507345914840698)
Day:1 
(1, 28, 100, -24.38281428288218, 4.0, (1.0307314264060292, 0.013304436575179338, 13.562467481393385, 20.926166763505393), 7.976465940475464)
Day:1 
(1, 29, 100, -27.87132657719882, 49.0, (1.0307314264060292, 11.632407909566663, 2.8284967977342714, 32.53306314510418), 7.731522083282471)
Day:1 
(1, 30, 100, -28.384975111421227, 1764.0, (1.0307314264060292, 11.632407909566663, 2.8853720954019106, 16.250421116417083), 8.105049848556519)
Day:1 
(1, 31, 100, -29.03541253403117, 324.0, (8.598109073789393, 8.552407356965665, 9.152727789878021, 16.250421116417083), 8.039457082748413)
Day:1 
(1, 32, 100, -28.615797804969528, 400.0, (10.366714908730366, 6.626940365794554, 7.064000983321823, 13.890392543588673), 7.743251085281372)
Day:1 
(1, 33, 100, -27.278683239317413, 1.0, (9.17706175310633, 3.4048538316683996, 4.620074384360728, 13.890392543588673), 7.646119832992554)
Day:1 
(1, 34, 100, -26.675356472386746, 400.0, (6.539034506011918, 0.7488360199797743, 6.021158238444538, 13.890392543588673), 7.850388050079346)
Day:1 
(1, 35, 100, -20.128816212098464, 16.0, (2.482088562741124, 0.6789625963553123, 0.00022464495547936127, 13.479982859953006), 7.52503514289856)
Day:1 
(1, 36, 100, -27.631021209077797, 289.0, (4.6297907116601085, 0.6789625963553123, 25.330828578525914, 6.582409789741992), 8.243744850158691)
Day:1 
(1, 37, 100, -27.14912913479499, 1024.0, (4.6297907116601085, 1.4839903273515809, 5.062353244820004, 11.941069348565575), 7.981994152069092)
Day:1 
(1, 38, 100, -28.58560944457379, 361.0, (22.202701428478456, 5.156212078299362, 1.2406185929360019, 18.121618044190146), 7.503140926361084)
Day:1 
(1, 39, 100, -27.057557241865418, 361.0, (22.202701428478456, 0.33845024292341447, 1.5506065429471474, 18.121618044190146), 7.90136194229126)
Day:1 
(1, 40, 100, -21.92739394198333, 100.0, (0.32460633429318303, 0.33460833799599554, 0.3661192231312864, 8.17515085014662), 8.184636116027832)
Day:1 
(1, 41, 100, -26.718036109169972, 121.0, (4.4509519087570855, 3.0759835136195837, 8.09022134650732, 8.17515085014662), 8.0083749294281)
Day:1 
(1, 42, 100, -26.80876459187822, 144.0, (4.4509519087570855, 1.9222092419701562, 12.062090063048739, 8.17515085014662), 8.620064973831177)
Day:1 
(1, 43, 100, -25.30845731479426, 729.0, (4.4509519087570855, 1.9222092419701562, 0.4986848826148747, 8.26378069150223), 8.6460120677948)
Day:1 
(1, 44, 100, -25.720165220026374, 576.0, (1.4770964029532314, 1.9222092419701562, 4.813317394367348, 8.745993778248078), 8.253602027893066)
Day:1 
(1, 45, 100, -25.28554994620489, 25.0, (7.001844807887657, 2.7234243115311783, 0.18272039446766497, 8.745993778248078), 8.536195993423462)
Day:1 
(1, 46, 100, -27.509758575176512, 784.0, (7.001844807887657, 2.7234243115311783, 5.8233546757651, 9.325249026827848), 8.02377200126648)
Day:1 
(1, 47, 100, -25.592614622386208, 121.0, (7.001844807887657, 1.9212040149494742, 0.9619746549092102, 11.329541200211395), 8.38332986831665)
Day:1 
(1, 48, 100, -30.46951953699761, 1369.0, (1.205459885407462, 1.9212040149494742, 13.743624203149512, 53.215973348481654), 8.15724515914917)
Day:1 
(1, 49, 100, -34.67940584988091, 256.0, (0.6603526147106232, 39.1282406781506, 46.228365834474765, 53.215973348481654), 8.160017967224121)
Day:1 
(1, 50, 100, -39.9154240535683, 484.0, (23.49360580572468, 87.30498266591695, 34.956211643904545, 53.215973348481654), 8.017567873001099)
Day:1 
(1, 51, 100, -36.62392109865732, 5184.0, (23.49360580572468, 2.005594098999282, 12.432890063855714, 53.215973348481654), 8.161275148391724)
Day:1 
(1, 52, 100, -24.402717682369655, 49.0, (1.169897714579624, 2.9687966878003698, 0.6336456229776763, 11.49022817673776), 7.798017978668213)
Day:1 
(1, 53, 100, -24.839738208934122, 1156.0, (0.8294133899093882, 0.17360277486071704, 3.2437610149769753, 13.384355698844404), 8.05948805809021)
Day:1 
(1, 54, 100, -24.320634044345418, 225.0, (0.211291414450346, 1.386971638245348, 3.2437610149769753, 13.384355698844404), 8.463225841522217)
Day:1 
(1, 55, 100, -24.58171973215004, 1.0, (2.2171582914473693, 6.84805116533298, 0.1458350275797425, 9.367037163062664), 7.990715980529785)
Day:1 
(1, 56, 100, -30.599934995352978, 1.0, (11.321570267311586, 6.84805116533298, 26.5490248214141, 21.745144026410323), 7.993971109390259)
Day:1 
(1, 57, 100, -29.108887957081755, 64.0, (3.4363797820445807, 13.239079781340497, 11.093853944773562, 21.745144026410323), 8.219105005264282)
Day:1 
(1, 58, 100, -29.294637270984072, 36.0, (20.31640989684492, 13.239079781340497, 1.3902538721845532, 21.745144026410323), 8.362339973449707)
Day:1 
(1, 59, 100, -28.35620350467287, 225.0, (22.722456445208145, 13.239079781340497, 0.10152388064544415, 21.745144026410323), 8.481697082519531)
Day:1 
(1, 60, 100, -23.93589508829666, 625.0, (22.722456445208145, 0.00021204053856365722, 0.10152388064544415, 43.13285211876201), 8.632730960845947)
Day:1 
(1, 61, 100, -24.279853634553938, 1156.0, (2.993585721215988, 0.00021204053856365722, 3.1477271518312655, 43.13285211876201), 8.490892887115479)
Day:1 
(1, 62, 100, -24.985295843656097, 626.0, (0.16985662452201972, 0.00021204053856365722, 27.87247157801551, 3.9195171188543902), 8.50790810585022)
Day:1 
(1, 63, 100, -25.05623378836232, 784.0, (0.12692528754291818, 0.03608239207402634, 27.87247157801551, 4.177458657402467), 8.606503009796143)
Day:1 
(1, 64, 100, -27.240366151761734, 961.0, (0.12692528754291818, 4.085860071832345, 27.87247157801551, 6.931139876448668), 8.607749938964844)
Day:1 
(1, 65, 100, -21.026215847164615, 961.0, (0.12692528754291818, 0.0014396174849544247, 5.24272781657478, 6.931139876448668), 8.652374982833862)
Day:1 
(1, 66, 100, -21.615219205752197, 169.0, (4.190886865854954, 0.0014396174849544247, 1.9069227744986317, 6.931139876448668), 8.486669063568115)
Day:1 
(1, 67, 100, -29.41485721084644, 25.0, (4.630492466846449, 0.6424664185842737, 30.608699584890804, 33.26856892455118), 8.18405795097351)
Day:1 
(1, 68, 100, -24.966791798110435, 169.0, (0.09206834233765948, 19.77975381495904, 0.02590203720063973, 33.26856892455118), 7.836176872253418)
Day:1 
(1, 69, 100, -18.566817029696182, 81.0, (0.0014796655500186459, 0.029308373604632437, 0.02590203720063973, 33.26856892455118), 8.219102144241333)
Day:1 
(1, 70, 100, -23.242713568357807, 144.0, (0.6739594851849761, 8.529268153596094, 0.0026752420762672967, 24.309678387949205), 8.095823049545288)
Day:1 
(1, 71, 100, -28.831993393501428, 49.0, (14.180136030070688, 0.5756014943821036, 16.998348036359033, 24.309678387949205), 8.003022909164429)
Day:1 
(1, 72, 100, -27.871045066758185, 256.0, (12.18079530086593, 0.5756014943821036, 6.723566849886864, 24.193582935945514), 8.123946905136108)
Day:1 
(1, 73, 100, -28.457053427703304, 324.0, (0.08905840460092494, 1.2235420320485486, 50.11885050982691, 24.193582935945514), 8.135517120361328)
Day:1 
(1, 74, 100, -24.267055701922168, 1089.0, (0.08905840460092494, 3.0932443674912333, 0.47501475964584416, 14.418097389813871), 7.974077939987183)
Day:1 
(1, 75, 100, -28.579782837610882, 4624.0, (0.42762512781190865, 6.224852991576826, 0.47501475964584416, 10.929085475705197), 8.128911018371582)
Day:1 
(1, 76, 100, -19.180905602243307, 1.0, (0.10520379773371283, 0.02846843216074068, 0.041848126405959966, 10.929085475705197), 8.258863925933838)
Day:1 
(1, 77, 100, -24.398045292184786, 36.0, (1.94832237787842, 0.23524378883414196, 6.606685585470639, 8.016345549201334), 8.149457216262817)
Day:1 
(1, 78, 100, -28.578575759554433, 9.0, (6.621562474347109, 1.565769083204224, 6.606685585470639, 39.230842689567545), 8.122870922088623)
Day:1 
(1, 79, 100, -30.80684761117837, 1024.0, (0.00527060268124495, 3.9458003848935634, 108.47493880246007, 12.245340711561608), 8.255445003509521)
Day:1 
(1, 80, 100, -27.311815857933208, 100.0, (0.3183707128518902, 11.196397511462193, 14.544230700882286, 13.98784275073428), 8.248945951461792)
Day:1 
(1, 81, 100, -26.04453256182866, 1.0, (0.3183707128518902, 2.8504690783501796, 12.85200885701649, 14.868541227889285), 8.381822109222412)
Day:1 
(1, 82, 100, -27.259036069781057, 1225.0, (2.999518646827494, 2.8504690783501796, 4.537897794330018, 10.738126782174332), 8.435481786727905)
Day:1 
(1, 83, 100, -26.421070230444716, 676.0, (2.999518646827494, 6.49473648960835, 0.304748252826883, 19.553970946349686), 8.017446041107178)
Day:1 
(1, 84, 100, -28.71135075507823, 729.0, (2.999518646827494, 13.478467928084292, 4.033352335332197, 19.553970946349686), 8.268033981323242)
Day:1 
(1, 85, 100, -24.61881742010703, 16.0, (11.251399342003923, 1.6021575742301395, 0.023709266596760103, 19.553970946349686), 8.530465126037598)
Day:1 
(1, 86, 100, -27.23074752117555, 484.0, (11.251399342003923, 3.35122053002358, 0.6682057940210593, 19.553970946349686), 8.435745000839233)
Day:1 
(1, 87, 100, -30.64890072876034, 4096.0, (2.0724576040140787, 3.35122053002358, 3.2738017946967433, 19.553970946349686), 8.47499704360962)
Day:1 
(1, 88, 100, -32.297171517298295, 3136.0, (1.2997945077135193, 3.35122053002358, 37.49425675404673, 19.553970946349686), 8.481505870819092)
Day:1 
(1, 89, 100, -30.322667749399415, 961.0, (1.2997945077135193, 22.185945136718725, 14.827145229745366, 19.553970946349686), 8.754402160644531)
Day:1 
(1, 90, 100, -23.450815064438043, 9.0, (0.3526906647769191, 0.15232002006516301, 2.1590184081303803, 19.53060693763946), 8.094571828842163)
Day:1 
(1, 91, 100, -25.208505836641166, 441.0, (0.3526906647769191, 1.3899814785085627, 11.244191376194417, 5.600755500176998), 8.611916065216064)
Day:1 
(1, 92, 100, -24.438316565098805, 64.0, (0.3526906647769191, 0.6789359361661387, 12.232413379086506, 5.600755500176998), 8.72165298461914)
Day:1 
(1, 93, 100, -26.496065672858457, 196.0, (0.3526906647769191, 6.036597752169808, 15.959884976314195, 8.202996485923745), 8.732330083847046)
Day:1 
(1, 94, 100, -22.463839793668857, 49.0, (2.978246672766718, 0.0031373620920582086, 4.086532341102439, 11.285659683645473), 8.331395864486694)
Day:1 
(1, 95, 100, -31.880258209859416, 324.0, (2.978246672766718, 31.997392745060363, 13.017093866131544, 37.09112443197122), 8.095913171768188)
Day:1 
(1, 96, 100, -31.2197574699965, 289.0, (24.603097925036188, 3.947366788797673, 13.017093866131544, 32.57354620651717), 8.343386888504028)
Day:1 
(1, 97, 100, -27.604480118482915, 16.0, (24.603097925036188, 0.05182792785214587, 4.29871597628152, 32.57354620651717), 8.237401008605957)
Day:1 
(1, 98, 100, -32.212129631365976, 400.0, (0.4329916600053865, 11.854961665525167, 52.949748672223755, 39.926568993139455), 8.059706926345825)
Day:1 
(1, 99, 100, -33.94956519944648, 441.0, (25.69681641762747, 14.946295946560086, 23.512420117288436, 39.926568993139455), 8.414206981658936)
Day:1 
(1, 100, 100, -31.292980756234705, 36.0, (10.042856253755293, 10.632275289182608, 15.230348529202967, 39.926568993139455), 8.554723024368286)