
Day:1 
(1, 0, 200, -24.577800592700637, 1225.0, (8.216113058588937e-06, 3.273906250294031, 0.8699194714854804, 110.1279394089865), 4.398965120315552)
Day:1 
(1, 1, 200, -26.376033321548626, 1.0, (0.32412470752624384, 4.71828609717683, 14.769431841675043, 7.617497328976552), 8.698187828063965)
Day:1 
(1, 2, 200, -25.9436227409746, 625.0, (2.8054129360430964, 2.3218683374368747, 0.8301464648551641, 7.617497328976552), 9.304857015609741)
Day:1 
(1, 3, 200, -18.083686077314063, 256.0, (0.6882183721286499, 4.462709732495205, 1.7971625152080546e-07, 17.304912009480883), 8.491145133972168)
Day:1 
(1, 4, 200, -27.22803286563593, 361.0, (0.6882183721286499, 9.904321703109503, 3.8559970631396183, 15.616632692750779), 8.829519987106323)
Day:1 
(1, 5, 200, -31.303747408132423, 196.0, (8.097082931522714, 9.904321703109503, 49.54087313334589, 11.386991617191635), 9.329407930374146)
Day:1 
(1, 6, 200, -35.55026998744219, 361.0, (0.25252559056809604, 6.770917452124499, 49.54087313334589, 189.7793517217147), 9.194031000137329)
Day:1 
(1, 7, 200, -26.11399505998248, 256.0, (0.05648760685761236, 7.640412293715291, 12.206947985292256, 7.592497417457833), 8.913007020950317)
Day:1 
(1, 8, 200, -25.460610105301107, 4.0, (0.05648760685761236, 7.640412293715291, 5.934408259884744, 12.431058275093719), 9.498297929763794)
Day:1 
(1, 9, 200, -26.009806993196523, 1444.0, (0.023303254488676723, 5.318680946954509, 5.934408259884744, 10.399995379737597), 9.135394096374512)
Day:1 
(1, 10, 200, -29.799057114219448, 4.0, (31.654863794393503, 5.318680946954509, 4.158220489768977, 24.62746753394796), 9.48737907409668)
Day:1 
(1, 11, 200, -27.993733896101926, 196.0, (5.042745330399837, 4.972484679797653, 2.856672441840499, 24.62746753394796), 9.328346014022827)
Day:1 
(1, 12, 200, -30.034016421298546, 3721.0, (0.9047227610619273, 1.6348226898905949, 9.277360972079066, 11.359994923082084), 9.075464963912964)
Day:1 
(1, 13, 200, -26.442934331924594, 121.0, (0.1629307898564137, 11.632223599143392, 6.684921567825068, 11.359994923082084), 9.557530879974365)
Day:1 
(1, 14, 200, -32.182056648002956, 576.0, (3.5520524491221552, 11.632223599143392, 26.594410114619443, 62.08983334099307), 9.24391508102417)
Day:1 
(1, 15, 200, -31.230485907651488, 676.0, (1.6600520743511695, 1.5461142970130193, 42.22178286853935, 62.08983334099307), 9.101579904556274)
Day:1 
(1, 16, 200, -34.28601455482341, 1764.0, (0.9290257319883867, 32.668457914044986, 12.697667720230505, 99.04952276474204), 9.428635120391846)
Day:1 
(1, 17, 200, -34.26792116684459, 121.0, (55.18189979495174, 3.813777877123797, 10.408399707359827, 99.04952276474204), 8.681577920913696)
Day:1 
(1, 18, 200, -36.8242322331546, 4.0, (15.285834214760337, 30.493964258243018, 68.35345371395807, 99.04952276474204), 8.979926109313965)
Day:1 
(1, 19, 200, -26.302494816998436, 1.0, (33.559252473268856, 0.5114291737897724, 0.04099347962858894, 28.103755709026732), 9.147794008255005)
Day:1 
(1, 20, 200, -33.45133352044911, 144.0, (33.559252473268856, 20.834862477975207, 24.563979626885462, 41.942693961080224), 9.470822811126709)
Day:1 
(1, 21, 200, -30.984973238751003, 441.0, (17.949315458641863, 17.934085560612733, 2.3320657066108823, 42.71185224441457), 9.177129030227661)
Day:1 
(1, 22, 200, -31.146569630706082, 1156.0, (37.04876584035023, 2.108333719007421, 1.673447590625895, 49.144312754211974), 9.1649329662323)
Day:1 
(1, 23, 200, -28.23559333313854, 289.0, (42.19062262267231, 2.108333719007421, 0.125626395236018, 26.87350099659314), 9.33531403541565)
Day:1 
(1, 24, 200, -29.43568870719551, 361.0, (1.4974215474930659, 12.681925467387277, 14.857865349440926, 26.87350099659314), 9.378772020339966)
Day:1 
(1, 25, 200, -29.494951694875283, 400.0, (0.19852212041435602, 0.5315691202262218, 85.46876762451036, 26.87350099659314), 9.688640117645264)
Day:2 
(2, 0, 200, -5634.484075709556, 222529.0, (0.19852212041435602, 0.5315691202262218, 85.46876762451036, 26.87350099659314), 11.479192972183228)
Day:2 
(2, 1, 200, -4667.604406517732, 388276.0, (0.19852212041435602, 40.35657888164138, 85.46876762451036, 26.87350099659314), 52.80335283279419)
Day:2 
(2, 2, 200, -4588.581616859669, 384362.0, (0.19852212041435602, 40.35657888164138, 85.46876762451036, 26.87350099659314), 50.639894008636475)
Day:2 
(2, 3, 200, -4584.125866222282, 384167.0, (0.19852212041435602, 40.35657888164138, 85.46876762451036, 26.87350099659314), 55.61061716079712)
Day:2 
(2, 4, 200, -4520.238874446125, 348821.0, (0.19852212041435602, 40.35657888164138, 85.46876762451036, 26.87350099659314), 51.750011920928955)
Day:2 
(2, 5, 200, -3909.3165358813103, 292574.0, (11.819376224158043, 40.35657888164138, 85.46876762451036, 37.07892406051883), 45.03656792640686)
Day:2 
(2, 6, 200, -3883.2312949001926, 272237.0, (11.819376224158043, 40.35657888164138, 85.46876762451036, 37.07892406051883), 52.261322021484375)
Day:2 
(2, 7, 200, -3874.0417196536555, 271096.0, (11.819376224158043, 40.35657888164138, 85.46876762451036, 37.07892406051883), 51.510791063308716)
Day:2 
(2, 8, 200, -3849.98314580855, 252658.0, (11.819376224158043, 40.35657888164138, 85.46876762451036, 37.07892406051883), 51.01313805580139)
Day:2 
(2, 9, 200, -1672.176997640958, 124230.0, (15.49081716484638, 40.35657888164138, 29.159575760379116, 37.07892406051883), 45.387754917144775)
Day:2 
(2, 10, 200, -1608.9301283808452, 115656.0, (15.49081716484638, 40.35657888164138, 29.159575760379116, 37.07892406051883), 51.246230125427246)
Day:2 
(2, 11, 200, -1184.0601559238196, 115037.0, (15.49081716484638, 40.35657888164138, 29.159575760379116, 37.07892406051883), 55.597951889038086)
Day:2 
(2, 12, 200, -1179.7670707373234, 115028.0, (15.49081716484638, 40.35657888164138, 29.159575760379116, 37.07892406051883), 52.05683898925781)
Day:2 
(2, 13, 200, -1180.4918683759167, 115672.0, (15.49081716484638, 40.35657888164138, 29.159575760379116, 37.07892406051883), 50.806905031204224)
Day:2 
(2, 14, 200, -1153.649868875978, 111833.0, (15.49081716484638, 40.35657888164138, 29.159575760379116, 37.07892406051883), 46.051573038101196)
Day:2 
(2, 15, 200, -1149.3097885672173, 109035.0, (15.49081716484638, 40.35657888164138, 29.159575760379116, 37.07892406051883), 51.606364011764526)
Day:2 
(2, 16, 200, -1143.0299985836891, 107210.0, (15.49081716484638, 40.35657888164138, 29.159575760379116, 37.07892406051883), 46.32337284088135)
Day:2 
(2, 17, 200, -1143.0299985836891, 107210.0, (15.49081716484638, 40.35657888164138, 29.159575760379116, 37.07892406051883), 47.75882911682129)
Day:2 
(2, 18, 200, -1143.0299985836891, 107210.0, (15.49081716484638, 40.35657888164138, 29.159575760379116, 37.07892406051883), 44.73670291900635)
Day:2 
(2, 19, 200, -1143.0299985836891, 107210.0, (15.49081716484638, 40.35657888164138, 29.159575760379116, 37.07892406051883), 46.33064007759094)
Day:2 
(2, 20, 200, -1138.7201937293469, 107139.0, (15.49081716484638, 40.35657888164138, 29.159575760379116, 37.07892406051883), 49.465436935424805)
Day:2 
(2, 21, 200, -1138.7201937293469, 107139.0, (15.49081716484638, 40.35657888164138, 29.159575760379116, 37.07892406051883), 51.11303997039795)
Day:2 
(2, 22, 200, -1134.1892197959648, 106754.0, (15.49081716484638, 40.35657888164138, 29.159575760379116, 37.07892406051883), 44.90332007408142)
Day:2 
(2, 23, 200, -1134.1892197959648, 106754.0, (15.49081716484638, 40.35657888164138, 29.159575760379116, 37.07892406051883), 50.53064012527466)
Day:2 
(2, 24, 200, -1088.3663158150016, 103679.0, (15.49081716484638, 40.35657888164138, 29.159575760379116, 37.07892406051883), 48.89187979698181)
Day:2 
(2, 25, 200, -1088.3663158150016, 103679.0, (15.49081716484638, 40.35657888164138, 29.159575760379116, 37.07892406051883), 49.358723163604736)