
Day:1 
(1, 0, 100, -13645506.729901021, 1151115074956.0, (1.3105122191630767, 23.435176606375506, 3.6980480712283117, 5.960888008303332), 4.182529926300049)
Day:1 
(1, 1, 100, -1659.933595249665, 4528542.0, (2.283821010371869, 6.777809052009294, 7.700400221415508, 7.495096714607652), 32.06204104423523)
Day:1 
(1, 2, 100, -1618.9753457731458, 4384540.0, (2.283821010371869, 6.777809052009294, 7.700400221415508, 7.495096714607652), 32.86855387687683)
Day:1 
(1, 3, 100, -1601.1052838393869, 4376253.0, (2.283821010371869, 6.777809052009294, 7.700400221415508, 7.495096714607652), 33.344655990600586)
Day:1 
(1, 4, 100, -1595.0719303501794, 4426065.0, (2.283821010371869, 6.777809052009294, 7.700400221415508, 7.495096714607652), 33.073384046554565)
Day:1 
(1, 5, 100, -1555.8524625653797, 4324437.0, (2.283821010371869, 6.777809052009294, 7.700400221415508, 7.495096714607652), 33.24401092529297)
Day:1 
(1, 6, 100, -1538.5083705332002, 4267822.0, (2.283821010371869, 6.777809052009294, 7.700400221415508, 7.495096714607652), 33.160382986068726)
Day:1 
(1, 7, 100, -1532.4104228130784, 6155444.0, (2.283821010371869, 6.777809052009294, 7.700400221415508, 7.495096714607652), 33.53952598571777)
Day:1 
(1, 8, 100, -1522.2763776525717, 6252935.0, (2.283821010371869, 6.777809052009294, 7.700400221415508, 7.495096714607652), 33.18893218040466)
Day:1 
(1, 9, 100, -1514.5168350360989, 4308929.0, (2.283821010371869, 6.777809052009294, 7.700400221415508, 7.495096714607652), 33.33367395401001)
Day:1 
(1, 10, 100, -1514.0135670136176, 4306040.0, (2.283821010371869, 6.777809052009294, 7.700400221415508, 7.495096714607652), 33.952409982681274)
Day:1 
(1, 11, 100, -1512.384018480011, 4300367.0, (2.283821010371869, 6.777809052009294, 7.700400221415508, 7.495096714607652), 33.71739196777344)
Day:1 
(1, 12, 100, -1509.9764869218802, 5835572.0, (2.283821010371869, 6.777809052009294, 7.700400221415508, 7.495096714607652), 33.13474202156067)
Day:1 
(1, 13, 100, -1506.6516533257081, 4380223.0, (2.283821010371869, 6.777809052009294, 7.700400221415508, 7.495096714607652), 33.110920906066895)
Day:1 
(1, 14, 100, -1501.3595094571401, 4300738.0, (2.283821010371869, 6.777809052009294, 7.700400221415508, 7.495096714607652), 33.41758704185486)
Day:1 
(1, 15, 100, -1492.4863502974395, 4181376.0, (2.283821010371869, 6.777809052009294, 7.700400221415508, 7.495096714607652), 33.43043613433838)
Day:1 
(1, 16, 100, -1493.7193086940986, 5422613.0, (2.283821010371869, 6.777809052009294, 7.700400221415508, 7.495096714607652), 33.603858947753906)
Day:1 
(1, 17, 100, -1493.9168506195815, 4183717.0, (2.283821010371869, 6.777809052009294, 7.700400221415508, 7.495096714607652), 33.43076801300049)
Day:1 
(1, 18, 100, -1489.4412550561651, 4155805.0, (2.283821010371869, 6.777809052009294, 7.700400221415508, 7.495096714607652), 33.433188915252686)
Day:1 
(1, 19, 100, -1490.3037508992938, 4242058.0, (2.283821010371869, 6.777809052009294, 7.700400221415508, 7.495096714607652), 33.47597098350525)
Day:1 
(1, 20, 100, -548.8947349858938, 3539113.0, (6.551334378583293, 10.498428583651828, 6.1872200018217764, 10.809037060001213), 33.308736085891724)
Day:1 
(1, 21, 100, -543.8622485870101, 2220454.0, (6.551334378583293, 10.498428583651828, 6.1872200018217764, 10.809037060001213), 33.56798696517944)
Day:1 
(1, 22, 100, -494.32212884025193, 2451497.0, (6.551334378583293, 10.498428583651828, 6.1872200018217764, 10.809037060001213), 33.61365795135498)
Day:1 
(1, 23, 100, -495.1102121397373, 2477535.0, (6.551334378583293, 10.498428583651828, 6.1872200018217764, 10.809037060001213), 33.77895402908325)
Day:1 
(1, 24, 100, -489.1160416136057, 1857682.0, (6.551334378583293, 10.498428583651828, 6.1872200018217764, 10.809037060001213), 33.66774797439575)
Day:1 
(1, 25, 100, -491.66400235896435, 1859918.0, (6.551334378583293, 10.498428583651828, 6.1872200018217764, 10.809037060001213), 33.94323015213013)
Day:1 
(1, 26, 100, -491.6364973688044, 4453581.0, (6.551334378583293, 10.498428583651828, 6.1872200018217764, 10.809037060001213), 33.67833495140076)
Day:1 
(1, 27, 100, -492.2498763174358, 1949775.0, (6.551334378583293, 10.498428583651828, 6.1872200018217764, 10.809037060001213), 33.7637939453125)
Day:1 
(1, 28, 100, -495.06485545484236, 3152435.0, (6.551334378583293, 10.498428583651828, 6.1872200018217764, 10.809037060001213), 33.73269510269165)
Day:1 
(1, 29, 100, -490.3770454705999, 2133566.0, (6.551334378583293, 10.498428583651828, 6.1872200018217764, 10.809037060001213), 33.70958399772644)
Day:1 
(1, 30, 100, -490.4959709416412, 1935676.0, (6.551334378583293, 10.498428583651828, 6.1872200018217764, 10.809037060001213), 33.76479697227478)
Day:1 
(1, 31, 100, -486.7020210521925, 6095910.0, (6.551334378583293, 10.498428583651828, 6.1872200018217764, 10.809037060001213), 33.735750913619995)
Day:1 
(1, 32, 100, -485.76650281005965, 1978422.0, (6.551334378583293, 10.498428583651828, 6.1872200018217764, 10.809037060001213), 33.754441022872925)
Day:1 
(1, 33, 100, -486.30839729700705, 2112045.0, (6.551334378583293, 10.498428583651828, 6.1872200018217764, 10.809037060001213), 33.79409694671631)
Day:1 
(1, 34, 100, -483.4777467678551, 3079509.0, (6.551334378583293, 10.498428583651828, 6.1872200018217764, 10.809037060001213), 33.81473708152771)
Day:1 
(1, 35, 100, -486.17308746733494, 2314058.0, (6.551334378583293, 10.498428583651828, 6.1872200018217764, 10.809037060001213), 33.98864197731018)
Day:1 
(1, 36, 100, -485.9541196087798, 2311439.0, (6.551334378583293, 10.498428583651828, 6.1872200018217764, 10.809037060001213), 33.99329495429993)
Day:1 
(1, 37, 100, -488.04622798886845, 2383011.0, (6.551334378583293, 10.498428583651828, 6.1872200018217764, 10.809037060001213), 34.03781604766846)
Day:1 
(1, 38, 100, -488.4118265781511, 1899902.0, (6.551334378583293, 10.498428583651828, 6.1872200018217764, 10.809037060001213), 33.871959924697876)
Day:1 
(1, 39, 100, -488.8783178981245, 1964059.0, (6.551334378583293, 10.498428583651828, 6.1872200018217764, 10.809037060001213), 33.870803117752075)
Day:1 
(1, 40, 100, -485.796651800719, 2138617.0, (6.551334378583293, 10.498428583651828, 6.1872200018217764, 10.809037060001213), 33.840527057647705)
Day:1 
(1, 41, 100, -485.01565841766205, 2018700.0, (6.551334378583293, 10.498428583651828, 6.1872200018217764, 10.809037060001213), 33.79934287071228)
Day:1 
(1, 42, 100, -488.75000531306154, 1856129.0, (6.551334378583293, 10.498428583651828, 6.1872200018217764, 10.809037060001213), 33.811203956604004)
Day:1 
(1, 43, 100, -489.5898294165793, 3332776.0, (6.551334378583293, 10.498428583651828, 6.1872200018217764, 10.809037060001213), 33.822715044021606)
Day:1 
(1, 44, 100, -481.68972568102106, 2469347.0, (6.551334378583293, 10.498428583651828, 6.1872200018217764, 10.809037060001213), 33.809356927871704)
Day:1 
(1, 45, 100, -483.9441747286116, 2206748.0, (6.551334378583293, 10.498428583651828, 6.1872200018217764, 10.809037060001213), 33.85755515098572)
Day:1 
(1, 46, 100, -487.07149518481947, 3786478.0, (6.551334378583293, 10.498428583651828, 6.1872200018217764, 10.809037060001213), 33.846668004989624)
Day:1 
(1, 47, 100, -484.38480296315345, 3131574.0, (6.551334378583293, 10.498428583651828, 6.1872200018217764, 10.809037060001213), 33.899765968322754)
Day:1 
(1, 48, 100, -485.80308653943933, 3131308.0, (6.551334378583293, 10.498428583651828, 6.1872200018217764, 10.809037060001213), 33.93947196006775)
Day:1 
(1, 49, 100, -483.9935062204317, 1861132.0, (6.551334378583293, 10.498428583651828, 6.1872200018217764, 10.809037060001213), 33.94011902809143)
Day:1 
(1, 50, 100, -491.3037574003446, 1855775.0, (6.551334378583293, 10.498428583651828, 6.1872200018217764, 10.809037060001213), 33.91401696205139)
Day:2 
(2, 0, 100, -672915.3800236845, 238194251740.0, (6.551334378583293, 10.498428583651828, 6.1872200018217764, 10.809037060001213), 17.24923300743103)
Day:2 
(2, 1, 100, -235525.88776958737, 42865708181.0, (3.368651717724924, 4.429810051962771, 10.185239043900209, 7.530127611486017), 631.776449918747)
Day:2 
(2, 2, 100, -235376.09392535998, 42865699201.0, (3.368651717724924, 4.429810051962771, 10.185239043900209, 7.530127611486017), 726.981575012207)
Day:2 
(2, 3, 100, -235254.79837343155, 42865598296.0, (3.368651717724924, 4.429810051962771, 10.185239043900209, 7.530127611486017), 712.4936380386353)
Day:2 
(2, 4, 100, -235240.3588648575, 42865598125.0, (3.368651717724924, 4.429810051962771, 10.185239043900209, 7.530127611486017), 724.9210960865021)
Day:2 
(2, 5, 100, -235178.76457618244, 42865595812.0, (3.368651717724924, 4.429810051962771, 10.185239043900209, 7.530127611486017), 725.7818288803101)
Day:2 
(2, 6, 100, -235127.07826275245, 42865596229.0, (3.368651717724924, 4.429810051962771, 10.185239043900209, 7.530127611486017), 696.2108840942383)
Day:2 
(2, 7, 100, -177571.13866080565, 39147036634.0, (5.471643434116431, 17.82284939833931, 16.126567825350698, 16.37241950108583), 670.8102469444275)
Day:2 
(2, 8, 100, -176155.8666039273, 39111680250.0, (5.471643434116431, 17.82284939833931, 16.126567825350698, 16.37241950108583), 476.70837211608887)
Day:2 
(2, 9, 100, -175403.56459395512, 39111657771.0, (5.471643434116431, 17.82284939833931, 16.126567825350698, 16.37241950108583), 480.75881481170654)
Day:2 
(2, 10, 100, -174740.13428360788, 39062070951.0, (5.471643434116431, 17.82284939833931, 16.126567825350698, 16.37241950108583), 541.0274062156677)
Day:2 
(2, 11, 100, -174554.4362732231, 39062072607.0, (5.471643434116431, 17.82284939833931, 16.126567825350698, 16.37241950108583), 569.8515758514404)
Day:2 
(2, 12, 100, -174174.84224963555, 38784859363.0, (5.471643434116431, 17.82284939833931, 16.126567825350698, 16.37241950108583), 502.8343119621277)
Day:2 
(2, 13, 100, -173456.52831614477, 38777430332.0, (5.471643434116431, 17.82284939833931, 16.126567825350698, 16.37241950108583), 567.5208010673523)
Day:2 
(2, 14, 100, -173274.40278468185, 38726190965.0, (5.471643434116431, 17.82284939833931, 16.126567825350698, 16.37241950108583), 496.079509973526)
Day:2 
(2, 15, 100, -172732.07821272695, 38716699971.0, (5.471643434116431, 17.82284939833931, 16.126567825350698, 16.37241950108583), 479.3227541446686)
Day:2 
(2, 16, 100, -171577.9576295435, 38716699206.0, (5.471643434116431, 17.82284939833931, 16.126567825350698, 16.37241950108583), 505.03795099258423)
Day:2 
(2, 17, 100, -170848.34880608588, 38716697680.0, (5.471643434116431, 17.82284939833931, 16.126567825350698, 16.37241950108583), 528.5833048820496)
Day:2 
(2, 18, 100, -170760.24265613974, 38716700921.0, (5.471643434116431, 17.82284939833931, 16.126567825350698, 16.37241950108583), 528.8064451217651)
Day:2 
(2, 19, 100, -170716.7343393958, 38716701442.0, (5.471643434116431, 17.82284939833931, 16.126567825350698, 16.37241950108583), 532.3587069511414)
Day:2 
(2, 20, 100, -50314.99846333932, 7360391765.0, (5.908934859455975, 14.18405017953044, 13.946689014838762, 13.739446990723874), 646.1312730312347)
Day:2 
(2, 21, 100, -50175.9035530501, 7356933258.0, (5.908934859455975, 14.18405017953044, 13.946689014838762, 13.739446990723874), 706.6776089668274)
Day:2 
(2, 22, 100, -50114.851284585304, 7356410320.0, (5.908934859455975, 14.18405017953044, 13.946689014838762, 13.739446990723874), 680.2797050476074)
Day:2 
(2, 23, 100, -49879.6789896459, 7350906396.0, (5.908934859455975, 14.18405017953044, 13.946689014838762, 13.739446990723874), 764.1235148906708)
Day:2 
(2, 24, 100, -49821.81264730293, 7350922589.0, (5.908934859455975, 14.18405017953044, 13.946689014838762, 13.739446990723874), 770.4016399383545)
Day:2 
(2, 25, 100, -49548.71686583515, 7350959655.0, (5.908934859455975, 14.18405017953044, 13.946689014838762, 13.739446990723874), 712.6034600734711)
Day:2 
(2, 26, 100, -49526.50389095366, 7350959983.0, (5.908934859455975, 14.18405017953044, 13.946689014838762, 13.739446990723874), 705.0342059135437)
Day:2 
(2, 27, 100, -49347.24520237588, 7350959902.0, (5.908934859455975, 14.18405017953044, 13.946689014838762, 13.739446990723874), 666.5491261482239)
Day:2 
(2, 28, 100, -49325.49137208028, 7350965739.0, (5.908934859455975, 14.18405017953044, 13.946689014838762, 13.739446990723874), 678.6687150001526)
Day:2 
(2, 29, 100, -49293.89267883392, 7350965209.0, (5.908934859455975, 14.18405017953044, 13.946689014838762, 13.739446990723874), 716.7944059371948)
Day:2 
(2, 30, 100, -49233.91709717967, 7350964249.0, (5.908934859455975, 14.18405017953044, 13.946689014838762, 13.739446990723874), 726.4169430732727)
Day:2 
(2, 31, 100, -49197.72547635286, 7350968039.0, (5.908934859455975, 14.18405017953044, 13.946689014838762, 13.739446990723874), 747.3172409534454)
Day:2 
(2, 32, 100, -49112.005997957334, 7350962718.0, (5.908934859455975, 14.18405017953044, 13.946689014838762, 13.739446990723874), 716.6488020420074)
Day:2 
(2, 33, 100, -49023.782112956476, 7350109516.0, (5.908934859455975, 14.18405017953044, 13.946689014838762, 13.739446990723874), 702.0087859630585)
Day:2 
(2, 34, 100, -48961.12089354128, 7350108772.0, (5.908934859455975, 14.18405017953044, 13.946689014838762, 13.739446990723874), 725.1351580619812)
Day:2 
(2, 35, 100, -48698.609263729915, 7346277479.0, (5.908934859455975, 14.18405017953044, 13.946689014838762, 13.739446990723874), 744.5201768875122)
Day:2 
(2, 36, 100, -48678.64806942787, 7346277127.0, (5.908934859455975, 14.18405017953044, 13.946689014838762, 13.739446990723874), 709.929388999939)
Day:2 
(2, 37, 100, -48466.59172242582, 7346277069.0, (5.908934859455975, 14.18405017953044, 13.946689014838762, 13.739446990723874), 717.019453048706)
Day:2 
(2, 38, 100, -48346.94270138407, 7346275973.0, (5.908934859455975, 14.18405017953044, 13.946689014838762, 13.739446990723874), 765.1455399990082)
Day:2 
(2, 39, 100, -48335.37857403689, 7346212429.0, (5.908934859455975, 14.18405017953044, 13.946689014838762, 13.739446990723874), 758.8599679470062)
Day:2 
(2, 40, 100, -48252.717144371105, 7346208402.0, (5.908934859455975, 14.18405017953044, 13.946689014838762, 13.739446990723874), 685.7954270839691)
Day:2 
(2, 41, 100, -48003.59795526004, 7222144696.0, (5.908934859455975, 14.18405017953044, 13.946689014838762, 13.739446990723874), 671.0640208721161)
Day:2 
(2, 42, 100, -47987.878949063655, 7222144580.0, (5.908934859455975, 14.18405017953044, 13.946689014838762, 13.739446990723874), 718.9888219833374)
Day:2 
(2, 43, 100, -47963.6326941053, 7219761034.0, (5.908934859455975, 14.18405017953044, 13.946689014838762, 13.739446990723874), 764.9460439682007)
Day:2 
(2, 44, 100, -47960.02452731167, 7219761049.0, (5.908934859455975, 14.18405017953044, 13.946689014838762, 13.739446990723874), 716.0296030044556)
Day:2 
(2, 45, 100, -47951.75720303847, 7217206296.0, (5.908934859455975, 14.18405017953044, 13.946689014838762, 13.739446990723874), 761.51118516922)
Day:2 
(2, 46, 100, -47947.380858234676, 7217206285.0, (5.908934859455975, 14.18405017953044, 13.946689014838762, 13.739446990723874), 723.9607260227203)
Day:2 
(2, 47, 100, -47934.708272447046, 7217206164.0, (5.908934859455975, 14.18405017953044, 13.946689014838762, 13.739446990723874), 749.8350160121918)
Day:2 
(2, 48, 100, -47919.059114535165, 7216022706.0, (5.908934859455975, 14.18405017953044, 13.946689014838762, 13.739446990723874), 752.4806849956512)
Day:2 
(2, 49, 100, -47855.06941547199, 7213604384.0, (5.908934859455975, 14.18405017953044, 13.946689014838762, 13.739446990723874), 742.6804218292236)
Day:2 
(2, 50, 100, -47857.11439539446, 7213603130.0, (5.908934859455975, 14.18405017953044, 13.946689014838762, 13.739446990723874), 816.9821081161499)