
Day:1 
(1, 0, 100, -16234.608622569836, 1810993.0, (8.844861764036303, 17.14161686972364, 16.62538435598587, 3.3770514246804977), 4.942394018173218)
Day:1 
(1, 1, 100, -27.23896196098292, 576.0, (6.5917890629413005, 0.3785650863621618, 19.239297833794236, 11.716264166835723), 33.19105315208435)
Day:1 
(1, 2, 100, -30.797821792521574, 361.0, (21.464871486977074, 3.5637596817128863, 13.549237625027716, 37.148371808731625), 34.662537813186646)
Day:1 
(1, 3, 100, -28.182035403998395, 1936.0, (1.457251045036761, 0.7520359654224795, 13.049025363550498, 19.31982590041906), 34.92507314682007)
Day:1 
(1, 4, 100, -27.98236962064916, 484.0, (14.180339034184325, 3.474948288542594, 14.681774584397825, 12.529679022335891), 35.2034809589386)
Day:1 
(1, 5, 100, -26.657482121862838, 256.0, (3.256937731781093, 2.5733852501316576, 0.7592764005575245, 29.01351929266559), 35.160255908966064)
Day:1 
(1, 6, 100, -31.081092293927128, 3481.0, (1.6560017200119717, 6.984984960144472, 16.288448402527187, 21.186944644225903), 34.72227215766907)
Day:1 
(1, 7, 100, -26.29015098449902, 121.0, (6.503969819880995, 9.829540471639788, 3.131647061459741, 13.751828016532592), 34.47855997085571)
Day:1 
(1, 8, 100, -30.88632454781218, 289.0, (7.5661556648354304, 26.772679637321275, 10.809078251327449, 32.42257402214487), 35.28843402862549)
Day:1 
(1, 9, 100, -30.62511046756187, 2601.0, (22.880310044235024, 4.220075256689841, 5.340203919531845, 16.5707060956454), 34.18687987327576)
Day:1 
(1, 10, 100, -28.392629821015987, 16.0, (2.9731987966526274, 2.5128480794845482, 8.378688434448947, 41.36987182621068), 35.17142105102539)
Day:1 
(1, 11, 100, -26.940502945327772, 4.0, (17.202587367394496, 3.4217907695809124, 5.120854848900422, 14.257229789118934), 33.68048405647278)
Day:1 
(1, 12, 100, -26.735150473939157, 1444.0, (0.7887538642560578, 6.452591297225314, 2.5124385182984845, 14.171166957022239), 35.16815400123596)
Day:1 
(1, 13, 100, -25.451353114698335, 16.0, (5.205407395290113, 4.1803601142347935, 4.3174311065212505, 12.15774962072821), 36.21235799789429)
Day:1 
(1, 14, 100, -26.674794624335824, 400.0, (2.082340562078624, 8.937060669688757, 12.984237968765084, 9.759157788142177), 34.65947985649109)
Day:1 
(1, 15, 100, -33.212895654571014, 196.0, (36.2973279510287, 9.994142926620434, 4.250253261780452, 51.0315599680718), 36.271377086639404)
Day:1 
(1, 16, 100, -27.19102703165496, 324.0, (6.296116058544641, 1.5091505211152427, 14.194144031302509, 18.27754028227008), 33.192084074020386)
Day:1 
(1, 17, 100, -27.537027277434532, 196.0, (9.707290397381787, 4.69580923683284, 17.78529926551705, 12.581580505152111), 35.514957904815674)
Day:1 
(1, 18, 100, -28.116915219732967, 3249.0, (0.13552487626220225, 1.0289278205104362, 0.7740150690120889, 16.97319088133983), 35.63110899925232)
Day:1 
(1, 19, 100, -28.978260159221673, 900.0, (13.941538796499977, 10.54538309151451, 0.039199495218119156, 27.45509632764412), 35.84684896469116)
Day:1 
(1, 20, 100, -30.32749819972605, 625.0, (2.156794104367645, 14.989808554576598, 21.8042883750465, 29.35672344257605), 36.91620492935181)
Day:1 
(1, 21, 100, -26.29109052273724, 441.0, (3.312615299021806, 12.150813254535509, 0.10632960121949239, 14.225699275689463), 35.003292083740234)
Day:1 
(1, 22, 100, -25.401721779623667, 225.0, (5.100587309640142, 4.035285785104946, 2.881897524063057, 11.133266133102378), 34.63424491882324)
Day:1 
(1, 23, 100, -26.35036969156167, 256.0, (5.844962338156032, 6.812516178876527, 5.91319791414191, 13.759700215154071), 34.70918321609497)
Day:1 
(1, 24, 100, -29.235869400006145, 36.0, (2.7587798829501193, 0.422362598755154, 50.428687548807964, 5.7406505546258195), 35.98950982093811)
Day:1 
(1, 25, 100, -27.18791646791313, 784.0, (1.8232103937450697, 1.9279791030703897, 16.55837356396202, 14.964425370358573), 35.8669171333313)
Day:1 
(1, 26, 100, -26.70078376129583, 81.0, (0.647576161272034, 0.10766656635333043, 21.450469642763856, 15.529214944408988), 35.845271825790405)
Day:1 
(1, 27, 100, -26.550129773146498, 9.0, (5.370057565806085, 6.60933863968117, 11.72336513935543, 13.211351320219954), 35.590100049972534)
Day:1 
(1, 28, 100, -26.754797435940255, 169.0, (0.09777288158368136, 0.1730009235435259, 30.00757186716913, 7.111248428643143), 36.51647210121155)
Day:1 
(1, 29, 100, -27.306111409029565, 484.0, (10.551286647807679, 2.5188198144521254, 13.483973026741689, 13.311888537252647), 34.62944006919861)
Day:1 
(1, 30, 100, -28.482787378486996, 144.0, (4.0661394897930165, 5.50298221692867, 23.113529233192175, 22.26210442345358), 35.443442821502686)
Day:1 
(1, 31, 100, -25.852467964099123, 1.0, (4.002220775208323, 0.7579321066722824, 9.720552508493952, 15.517636082458552), 35.98808717727661)
Day:1 
(1, 32, 100, -28.05021574573657, 784.0, (11.828596421620023, 3.6340057614185306, 16.260248012773776, 12.47133739185089), 33.00703191757202)
Day:1 
(1, 33, 100, -25.89177738433727, 676.0, (3.055522051194677, 1.7488401965781915, 2.754731482019829, 15.866200308227599), 31.95125985145569)
Day:1 
(1, 34, 100, -25.388324290826596, 1.0, (0.4651323018599166, 3.87241053268615, 13.31037882366902, 7.386869830562901), 31.843268156051636)
Day:1 
(1, 35, 100, -28.281133189082304, 1.0, (2.9574829330723427, 15.032828481220388, 14.4889938969051, 21.81569812489307), 32.04458498954773)
Day:1 
(1, 36, 100, -27.679625188344648, 16.0, (8.093954927742528, 15.52511436321966, 9.08727277867111, 14.026413899876477), 31.906322956085205)
Day:1 
(1, 37, 100, -27.993449560863443, 169.0, (17.85679167402367, 3.920117479571564, 6.728879702110202, 21.15086860569803), 32.47688603401184)
Day:1 
(1, 38, 100, -28.922118526867006, 529.0, (8.315204586664198, 16.849452493145975, 8.676377356137543, 21.400694785139912), 32.807530879974365)
Day:1 
(1, 39, 100, -25.259729423329695, 9.0, (0.1464437301197204, 1.4041186244719517, 11.840378183664262, 10.589788457008282), 32.163959980010986)
Day:1 
(1, 40, 100, -25.50778458878662, 16.0, (2.5592720622652387, 6.193603290671708, 3.462987946656847, 14.170270984359174), 32.45441913604736)
Day:1 
(1, 41, 100, -27.46036318215563, 36.0, (0.32470214475672443, 18.243332775855407, 6.659908125256617, 20.473184104877717), 31.825932025909424)
Day:1 
(1, 42, 100, -26.566096148069818, 1.0, (6.750244912378109, 8.940761335257623, 6.275510080101152, 15.177716897725624), 31.819649934768677)
Day:1 
(1, 43, 100, -33.057021130770195, 81.0, (30.798946795322628, 6.681748753997835, 28.706956738464353, 35.01235901680868), 31.863769054412842)
Day:1 
(1, 44, 100, -26.91870395024587, 144.0, (5.297984337480097, 13.61818142493959, 5.5389329125767155, 14.696589783865118), 32.42558789253235)
Day:1 
(1, 45, 100, -28.2820934606115, 576.0, (0.7179048315179497, 1.57946146223984, 39.12350598794562, 6.37725922484738), 31.329017162322998)
Day:1 
(1, 46, 100, -28.15559770703492, 2500.0, (2.7201990356346775, 4.053004374397383, 0.9397458214453683, 19.42859221361494), 33.14536094665527)
Day:1 
(1, 47, 100, -30.029380347658783, 2304.0, (12.714964427472419, 3.4558789503270706, 2.1708219486523195, 29.583547387546904), 32.189449071884155)
Day:1 
(1, 48, 100, -25.006897631500077, 361.0, (1.294098245017153, 2.1577199689181272, 1.8550798896833305, 12.768711011113743), 35.03435683250427)
Day:1 
(1, 49, 100, -26.589998548937015, 4.0, (5.297762400454197, 13.241078086015797, 2.1802340988230378, 16.618392842496135), 35.17048001289368)
Day:1 
(1, 50, 100, -25.95369700569128, 784.0, (3.011313418641762, 4.075928018399269, 6.10441780589379, 7.409529516889526), 34.41664695739746)
Day:2 
(2, 0, 100, -1794.6732495810816, 701927.0, (3.011313418641762, 4.075928018399269, 6.10441780589379, 7.409529516889526), 11.792598009109497)
Day:2 
(2, 1, 100, -996.581266538736, 36048.0, (3.1596946411328815, 4.039054318836039, 7.153589670843783, 3.679553788022314), 326.951464176178)
Day:2 
(2, 2, 100, -231.96608942253766, 18884.0, (3.4705742537951116, 5.975105162779198, 8.857922934470508, 7.863470051557646), 301.39239597320557)
Day:2 
(2, 3, 100, -230.45261178138372, 18250.0, (3.4705742537951116, 5.975105162779198, 8.857922934470508, 7.863470051557646), 241.98883700370789)
Day:2 
(2, 4, 100, -226.3447871794384, 18451.0, (3.4705742537951116, 5.975105162779198, 8.857922934470508, 7.863470051557646), 248.56536102294922)
Day:2 
(2, 5, 100, -221.15687234231322, 17554.0, (3.4705742537951116, 5.975105162779198, 8.857922934470508, 7.863470051557646), 227.5666627883911)
Day:2 
(2, 6, 100, -213.16846010784036, 14945.0, (3.4705742537951116, 5.975105162779198, 8.857922934470508, 7.863470051557646), 319.22561717033386)
Day:2 
(2, 7, 100, -215.75389531700532, 15552.0, (3.4705742537951116, 5.975105162779198, 8.857922934470508, 7.863470051557646), 268.7994179725647)
Day:2 
(2, 8, 100, -217.5909668741102, 15480.0, (3.4705742537951116, 5.975105162779198, 8.857922934470508, 7.863470051557646), 196.86707305908203)
Day:2 
(2, 9, 100, -211.19550928269547, 14955.0, (3.4705742537951116, 5.975105162779198, 8.857922934470508, 7.863470051557646), 202.1131899356842)
Day:2 
(2, 10, 100, -209.86937953630456, 15150.0, (3.4705742537951116, 5.975105162779198, 8.857922934470508, 7.863470051557646), 182.1105399131775)
Day:2 
(2, 11, 100, -210.2995728097394, 15275.0, (3.4705742537951116, 5.975105162779198, 8.857922934470508, 7.863470051557646), 264.8033301830292)
Day:2 
(2, 12, 100, -208.01598397246724, 14871.0, (3.4705742537951116, 5.975105162779198, 8.857922934470508, 7.863470051557646), 215.5741457939148)
Day:2 
(2, 13, 100, -209.41095204994298, 14187.0, (3.4705742537951116, 5.975105162779198, 8.857922934470508, 7.863470051557646), 221.95292806625366)
Day:2 
(2, 14, 100, -211.6871904417475, 14215.0, (3.4705742537951116, 5.975105162779198, 8.857922934470508, 7.863470051557646), 217.97968697547913)
Day:2 
(2, 15, 100, -213.04789600420142, 13434.0, (3.4705742537951116, 5.975105162779198, 8.857922934470508, 7.863470051557646), 214.36158299446106)
Day:2 
(2, 16, 100, -211.21716854483466, 13206.0, (3.4705742537951116, 5.975105162779198, 8.857922934470508, 7.863470051557646), 173.19060397148132)
Day:2 
(2, 17, 100, -212.09295755661896, 13996.0, (3.4705742537951116, 5.975105162779198, 8.857922934470508, 7.863470051557646), 249.36028599739075)
Day:2 
(2, 18, 100, -212.6206581982528, 13696.0, (3.4705742537951116, 5.975105162779198, 8.857922934470508, 7.863470051557646), 269.07514214515686)
Day:2 
(2, 19, 100, -208.68497789453096, 13537.0, (3.4705742537951116, 5.975105162779198, 8.857922934470508, 7.863470051557646), 201.21438884735107)
Day:2 
(2, 20, 100, -210.52828912188951, 14237.0, (3.4705742537951116, 5.975105162779198, 8.857922934470508, 7.863470051557646), 215.92659711837769)
Day:2 
(2, 21, 100, -208.16645424294805, 13905.0, (3.4705742537951116, 5.975105162779198, 8.857922934470508, 7.863470051557646), 254.18236994743347)
Day:2 
(2, 22, 100, -208.9002297693292, 14569.0, (3.4705742537951116, 5.975105162779198, 8.857922934470508, 7.863470051557646), 293.0943729877472)
Day:2 
(2, 23, 100, -203.6987222683507, 13860.0, (3.4705742537951116, 5.975105162779198, 8.857922934470508, 7.863470051557646), 238.181538105011)
Day:2 
(2, 24, 100, -206.77235984422268, 14462.0, (3.4705742537951116, 5.975105162779198, 8.857922934470508, 7.863470051557646), 238.95131993293762)
Day:2 
(2, 25, 100, -214.89628609095257, 12806.0, (3.4705742537951116, 5.975105162779198, 8.857922934470508, 7.863470051557646), 253.72354888916016)
Day:2 
(2, 26, 100, -207.5959806358628, 13554.0, (3.4705742537951116, 5.975105162779198, 8.857922934470508, 7.863470051557646), 245.71175813674927)
Day:2 
(2, 27, 100, -210.9411697453187, 12295.0, (3.4705742537951116, 5.975105162779198, 8.857922934470508, 7.863470051557646), 235.46405005455017)
Day:2 
(2, 28, 100, -212.10003043558996, 13119.0, (3.4705742537951116, 5.975105162779198, 8.857922934470508, 7.863470051557646), 217.12632703781128)
Day:2 
(2, 29, 100, -206.80443783495443, 13007.0, (3.4705742537951116, 5.975105162779198, 8.857922934470508, 7.863470051557646), 232.78375482559204)
Day:2 
(2, 30, 100, -204.36163751288942, 12753.0, (3.4705742537951116, 5.975105162779198, 8.857922934470508, 7.863470051557646), 200.48349714279175)
Day:2 
(2, 31, 100, -208.8068380491143, 13285.0, (3.4705742537951116, 5.975105162779198, 8.857922934470508, 7.863470051557646), 281.81164503097534)
Day:2 
(2, 32, 100, -208.98310709823502, 13578.0, (3.4705742537951116, 5.975105162779198, 8.857922934470508, 7.863470051557646), 234.86634993553162)
Day:2 
(2, 33, 100, -214.26124091988368, 13171.0, (3.4705742537951116, 5.975105162779198, 8.857922934470508, 7.863470051557646), 174.06379294395447)
Day:2 
(2, 34, 100, -210.29148944742255, 13006.0, (3.4705742537951116, 5.975105162779198, 8.857922934470508, 7.863470051557646), 217.88686394691467)
Day:2 
(2, 35, 100, -207.8376381567111, 13025.0, (3.4705742537951116, 5.975105162779198, 8.857922934470508, 7.863470051557646), 240.04957699775696)
Day:2 
(2, 36, 100, -203.59039882963194, 12793.0, (3.4705742537951116, 5.975105162779198, 8.857922934470508, 7.863470051557646), 235.59553909301758)
Day:2 
(2, 37, 100, -200.33275732248345, 12813.0, (3.4705742537951116, 5.975105162779198, 8.857922934470508, 7.863470051557646), 234.28760886192322)
Day:2 
(2, 38, 100, -207.80999108019753, 13145.0, (3.4705742537951116, 5.975105162779198, 8.857922934470508, 7.863470051557646), 301.07141518592834)