
Day:1 
(1, 0, 200, -33.74995460701722, 1521.0, (-7.668826904096527, -29.625745369710977, -0.3563521232687311, 36.4207567104915), 3.8976058959960938)
Day:1 
(1, 1, 200, -36.096554790964106, 3969.0, (-17.386441122916892, -6.756034436813085, 27.709002921958053, 36.4207567104915), 7.4360010623931885)
Day:1 
(1, 2, 200, -33.58239841375055, 1.0, (-4.783285500099724, 2.5883080396020377, -29.465401128118643, 62.37966883047557), 7.63893985748291)
Day:1 
(1, 3, 200, -34.28815978313678, 100.0, (-21.974318962510857, 25.452456733324556, -29.465401128118643, 62.37966883047557), 8.13287901878357)
Day:1 
(1, 4, 200, -40.14000081855251, 1764.0, (12.43592873573716, 95.95557709092218, -7.127789890273171, 62.37966883047557), 8.338217973709106)
Day:1 
(1, 5, 200, -32.91562007911213, 361.0, (37.556687134528666, -15.81849571405922, 8.527144871103385, 16.359272490306644), 8.232377052307129)
Day:1 
(1, 6, 200, -32.11553545357019, 4.0, (-27.751710707094322, 27.772531301110686, 14.783543331609463, 19.59947943473132), 8.218344926834106)
Day:1 
(1, 7, 200, -32.05420601218704, 49.0, (-5.505196162679363, -15.147720488140276, 14.783543331609463, 38.4608463068454), 8.495614051818848)
Day:1 
(1, 8, 200, -32.22816539507689, 100.0, (-5.505196162679363, -15.150305710524588, 21.04912467562837, 38.4608463068454), 8.281195163726807)
Day:1 
(1, 9, 200, -32.97875530217179, 121.0, (26.530253974794764, -0.9555072291301129, -36.22575617870238, 38.4608463068454), 8.568257808685303)
Day:1 
(1, 10, 200, -32.44778519106113, 256.0, (18.67232485917739, -0.09150690787673653, 20.992020982959342, 38.4608463068454), 8.418174982070923)
Day:1 
(1, 11, 200, -33.47139997893885, 81.0, (32.46955540520043, -17.389546561112027, -7.740816954701972, 54.94478536775183), 8.193929195404053)
Day:1 
(1, 12, 200, -33.10207364463089, 225.0, (13.573233528478575, 17.751661857120485, 4.295376985311462, 54.94478536775183), 8.462010860443115)
Day:1 
(1, 13, 200, -36.30673833922408, 1521.0, (52.60425282524247, -7.13121685203431, -34.71890783013192, 54.94478536775183), 8.609693050384521)
Day:1 
(1, 14, 200, -37.2743798675684, 225.0, (7.6835758917461785, -7.13121685203431, 88.98350431156462, 54.94478536775183), 8.361963033676147)
Day:1 
(1, 15, 200, -37.92832235746526, 361.0, (-22.283514647326474, 12.574242303359533, -91.1711093125149, 54.94478536775183), 8.361130952835083)
Day:1 
(1, 16, 200, -35.01706833251819, 16.0, (44.10083388922958, -48.74301102783491, -0.3982147031597549, 54.94478536775183), 8.095170974731445)
Day:1 
(1, 17, 200, -32.95906572148648, 9.0, (5.604399398144725, 24.1431092700493, -4.604834684611519, 54.94478536775183), 8.248821020126343)
Day:1 
(1, 18, 200, -31.91828610736682, 169.0, (4.594490617524221, 24.1431092700493, 21.84332168406398, 19.884034651334733), 8.523730993270874)
Day:1 
(1, 19, 200, -32.142337862103304, 9.0, (-17.380034494129823, -40.47518192000349, -10.888795505220353, 10.954567958797714), 8.121361017227173)
Day:1 
(1, 20, 200, -32.36968056548472, 49.0, (-18.104782926523306, 37.54877246920951, -10.888795505220353, 25.170822380174506), 8.594932079315186)
Day:1 
(1, 21, 200, -33.2649480461199, 49.0, (-16.65900166719873, 6.508985617473867, 52.51949767531465, 32.33391515350376), 8.587141036987305)
Day:1 
(1, 22, 200, -33.01001999703838, 1444.0, (1.6543972350071252, 1.7201722315346366, -4.869726279079025, 32.33391515350376), 8.42877197265625)
Day:1 
(1, 23, 200, -34.32160878818223, 1.0, (-1.9425947076481591, -51.24675318065465, 49.43789361198563, 32.33391515350376), 8.176216840744019)
Day:1 
(1, 24, 200, -31.796086424770596, 784.0, (-1.9425947076481591, -12.50020467611418, -4.497665311360898, 5.114057914858836), 8.545611143112183)
Day:1 
(1, 25, 200, -32.73837104021072, 361.0, (-8.139503407790205, -12.50020467611418, -11.04794489636467, 47.46348404504074), 8.603425979614258)
Day:1 
(1, 26, 200, -31.193099780329216, 1.0, (-8.139503407790205, -15.995271768192842, -11.04794489636467, 6.629475409399869), 8.963015079498291)
Day:1 
(1, 27, 200, -35.539728547647826, 3249.0, (-30.230063915815727, -15.995271768192842, -25.59100954621309, 29.16829368146527), 8.97055196762085)
Day:1 
(1, 28, 200, -33.61302266384723, 576.0, (36.82932951672285, -32.73161424298542, -0.26890741816784847, 37.603126974892525), 8.415726900100708)
Day:1 
(1, 29, 200, -32.12095064485763, 400.0, (4.116447259727722, -17.44209362148376, -6.348355976937407, 32.4399911608492), 8.609275102615356)
Day:1 
(1, 30, 200, -31.950149997854297, 16.0, (4.116447259727722, 6.6452891342231455, 8.516085075541186, 41.05814139382037), 8.43745493888855)
Day:1 
(1, 31, 200, -32.586529863408344, 361.0, (17.378191445788236, 7.4195078358738105, -18.10419032845277, 41.05814139382037), 8.465762853622437)
Day:1 
(1, 32, 200, -33.166744514621655, 1024.0, (22.688973816749456, 0.5113560736191022, 7.411971199044935, 41.05814139382037), 8.721512079238892)
Day:1 
(1, 33, 200, -34.52867212394814, 400.0, (-13.965237814989074, 32.52483208751601, -37.3260333329651, 55.69200792310883), 8.71454405784607)
Day:1 
(1, 34, 200, -33.946030137884335, 169.0, (16.71819954140914, -11.502822456839958, -40.162980457169276, 55.69200792310883), 8.916159868240356)
Day:1 
(1, 35, 200, -33.42246393710066, 225.0, (4.134228371744414, 17.582310153436538, 25.54467404036894, 55.69200792310883), 8.982623100280762)
Day:1 
(1, 36, 200, -33.20376790054358, 121.0, (7.751190532417756, 26.75356751459311, -4.917061253646703, 55.69200792310883), 8.326395988464355)
Day:1 
(1, 37, 200, -34.65876793724587, 1089.0, (-6.616205443005952, 30.528083852043494, -25.031300145099767, 55.69200792310883), 8.502092123031616)
Day:1 
(1, 38, 200, -34.53939731026891, 529.0, (-33.71512116483579, -0.9145669348058786, 36.77518490452912, 55.69200792310883), 8.328027963638306)
Day:1 
(1, 39, 200, -34.34336541193909, 1369.0, (2.2972457153746397, -15.87333335815106, 15.998050233508689, 55.69200792310883), 8.394093036651611)
Day:1 
(1, 40, 200, -32.83008828023034, 81.0, (-29.076734353687744, -29.617939838625432, 25.830134561860312, 29.85435133993884), 8.540673971176147)
Day:1 
(1, 41, 200, -35.542363897075404, 64.0, (-56.002857351957395, -36.03223223169012, -53.70619090254122, 29.85435133993884), 8.983767986297607)
Day:1 
(1, 42, 200, -32.239477973499106, 324.0, (8.383831572217247, -2.0974713896457504, 24.292332409724033, 33.851019291592856), 8.566954851150513)
Day:1 
(1, 43, 200, -32.75746485786915, 225.0, (-12.51141489095748, -31.477242997489412, 24.292332409724033, 33.851019291592856), 8.6007661819458)
Day:1 
(1, 44, 200, -32.02063551479763, 100.0, (13.879070861170765, -5.841307767460538, 20.399667492175595, 33.851019291592856), 8.724831819534302)
Day:1 
(1, 45, 200, -32.12097004281445, 25.0, (13.879070861170765, 17.283682165740913, 21.73639394746472, 33.851019291592856), 8.594369173049927)
Day:1 
(1, 46, 200, -34.68898412901184, 169.0, (-51.309048360277004, -40.24908472386785, -14.308517305206754, 44.7934606600152), 8.733879804611206)
Day:1 
(1, 47, 200, -33.07284120094667, 256.0, (-34.679921895821586, 10.280369523690863, -10.724023883173762, 44.7934606600152), 8.743595123291016)
Day:1 
(1, 48, 200, -33.26730845898564, 1089.0, (-34.679921895821586, 10.280369523690863, -22.07622759276586, 22.97118572980837), 9.463664054870605)
Day:1 
(1, 49, 200, -32.541065418123594, 784.0, (-8.907411400930554, 20.75263395498969, -9.448494022986814, 29.314369978214206), 8.954900979995728)
Day:1 
(1, 50, 200, -34.80503998469397, 1444.0, (-19.128854226368162, -24.361764121915957, 34.14565568176958, 46.6968295133734), 8.770748853683472)
Day:2 
(2, 0, 200, -14370.228544214504, 1031085.0, (-19.128854226368162, -24.361764121915957, 34.14565568176958, 46.6968295133734), 10.66666316986084)
Day:2 
(2, 1, 200, -8038.424441097102, 307372.0, (-2.8061720500775076, -23.53635637596489, 34.14565568176958, -6.951091055519378), 53.252338886260986)
Day:2 
(2, 2, 200, -7603.591766479684, 260467.0, (-2.8061720500775076, -23.53635637596489, 34.14565568176958, 7.985567661439999), 53.2158420085907)
Day:2 
(2, 3, 200, -1412.1760773098633, 166637.0, (-2.8061720500775076, 15.065094191365045, 10.914948135644531, 7.985567661439999), 79.74972701072693)
Day:2 
(2, 4, 200, -1218.5849012305696, 51394.0, (3.0052238905444733, 15.065094191365045, 10.914948135644531, 7.985567661439999), 124.95568704605103)
Day:2 
(2, 5, 200, -1182.1971827926259, 48615.0, (3.0052238905444733, 15.065094191365045, 10.914948135644531, 7.985567661439999), 169.5630760192871)
Day:2 
(2, 6, 200, -243.98804608454105, 14622.0, (3.0052238905444733, 7.724744956091455, 10.914948135644531, 7.985567661439999), 145.22505497932434)
Day:2 
(2, 7, 200, -212.66720327496373, 10254.0, (4.688795279749151, 7.724744956091455, 10.914948135644531, 7.985567661439999), 103.89702796936035)
Day:2 
(2, 8, 200, -208.87698628269396, 9578.0, (4.688795279749151, 7.724744956091455, 10.914948135644531, 7.985567661439999), 98.64691305160522)
Day:2 
(2, 9, 200, -194.88279892522988, 9784.0, (4.688795279749151, 7.724744956091455, 10.914948135644531, 7.985567661439999), 88.90001702308655)
Day:2 
(2, 10, 200, -187.8933726373364, 9531.0, (4.688795279749151, 7.724744956091455, 10.914948135644531, 7.985567661439999), 107.92365789413452)
Day:2 
(2, 11, 200, -196.49141095878525, 9870.0, (4.688795279749151, 7.724744956091455, 10.914948135644531, 7.985567661439999), 89.25371098518372)
Day:2 
(2, 12, 200, -162.73909136655533, 7759.0, (4.688795279749151, 7.724744956091455, 9.277408536208732, 7.985567661439999), 131.04116415977478)
Day:2 
(2, 13, 200, -148.07324416747284, 6232.0, (4.688795279749151, 7.724744956091455, 9.277408536208732, 7.985567661439999), 97.10797381401062)
Day:2 
(2, 14, 200, -141.1375273759653, 5539.0, (4.688795279749151, 7.724744956091455, 9.277408536208732, 7.985567661439999), 120.14681315422058)
Day:2 
(2, 15, 200, -142.01820823293008, 5430.0, (4.688795279749151, 7.724744956091455, 9.277408536208732, 7.985567661439999), 90.06562781333923)
Day:2 
(2, 16, 200, -143.36002733327405, 3551.0, (4.688795279749151, 7.724744956091455, 9.277408536208732, 7.985567661439999), 112.98132014274597)
Day:2 
(2, 17, 200, -147.3486122547097, 2707.0, (4.688795279749151, 7.724744956091455, 9.277408536208732, 7.985567661439999), 132.27493405342102)
Day:2 
(2, 18, 200, -144.52612263975732, 2754.0, (4.688795279749151, 7.724744956091455, 9.277408536208732, 7.985567661439999), 92.4137179851532)
Day:2 
(2, 19, 200, -144.17631445874986, 2826.0, (4.688795279749151, 7.724744956091455, 9.277408536208732, 7.985567661439999), 117.42432284355164)
Day:2 
(2, 20, 200, -145.90793562603554, 2761.0, (4.688795279749151, 7.724744956091455, 9.277408536208732, 7.985567661439999), 132.63118410110474)
Day:2 
(2, 21, 200, -150.86813371708692, 3339.0, (4.688795279749151, 7.724744956091455, 9.277408536208732, 7.985567661439999), 138.24705505371094)
Day:2 
(2, 22, 200, -141.30164370860462, 1788.0, (4.688795279749151, 7.724744956091455, 9.277408536208732, 7.985567661439999), 108.63683795928955)
Day:2 
(2, 23, 200, -146.88606138237844, 3360.0, (4.688795279749151, 7.724744956091455, 9.277408536208732, 7.985567661439999), 102.67304301261902)
Day:2 
(2, 24, 200, -147.62609684670034, 2376.0, (4.688795279749151, 7.724744956091455, 9.277408536208732, 7.985567661439999), 110.77141690254211)
Day:2 
(2, 25, 200, -151.85214436461487, 2934.0, (4.688795279749151, 7.724744956091455, 9.277408536208732, 7.985567661439999), 90.66219305992126)
Day:2 
(2, 26, 200, -144.276414265215, 2955.0, (4.688795279749151, 7.724744956091455, 9.277408536208732, 7.985567661439999), 118.3124430179596)
Day:2 
(2, 27, 200, -143.07638441156325, 2402.0, (4.688795279749151, 7.724744956091455, 9.277408536208732, 7.985567661439999), 106.63370990753174)
Day:2 
(2, 28, 200, -157.3379908152466, 3229.0, (4.688795279749151, 7.724744956091455, 9.277408536208732, 7.985567661439999), 101.33872699737549)
Day:2 
(2, 29, 200, -152.2325495433466, 3244.0, (4.688795279749151, 7.724744956091455, 9.277408536208732, 7.985567661439999), 113.71479511260986)
Day:2 
(2, 30, 200, -150.99566102475075, 2921.0, (4.688795279749151, 7.724744956091455, 9.277408536208732, 7.985567661439999), 97.82971692085266)
Day:2 
(2, 31, 200, -154.43045088680594, 2781.0, (4.688795279749151, 7.724744956091455, 9.277408536208732, 7.985567661439999), 135.63811898231506)
Day:2 
(2, 32, 200, -138.8485769879197, 3157.0, (4.688795279749151, 7.724744956091455, 9.277408536208732, 7.985567661439999), 138.7900631427765)
Day:2 
(2, 33, 200, -149.63432862181986, 2154.0, (4.688795279749151, 7.724744956091455, 9.277408536208732, 7.985567661439999), 137.84461188316345)
Day:2 
(2, 34, 200, -152.65730528116558, 2031.0, (4.688795279749151, 7.724744956091455, 9.277408536208732, 7.985567661439999), 101.76882100105286)
Day:2 
(2, 35, 200, -151.74877375036573, 2303.0, (4.688795279749151, 7.724744956091455, 9.277408536208732, 7.985567661439999), 106.02931094169617)
Day:2 
(2, 36, 200, -146.8605646762138, 3878.0, (4.688795279749151, 7.724744956091455, 9.277408536208732, 7.985567661439999), 135.05479407310486)
Day:2 
(2, 37, 200, -142.96036150881798, 2897.0, (4.688795279749151, 7.724744956091455, 9.277408536208732, 7.985567661439999), 101.53627800941467)
Day:2 
(2, 38, 200, -138.12399157563073, 3468.0, (4.688795279749151, 7.724744956091455, 9.277408536208732, 7.985567661439999), 147.23726892471313)
Day:2 
(2, 39, 200, -145.94323554935397, 5107.0, (4.688795279749151, 7.724744956091455, 9.277408536208732, 7.985567661439999), 111.7389771938324)
Day:2 
(2, 40, 200, -147.5048358043918, 4866.0, (4.688795279749151, 7.724744956091455, 9.277408536208732, 7.985567661439999), 121.13145279884338)
Day:2 
(2, 41, 200, -147.57115490723916, 4837.0, (4.688795279749151, 7.724744956091455, 9.277408536208732, 7.985567661439999), 108.06674909591675)
Day:2 
(2, 42, 200, -143.9311538498751, 4008.0, (4.688795279749151, 7.724744956091455, 9.277408536208732, 7.985567661439999), 112.23801589012146)
Day:2 
(2, 43, 200, -143.22573895062786, 3943.0, (4.688795279749151, 7.724744956091455, 9.277408536208732, 7.985567661439999), 129.83962106704712)
Day:2 
(2, 44, 200, -138.59365909488739, 4225.0, (4.688795279749151, 7.724744956091455, 9.277408536208732, 7.985567661439999), 106.39901494979858)
Day:2 
(2, 45, 200, -146.9029709345836, 2524.0, (4.688795279749151, 7.724744956091455, 9.277408536208732, 7.985567661439999), 118.18803000450134)
Day:2 
(2, 46, 200, -147.27780678163185, 2480.0, (4.688795279749151, 7.724744956091455, 9.277408536208732, 7.985567661439999), 114.60745000839233)
Day:2 
(2, 47, 200, -142.40895790682183, 2213.0, (4.688795279749151, 7.724744956091455, 9.277408536208732, 7.985567661439999), 124.77022004127502)
Day:2 
(2, 48, 200, -144.84274285204768, 3576.0, (4.688795279749151, 7.724744956091455, 9.277408536208732, 7.985567661439999), 121.74437713623047)
Day:2 
(2, 49, 200, -156.87933777237293, 2905.0, (4.688795279749151, 7.724744956091455, 9.277408536208732, 7.985567661439999), 107.68113684654236)
Day:2 
(2, 50, 200, -142.2247309775001, 2797.0, (4.688795279749151, 7.724744956091455, 9.277408536208732, 7.985567661439999), 98.4356939792633)
Day:3 
(3, 0, 200, -333.19508341878196, 2453.0, (4.688795279749151, 7.724744956091455, 9.277408536208732, 7.985567661439999), 17.361047983169556)
Day:3 
(3, 1, 200, -326.161697223153, 2574.0, (4.688795279749151, 7.724744956091455, 9.277408536208732, 7.985567661439999), 161.57639408111572)
Day:3 
(3, 2, 200, -314.52955803240815, 3373.0, (4.688795279749151, 7.724744956091455, 9.277408536208732, 7.985567661439999), 189.43177890777588)
Day:3 
(3, 3, 200, -313.54410513425177, 2628.0, (4.688795279749151, 7.724744956091455, 9.277408536208732, 7.985567661439999), 160.15696811676025)
Day:3 
(3, 4, 200, -290.14782251800125, 2291.0, (4.688795279749151, 7.724744956091455, 9.277408536208732, 7.985567661439999), 162.773295879364)
Day:3 
(3, 5, 200, -288.48157041352533, 2296.0, (4.688795279749151, 7.724744956091455, 9.277408536208732, 7.985567661439999), 135.00068020820618)
Day:3 
(3, 6, 200, -292.7763526700496, 1498.0, (4.688795279749151, 7.724744956091455, 9.277408536208732, 7.985567661439999), 177.90140795707703)
Day:3 
(3, 7, 200, -285.7529187896964, 1831.0, (4.688795279749151, 7.724744956091455, 9.277408536208732, 7.985567661439999), 194.15136694908142)
Day:3 
(3, 8, 200, -277.90214419819733, 1822.0, (4.688795279749151, 7.724744956091455, 9.277408536208732, 7.985567661439999), 221.84172010421753)
Day:3 
(3, 9, 200, -279.33726845166336, 1813.0, (4.688795279749151, 7.724744956091455, 9.277408536208732, 7.985567661439999), 179.21063590049744)
Day:3 
(3, 10, 200, -285.68519131345965, 1820.0, (4.688795279749151, 7.724744956091455, 9.277408536208732, 7.985567661439999), 228.09214210510254)
Day:3 
(3, 11, 200, -285.1250720779906, 1850.0, (4.688795279749151, 7.724744956091455, 9.277408536208732, 7.985567661439999), 159.43681287765503)
Day:3 
(3, 12, 200, -291.1086185400892, 1481.0, (4.688795279749151, 7.724744956091455, 9.277408536208732, 7.985567661439999), 155.37441992759705)
Day:3 
(3, 13, 200, -288.1074532162032, 1480.0, (4.688795279749151, 7.724744956091455, 9.277408536208732, 7.985567661439999), 165.15476417541504)
Day:3 
(3, 14, 200, -293.3683827456215, 1558.0, (4.688795279749151, 7.724744956091455, 9.277408536208732, 7.985567661439999), 160.1712930202484)
Day:3 
(3, 15, 200, -285.6229601602123, 2016.0, (4.688795279749151, 7.724744956091455, 9.277408536208732, 7.985567661439999), 130.96394777297974)
Day:3 
(3, 16, 200, -287.6665425042214, 2083.0, (4.688795279749151, 7.724744956091455, 9.277408536208732, 7.985567661439999), 185.11954808235168)
Day:3 
(3, 17, 200, -286.8060178744962, 1315.0, (4.688795279749151, 7.724744956091455, 9.277408536208732, 7.985567661439999), 170.29387307167053)
Day:3 
(3, 18, 200, -290.72903646008575, 1627.0, (4.688795279749151, 7.724744956091455, 9.277408536208732, 7.985567661439999), 189.35667896270752)
Day:3 
(3, 19, 200, -284.18654179958133, 1511.0, (4.688795279749151, 7.724744956091455, 9.277408536208732, 7.985567661439999), 137.26809310913086)
Day:3 
(3, 20, 200, -283.7589260356268, 1476.0, (4.688795279749151, 7.724744956091455, 9.277408536208732, 7.985567661439999), 138.95921683311462)
Day:3 
(3, 21, 200, -288.42447430379707, 1358.0, (4.688795279749151, 7.724744956091455, 9.277408536208732, 7.985567661439999), 175.73784399032593)
Day:3 
(3, 22, 200, -289.6937081467768, 990.0, (4.688795279749151, 7.724744956091455, 9.277408536208732, 7.985567661439999), 200.66125297546387)
Day:3 
(3, 23, 200, -287.9797127087254, 994.0, (4.688795279749151, 7.724744956091455, 9.277408536208732, 7.985567661439999), 165.1886441707611)
Day:3 
(3, 24, 200, -288.3215920502564, 1025.0, (4.688795279749151, 7.724744956091455, 9.277408536208732, 7.985567661439999), 166.66180682182312)
Day:3 
(3, 25, 200, -282.32966167913975, 1258.0, (4.688795279749151, 7.724744956091455, 9.277408536208732, 7.985567661439999), 217.75506615638733)
Day:3 
(3, 26, 200, -285.730796964544, 1231.0, (4.688795279749151, 7.724744956091455, 9.277408536208732, 7.985567661439999), 203.32527804374695)
Day:3 
(3, 27, 200, -293.6273689936031, 1437.0, (4.688795279749151, 7.724744956091455, 9.277408536208732, 7.985567661439999), 166.97869086265564)
Day:3 
(3, 28, 200, -294.07162245374786, 1437.0, (4.688795279749151, 7.724744956091455, 9.277408536208732, 7.985567661439999), 180.43078112602234)
Day:3 
(3, 29, 200, -283.7370183587674, 1390.0, (4.688795279749151, 7.724744956091455, 9.277408536208732, 7.985567661439999), 221.5215699672699)
Day:3 
(3, 30, 200, -292.2897268343679, 1350.0, (4.688795279749151, 7.724744956091455, 9.277408536208732, 7.985567661439999), 179.50582098960876)
Day:3 
(3, 31, 200, -296.44279465313804, 1289.0, (4.688795279749151, 7.724744956091455, 9.277408536208732, 7.985567661439999), 201.4936180114746)
Day:3 
(3, 32, 200, -293.922993805263, 1362.0, (4.688795279749151, 7.724744956091455, 9.277408536208732, 7.985567661439999), 152.2857220172882)
Day:3 
(3, 33, 200, -287.7215378057088, 1381.0, (4.688795279749151, 7.724744956091455, 9.277408536208732, 7.985567661439999), 165.02789402008057)
Day:3 
(3, 34, 200, -297.55917412316114, 1436.0, (4.688795279749151, 7.724744956091455, 9.277408536208732, 7.985567661439999), 178.4464659690857)
Day:3 
(3, 35, 200, -292.0130930774019, 1381.0, (4.688795279749151, 7.724744956091455, 9.277408536208732, 7.985567661439999), 169.60165190696716)
Day:3 
(3, 36, 200, -293.1014922663875, 1294.0, (4.688795279749151, 7.724744956091455, 9.277408536208732, 7.985567661439999), 200.37510299682617)
Day:3 
(3, 37, 200, -303.6327069644391, 1168.0, (4.688795279749151, 7.724744956091455, 9.277408536208732, 7.985567661439999), 222.48034596443176)
Day:3 
(3, 38, 200, -315.0772792878741, 1182.0, (4.688795279749151, 7.724744956091455, 9.277408536208732, 7.985567661439999), 186.00263810157776)
Day:3 
(3, 39, 200, -301.53075358236197, 1210.0, (4.688795279749151, 7.724744956091455, 9.277408536208732, 7.985567661439999), 142.67408084869385)
Day:3 
(3, 40, 200, -289.6114874902011, 1708.0, (4.688795279749151, 7.724744956091455, 9.277408536208732, 7.985567661439999), 149.6133861541748)
Day:3 
(3, 41, 200, -286.34170084826866, 1745.0, (4.688795279749151, 7.724744956091455, 9.277408536208732, 7.985567661439999), 144.3299970626831)
Day:3 
(3, 42, 200, -293.267167501663, 1569.0, (4.688795279749151, 7.724744956091455, 9.277408536208732, 7.985567661439999), 143.1589457988739)
Day:3 
(3, 43, 200, -278.6613370622654, 1507.0, (4.688795279749151, 7.724744956091455, 9.277408536208732, 7.985567661439999), 156.29960918426514)
Day:3 
(3, 44, 200, -291.0024375930218, 1453.0, (4.688795279749151, 7.724744956091455, 9.277408536208732, 7.985567661439999), 208.9340980052948)
Day:3 
(3, 45, 200, -284.9965338275136, 1415.0, (4.688795279749151, 7.724744956091455, 9.277408536208732, 7.985567661439999), 147.19822788238525)
Day:3 
(3, 46, 200, -282.9763338713271, 1401.0, (4.688795279749151, 7.724744956091455, 9.277408536208732, 7.985567661439999), 193.51543712615967)
Day:3 
(3, 47, 200, -283.86973445055526, 1707.0, (4.688795279749151, 7.724744956091455, 9.277408536208732, 7.985567661439999), 143.27456378936768)
Day:3 
(3, 48, 200, -282.1289618901852, 2100.0, (4.688795279749151, 7.724744956091455, 9.277408536208732, 7.985567661439999), 171.5535271167755)
Day:3 
(3, 49, 200, -279.08986383187806, 1720.0, (4.688795279749151, 7.724744956091455, 9.277408536208732, 7.985567661439999), 161.17467498779297)
Day:3 
(3, 50, 200, -286.84110018994676, 1735.0, (4.688795279749151, 7.724744956091455, 9.277408536208732, 7.985567661439999), 160.3076159954071)