
Day:1 
(1, 0, 100, -522.7985691294912, 7168632.0, (4.403498576296424, 10.41127728147174, 1.7716668059831138, 10.111580243306111), 4.426264047622681)
Day:1 
(1, 1, 100, -423.5374437051951, 1420840.0, (4.403498576296424, 10.41127728147174, 1.7716668059831138, 10.111580243306111), 34.21717596054077)
Day:1 
(1, 2, 100, -412.07216161186966, 2115466.0, (4.403498576296424, 10.41127728147174, 1.7716668059831138, 10.111580243306111), 34.698513984680176)
Day:1 
(1, 3, 100, -401.8600321901566, 5225589.0, (4.403498576296424, 10.41127728147174, 1.7716668059831138, 10.111580243306111), 34.7604820728302)
Day:1 
(1, 4, 100, -399.0867844081816, 5223652.0, (4.403498576296424, 10.41127728147174, 1.7716668059831138, 10.111580243306111), 34.889310121536255)
Day:1 
(1, 5, 100, -396.9112092099236, 1278911.0, (4.403498576296424, 10.41127728147174, 1.7716668059831138, 10.111580243306111), 34.969236850738525)
Day:1 
(1, 6, 100, -391.5223551774947, 2236480.0, (4.403498576296424, 10.41127728147174, 1.7716668059831138, 10.111580243306111), 34.68352794647217)
Day:1 
(1, 7, 100, -379.57964693802677, 2830145.0, (4.403498576296424, 10.41127728147174, 1.7716668059831138, 10.111580243306111), 34.451237201690674)
Day:1 
(1, 8, 100, -379.6237156761505, 2388184.0, (4.403498576296424, 10.41127728147174, 1.7716668059831138, 10.111580243306111), 34.16216993331909)
Day:1 
(1, 9, 100, -382.2718280939295, 1604444.0, (4.403498576296424, 10.41127728147174, 1.7716668059831138, 10.111580243306111), 34.203572034835815)
Day:1 
(1, 10, 100, -379.3444638775472, 1808444.0, (4.403498576296424, 10.41127728147174, 1.7716668059831138, 10.111580243306111), 34.114733934402466)
Day:1 
(1, 11, 100, -382.39385390824555, 4493560.0, (4.403498576296424, 10.41127728147174, 1.7716668059831138, 10.111580243306111), 34.14533495903015)
Day:1 
(1, 12, 100, -380.6530167325119, 6152185.0, (4.403498576296424, 10.41127728147174, 1.7716668059831138, 10.111580243306111), 34.58480095863342)
Day:1 
(1, 13, 100, -386.5277834874752, 6008046.0, (4.403498576296424, 10.41127728147174, 1.7716668059831138, 10.111580243306111), 34.12783908843994)
Day:1 
(1, 14, 100, -380.5124086483719, 1466951.0, (4.403498576296424, 10.41127728147174, 1.7716668059831138, 10.111580243306111), 33.07004499435425)
Day:1 
(1, 15, 100, -375.73417510242996, 1469020.0, (4.403498576296424, 10.41127728147174, 1.7716668059831138, 10.111580243306111), 32.7474160194397)
Day:1 
(1, 16, 100, -376.71689677444004, 4371323.0, (4.403498576296424, 10.41127728147174, 1.7716668059831138, 10.111580243306111), 32.771437883377075)
Day:1 
(1, 17, 100, -370.573439982537, 2047499.0, (4.403498576296424, 10.41127728147174, 1.7716668059831138, 10.111580243306111), 33.136948108673096)
Day:1 
(1, 18, 100, -374.1735047183214, 7140980.0, (4.403498576296424, 10.41127728147174, 1.7716668059831138, 10.111580243306111), 32.81518888473511)
Day:1 
(1, 19, 100, -369.2613971686092, 2524667.0, (4.403498576296424, 10.41127728147174, 1.7716668059831138, 10.111580243306111), 33.37947702407837)
Day:1 
(1, 20, 100, -369.86828428883166, 1658848.0, (4.403498576296424, 10.41127728147174, 1.7716668059831138, 10.111580243306111), 33.197246074676514)
Day:1 
(1, 21, 100, -375.3093538373613, 3404117.0, (4.403498576296424, 10.41127728147174, 1.7716668059831138, 10.111580243306111), 33.19646096229553)
Day:1 
(1, 22, 100, -375.3965103407045, 5468432.0, (4.403498576296424, 10.41127728147174, 1.7716668059831138, 10.111580243306111), 33.24935698509216)
Day:1 
(1, 23, 100, -367.7242573555468, 2080906.0, (4.403498576296424, 10.41127728147174, 1.7716668059831138, 10.111580243306111), 33.21569013595581)
Day:1 
(1, 24, 100, -371.74237916976296, 1100186.0, (4.403498576296424, 10.41127728147174, 1.7716668059831138, 10.111580243306111), 33.22205400466919)
Day:1 
(1, 25, 100, -369.76595850500433, 1099185.0, (4.403498576296424, 10.41127728147174, 1.7716668059831138, 10.111580243306111), 33.2420117855072)
Day:1 
(1, 26, 100, -370.5502858724616, 1100750.0, (4.403498576296424, 10.41127728147174, 1.7716668059831138, 10.111580243306111), 33.34176206588745)