
Day:1 
(1, 0, 100, -11950.068315489534, 109782752.0, (1.0610195167241172, 5.954444287692763, 10.936541877584068, 7.654668142890166), 4.355772018432617)
Day:1 
(1, 1, 100, -3087.853954045716, 13998451.0, (1.4423588248092267, 16.28181414267961, 18.734575034231387, 11.665833323810302), 33.57548785209656)
Day:1 
(1, 2, 100, -1006.0567354892468, 5036584.0, (6.492425424697482, 9.92059194965148, 19.047667638685105, 10.78025202555265), 33.941646099090576)
Day:1 
(1, 3, 100, -985.5653042762028, 5833933.0, (6.492425424697482, 9.92059194965148, 19.047667638685105, 10.78025202555265), 34.242913007736206)
Day:1 
(1, 4, 100, -962.1014866346777, 5182217.0, (6.492425424697482, 9.92059194965148, 19.047667638685105, 10.78025202555265), 34.361533880233765)
Day:1 
(1, 5, 100, -937.9788277838163, 8735990.0, (6.492425424697482, 9.92059194965148, 19.047667638685105, 10.78025202555265), 34.424060106277466)
Day:1 
(1, 6, 100, -921.9010166184569, 8683543.0, (6.492425424697482, 9.92059194965148, 19.047667638685105, 10.78025202555265), 34.379724979400635)
Day:1 
(1, 7, 100, -905.1961737371828, 4468406.0, (6.492425424697482, 9.92059194965148, 19.047667638685105, 10.78025202555265), 34.531038999557495)
Day:1 
(1, 8, 100, -900.3792539286829, 4410177.0, (6.492425424697482, 9.92059194965148, 19.047667638685105, 10.78025202555265), 34.52814507484436)
Day:1 
(1, 9, 100, -897.5837032860679, 4877202.0, (6.492425424697482, 9.92059194965148, 19.047667638685105, 10.78025202555265), 34.95596385002136)
Day:1 
(1, 10, 100, -887.114159570127, 4866710.0, (6.492425424697482, 9.92059194965148, 19.047667638685105, 10.78025202555265), 34.55405402183533)
Day:1 
(1, 11, 100, -888.939343408142, 4867801.0, (6.492425424697482, 9.92059194965148, 19.047667638685105, 10.78025202555265), 34.579046964645386)
Day:1 
(1, 12, 100, -882.7545726401831, 4298419.0, (6.492425424697482, 9.92059194965148, 19.047667638685105, 10.78025202555265), 34.56702017784119)
Day:1 
(1, 13, 100, -881.7003078523579, 4789631.0, (6.492425424697482, 9.92059194965148, 19.047667638685105, 10.78025202555265), 34.52707386016846)
Day:1 
(1, 14, 100, -883.9077554648034, 4789941.0, (6.492425424697482, 9.92059194965148, 19.047667638685105, 10.78025202555265), 34.537888050079346)
Day:1 
(1, 15, 100, -882.4176790435838, 4719092.0, (6.492425424697482, 9.92059194965148, 19.047667638685105, 10.78025202555265), 34.644062995910645)
Day:1 
(1, 16, 100, -871.8759880235834, 5942136.0, (6.492425424697482, 9.92059194965148, 19.047667638685105, 10.78025202555265), 34.631924867630005)
Day:1 
(1, 17, 100, -867.6968974218953, 1687724.0, (6.492425424697482, 9.92059194965148, 19.047667638685105, 10.78025202555265), 34.66457915306091)
Day:1 
(1, 18, 100, -868.3541974709959, 1687004.0, (6.492425424697482, 9.92059194965148, 19.047667638685105, 10.78025202555265), 34.72618007659912)
Day:1 
(1, 19, 100, -871.0274513758841, 1689699.0, (6.492425424697482, 9.92059194965148, 19.047667638685105, 10.78025202555265), 35.534971952438354)
Day:1 
(1, 20, 100, -868.7742925368186, 1550062.0, (6.492425424697482, 9.92059194965148, 19.047667638685105, 10.78025202555265), 35.033344984054565)
Day:1 
(1, 21, 100, -866.0720862300722, 1552586.0, (6.492425424697482, 9.92059194965148, 19.047667638685105, 10.78025202555265), 35.026654958724976)
Day:1 
(1, 22, 100, -864.9787791293945, 1549791.0, (6.492425424697482, 9.92059194965148, 19.047667638685105, 10.78025202555265), 35.0711030960083)
Day:1 
(1, 23, 100, -864.8919381232059, 1550333.0, (6.492425424697482, 9.92059194965148, 19.047667638685105, 10.78025202555265), 35.18419289588928)
Day:1 
(1, 24, 100, -862.8697910445537, 1551276.0, (6.492425424697482, 9.92059194965148, 19.047667638685105, 10.78025202555265), 35.0960590839386)
Day:1 
(1, 25, 100, -860.0288993409091, 1549968.0, (6.492425424697482, 9.92059194965148, 19.047667638685105, 10.78025202555265), 35.10387897491455)
Day:1 
(1, 26, 100, -856.9359935154789, 1548666.0, (6.492425424697482, 9.92059194965148, 19.047667638685105, 10.78025202555265), 35.094040870666504)
Day:1 
(1, 27, 100, -856.8510223191299, 1549354.0, (6.492425424697482, 9.92059194965148, 19.047667638685105, 10.78025202555265), 35.14227104187012)
Day:1 
(1, 28, 100, -852.705417016578, 1542186.0, (6.492425424697482, 9.92059194965148, 19.047667638685105, 10.78025202555265), 35.10990595817566)
Day:1 
(1, 29, 100, -852.1350708345051, 7719937.0, (6.492425424697482, 9.92059194965148, 19.047667638685105, 10.78025202555265), 35.138836145401)
Day:1 
(1, 30, 100, -852.6618141377473, 6592605.0, (6.492425424697482, 9.92059194965148, 19.047667638685105, 10.78025202555265), 35.540055990219116)
Day:1 
(1, 31, 100, -852.1700481699402, 4049957.0, (6.492425424697482, 9.92059194965148, 19.047667638685105, 10.78025202555265), 35.19402003288269)
Day:1 
(1, 32, 100, -853.2140805088011, 3018412.0, (6.492425424697482, 9.92059194965148, 19.047667638685105, 10.78025202555265), 35.20646786689758)
Day:1 
(1, 33, 100, -381.50989857118515, 920257.0, (5.194376389086118, 8.734359086185858, 24.692052345246495, 9.607892664254326), 34.98941493034363)
Day:1 
(1, 34, 100, -385.3622626651647, 996095.0, (5.194376389086118, 8.734359086185858, 24.692052345246495, 9.607892664254326), 35.175565004348755)
Day:1 
(1, 35, 100, -376.6665880547195, 2029099.0, (5.194376389086118, 8.734359086185858, 24.692052345246495, 9.607892664254326), 35.15230202674866)
Day:1 
(1, 36, 100, -375.2530214488251, 885928.0, (5.194376389086118, 8.734359086185858, 24.692052345246495, 9.607892664254326), 35.080178022384644)
Day:1 
(1, 37, 100, -371.04357122990433, 876378.0, (5.194376389086118, 8.734359086185858, 24.692052345246495, 9.607892664254326), 35.11310005187988)
Day:1 
(1, 38, 100, -368.2615094765793, 1425967.0, (5.194376389086118, 8.734359086185858, 24.692052345246495, 9.607892664254326), 35.168654918670654)
Day:1 
(1, 39, 100, -365.1332497009611, 912271.0, (5.194376389086118, 8.734359086185858, 24.692052345246495, 9.607892664254326), 35.231141090393066)
Day:1 
(1, 40, 100, -367.0296086546219, 1782870.0, (5.194376389086118, 8.734359086185858, 24.692052345246495, 9.607892664254326), 35.375576972961426)
Day:1 
(1, 41, 100, -363.0990922326911, 1091595.0, (5.194376389086118, 8.734359086185858, 24.692052345246495, 9.607892664254326), 35.37352800369263)
Day:1 
(1, 42, 100, -363.29854405463306, 2531569.0, (5.194376389086118, 8.734359086185858, 24.692052345246495, 9.607892664254326), 35.393577098846436)
Day:1 
(1, 43, 100, -362.20121201643525, 4019693.0, (5.194376389086118, 8.734359086185858, 24.692052345246495, 9.607892664254326), 35.06421899795532)
Day:1 
(1, 44, 100, -361.72489659976355, 5487397.0, (5.194376389086118, 8.734359086185858, 24.692052345246495, 9.607892664254326), 35.17466402053833)
Day:1 
(1, 45, 100, -358.7364366150894, 2133717.0, (5.194376389086118, 8.734359086185858, 24.692052345246495, 9.607892664254326), 35.2495219707489)
Day:1 
(1, 46, 100, -356.88547343685633, 2133962.0, (5.194376389086118, 8.734359086185858, 24.692052345246495, 9.607892664254326), 35.33284592628479)
Day:1 
(1, 47, 100, -361.7546087804328, 1046630.0, (5.194376389086118, 8.734359086185858, 24.692052345246495, 9.607892664254326), 35.308067083358765)
Day:1 
(1, 48, 100, -357.6981288442745, 951472.0, (5.194376389086118, 8.734359086185858, 24.692052345246495, 9.607892664254326), 35.16027092933655)
Day:1 
(1, 49, 100, -360.8761431441202, 952454.0, (5.194376389086118, 8.734359086185858, 24.692052345246495, 9.607892664254326), 35.21185302734375)
Day:1 
(1, 50, 100, -361.64709952275206, 951621.0, (5.194376389086118, 8.734359086185858, 24.692052345246495, 9.607892664254326), 35.151793003082275)
Day:2 
(2, 0, 100, -1533750.1439656492, 159132673308.0, (5.194376389086118, 8.734359086185858, 24.692052345246495, 9.607892664254326), 17.92583203315735)
Day:2 
(2, 1, 100, -1533702.7162573547, 159132666471.0, (5.194376389086118, 8.734359086185858, 24.692052345246495, 9.607892664254326), 665.8598258495331)
Day:2 
(2, 2, 100, -464282.34269796975, 107897259440.0, (1.1556415959085715, 8.020851849038316, 9.296520976213404, 8.693185200722159), 742.4768350124359)