
Day:1 
(1, 0, 100, -16191.672155226343, 1480833.0, (11.669223701816284, 1.3551133037349743, 2.0444830467150883, 2.434326837288848), 4.192320108413696)
Day:1 
(1, 1, 100, -25.58781210583128, 1.0, (2.556507512780624, 1.3551133037349743, 2.808701134049118, 5.744414641834549), 7.437976121902466)
Day:1 
(1, 2, 100, -30.053856464678542, 625.0, (2.556507512780624, 4.753118515694353, 29.569275999105965, 23.326716507178446), 7.517612934112549)
Day:1 
(1, 3, 100, -21.360434448222037, 441.0, (0.6073806749081795, 1.3490731460066032, 0.002995832874531776, 12.854357627257171), 7.610668897628784)
Day:1 
(1, 4, 100, -22.465437471185368, 16.0, (1.1458739694189202, 7.527480036482736, 0.002995832874531776, 12.854357627257171), 7.416846990585327)
Day:1 
(1, 5, 100, -30.807275015398336, 625.0, (40.91454557500389, 0.15506235459062312, 7.407025760498814, 40.7484162991791), 7.545413970947266)
Day:1 
(1, 6, 100, -28.148604689186822, 196.0, (0.38963840868583866, 3.8830653986917825, 0.464155025123088, 75.94641057222128), 7.4425389766693115)
Day:1 
(1, 7, 100, -31.720131142284224, 2401.0, (25.117611928454103, 3.8830653986917825, 0.008372367132534302, 75.94641057222128), 7.561022043228149)
Day:1 
(1, 8, 100, -33.321681120173736, 169.0, (1.901831877549836, 42.473068966061, 3.8225569362404714, 75.94641057222128), 7.284569025039673)
Day:1 
(1, 9, 100, -29.83599486039417, 81.0, (7.904525655448189, 1.9946080409783582, 0.915927219650954, 75.94641057222128), 7.249130964279175)
Day:1 
(1, 10, 100, -27.769622738033725, 1024.0, (5.002640166863089, 4.8848431118395705, 5.373967905649867, 9.798537692254214), 7.387861013412476)
Day:1 
(1, 11, 100, -26.61660729700939, 25.0, (6.3745179081012004, 2.8485543736763463, 5.373967905649867, 9.798537692254214), 7.976210117340088)
Day:1 
(1, 12, 100, -31.44978370982255, 256.0, (11.334665175165224, 10.23796174816562, 15.182528724795683, 37.49916454913334), 7.3981709480285645)
Day:1 
(1, 13, 100, -27.60418856628506, 361.0, (2.435582400436278, 6.769840037155001, 8.575965060433107, 13.125029734363691), 7.653569936752319)
Day:1 
(1, 14, 100, -26.928076142877565, 256.0, (6.182238780378445, 0.4423939858996583, 8.575965060433107, 19.006916082513012), 7.755397081375122)
Day:1 
(1, 15, 100, -25.074592477186698, 4.0, (19.420287942472275, 0.4423939858996583, 0.06790880316879934, 19.006916082513012), 7.66962194442749)
Day:1 
(1, 16, 100, -24.66843735585725, 729.0, (3.936755747920268, 0.04894422254980288, 6.5637620872171265, 6.953070225329873), 8.237534046173096)
Day:1 
(1, 17, 100, -29.868924176934712, 1849.0, (0.22885233210888087, 0.04894422254980288, 89.21206095776678, 10.327460505933916), 8.21067500114441)
Day:1 
(1, 18, 100, -24.996482820626483, 1.0, (0.22885233210888087, 3.021630543970868, 4.944479071059752, 14.343483022371744), 8.26400089263916)
Day:1 
(1, 19, 100, -26.396912061452795, 2304.0, (0.24204705554460976, 3.3939798345905503, 0.7746284996403412, 6.251603641538565), 8.28409218788147)
Day:1 
(1, 20, 100, -27.96293856129062, 144.0, (0.24204705554460976, 2.6864943623201336, 24.656637426352813, 29.056613925811106), 8.60881781578064)
Day:1 
(1, 21, 100, -24.139674342557385, 729.0, (0.24204705554460976, 0.7873026338552501, 2.0192524182638816, 11.437641966806689), 8.433363199234009)
Day:1 
(1, 22, 100, -25.832269455409325, 841.0, (3.3523476216325556, 1.370006065484682, 1.5926381081814254, 10.819193104064254), 8.190078973770142)
Day:1 
(1, 23, 100, -29.160388144723175, 441.0, (9.212625802495896, 0.1524349226943977, 49.716640086340995, 10.819193104064254), 8.75552487373352)
Day:1 
(1, 24, 100, -29.772510178750828, 900.0, (14.60266811116841, 1.3840542053116198, 7.557383084446479, 10.819193104064254), 8.49169397354126)
Day:1 
(1, 25, 100, -28.93036027758022, 3844.0, (1.5742328634162865, 1.3840542053116198, 3.95883057697554, 12.478766599751223), 8.097772121429443)
Day:1 
(1, 26, 100, -27.385282960349443, 1444.0, (0.9162594311041786, 8.791766036126116, 3.676806268064032, 10.384071436929702), 8.093454837799072)
Day:1 
(1, 27, 100, -28.926572807269203, 900.0, (5.687802525762627, 0.6579683223931609, 25.541999306027943, 6.6407773168381), 8.195033073425293)
Day:1 
(1, 28, 100, -25.092472035574353, 324.0, (0.1978645373141916, 0.6579683223931609, 20.616360717513327, 6.6407773168381), 8.599451065063477)
Day:1 
(1, 29, 100, -27.51921110822479, 16.0, (4.1296559512224995, 4.030355950767422, 6.736863053370889, 7.113381344111489), 8.386516094207764)
Day:1 
(1, 30, 100, -30.497784057162807, 1369.0, (4.1296559512224995, 7.350845781045006, 16.079931252934394, 22.599449856383817), 8.505094766616821)
Day:1 
(1, 31, 100, -29.41809929108532, 100.0, (5.860066612248993, 5.752167110239877, 22.15704235397188, 18.78061861603364), 8.130267143249512)
Day:1 
(1, 32, 100, -28.23373324730479, 900.0, (5.860066612248993, 6.275400686773248, 2.1838400894785854, 20.445066468347207), 8.10878586769104)
Day:1 
(1, 33, 100, -27.76032124465654, 441.0, (5.156968221867687, 6.275400686773248, 4.879651634366539, 14.545608725525936), 8.508289098739624)
Day:1 
(1, 34, 100, -23.637174622038486, 4.0, (5.156968221867687, 5.135486984734059, 0.006621710453526354, 14.545608725525936), 7.996542930603027)
Day:1 
(1, 35, 100, -24.29175992778795, 289.0, (5.156968221867687, 8.146474128325913, 0.006621710453526354, 14.545608725525936), 8.607388019561768)
Day:1 
(1, 36, 100, -28.64904246197713, 100.0, (3.8417622393492885, 2.842506666540706, 27.577128704003478, 14.545608725525936), 8.377357959747314)
Day:1 
(1, 37, 100, -29.724080319325466, 1024.0, (4.26439316397948, 8.98974157602216, 2.6044091179128777, 37.9468011502752), 8.16100811958313)
Day:1 
(1, 38, 100, -22.876040240886326, 4.0, (0.0676159014890887, 1.443351907185284, 1.8560831385786971, 9.858936217306526), 8.574027061462402)
Day:1 
(1, 39, 100, -22.424317042425862, 400.0, (0.0676159014890887, 0.10046396172065057, 2.9209597981375484, 12.567931638606797), 8.109718799591064)
Day:1 
(1, 40, 100, -26.419233627762146, 576.0, (10.612085629472595, 0.10046396172065057, 8.005284900274903, 12.567931638606797), 8.427206039428711)
Day:1 
(1, 41, 100, -29.020348365693767, 484.0, (11.66096515447277, 0.6328832638203236, 28.81223515911979, 12.567931638606797), 7.993666172027588)
Day:1 
(1, 42, 100, -22.927368095283555, 900.0, (11.66096515447277, 0.022255089607140687, 0.03228740994040057, 13.060825086142746), 7.890023946762085)
Day:1 
(1, 43, 100, -26.80721245414192, 225.0, (10.522175340062866, 4.469516437555798, 0.5892079647285992, 16.30865088794489), 7.996525049209595)
Day:1 
(1, 44, 100, -29.878352350562697, 4.0, (20.881813633787875, 0.2745695465139191, 27.167609850769303, 27.19481643194871), 8.117260932922363)
Day:1 
(1, 45, 100, -33.71570615017138, 1849.0, (19.946249261280688, 9.02674101226406, 24.517420625212498, 27.19481643194871), 7.987706899642944)
Day:1 
(1, 46, 100, -22.99020660065424, 225.0, (0.0031252511320335992, 1.0760063516371834, 2.6363282823902185, 27.19481643194871), 8.277892112731934)
Day:1 
(1, 47, 100, -21.44213716732055, 484.0, (0.0031252511320335992, 0.2894735845202984, 1.7998676539181957, 4.553708778098407), 7.8822150230407715)
Day:1 
(1, 48, 100, -25.823277945628803, 324.0, (11.51836562161206, 0.2894735845202984, 1.7935616485749288, 13.669563466066627), 8.021824836730957)
Day:1 
(1, 49, 100, -22.63993509089515, 81.0, (0.9674684123757048, 0.2894735845202984, 0.04679513889067674, 5.063630085189227), 8.305378198623657)
Day:1 
(1, 50, 100, -23.7001998332154, 1600.0, (0.9674684123757048, 0.15951317703132142, 0.04679513889067674, 5.063630085189227), 8.67314887046814)
Day:1 
(1, 51, 100, -21.50681313268675, 36.0, (0.9674684123757048, 0.15951317703132142, 0.04679513889067674, 13.29956906583833), 8.615875005722046)
Day:1 
(1, 52, 100, -24.856309360008204, 400.0, (4.225915270859133, 2.1618074959950615, 0.17460353305163517, 13.29956906583833), 7.940922975540161)
Day:1 
(1, 53, 100, -24.37012917572944, 36.0, (3.6016213739978573, 2.1618074959950615, 0.17460353305163517, 13.29956906583833), 8.189543008804321)
Day:1 
(1, 54, 100, -25.79067409125692, 289.0, (12.247065784516845, 1.5406225235659636, 0.32164472020967433, 13.29956906583833), 8.213086128234863)
Day:1 
(1, 55, 100, -25.26314682511304, 169.0, (6.747718575589631, 1.1480827817533554, 0.32164472020967433, 17.58291222182964), 8.471731901168823)
Day:1 
(1, 56, 100, -26.283378014332104, 1225.0, (0.012395951339320034, 2.13003882556346, 24.318626002796435, 13.71904815755443), 7.6730430126190186)
Day:1 
(1, 57, 100, -23.861416532864887, 16.0, (3.2188377679477083, 0.0004338014234782761, 24.318626002796435, 16.668218933557), 8.165555953979492)
Day:1 
(1, 58, 100, -24.086293240513022, 81.0, (0.47071232223018783, 0.0017431264855815559, 14.562207288555134, 35.351756449084014), 7.838520050048828)
Day:1 
(1, 59, 100, -25.903419468411496, 361.0, (0.47071232223018783, 3.9481505117086404, 0.18838182649990942, 40.92383699497251), 7.737742900848389)
Day:1 
(1, 60, 100, -30.290619540244982, 121.0, (20.712623172834785, 0.9311263864527936, 11.30396039578271, 40.92383699497251), 7.620092153549194)
Day:1 
(1, 61, 100, -24.66872053040155, 144.0, (2.2832039177601366, 0.5919309381721028, 1.78939939358449, 12.874194287878952), 7.974493026733398)
Day:1 
(1, 62, 100, -25.88196321291386, 81.0, (17.83503947931445, 0.5919309381721028, 0.05613297730106627, 30.168439494602534), 7.886622905731201)
Day:1 
(1, 63, 100, -25.970800459164423, 1521.0, (7.754875138557719, 2.5822829598294645, 0.08126720685145358, 11.62212384268038), 7.617511034011841)
Day:1 
(1, 64, 100, -29.67336378326585, 1849.0, (7.754875138557719, 2.5822829598294645, 16.460968764588, 9.179253262240868), 8.211426019668579)
Day:1 
(1, 65, 100, -27.27050791070988, 100.0, (1.4071960357319124, 6.053201032812001, 16.460968764588, 9.179253262240868), 8.324863910675049)
Day:1 
(1, 66, 100, -26.047499029474693, 625.0, (0.7800885795325163, 0.8862104742481219, 16.460968764588, 7.6107574540582466), 7.930773973464966)
Day:1 
(1, 67, 100, -23.66295529086024, 81.0, (0.7800885795325163, 3.5073898715500382, 0.3013124046132658, 7.6107574540582466), 7.911306142807007)
Day:1 
(1, 68, 100, -23.67984918687982, 196.0, (0.7800885795325163, 3.5073898715500382, 0.24080713500700224, 7.491716322842008), 8.203604936599731)
Day:1 
(1, 69, 100, -27.80293906713194, 1600.0, (1.3233123772013482, 1.130413186948472, 21.64010914178371, 7.491716322842008), 8.048299074172974)
Day:1 
(1, 70, 100, -30.01138246073155, 729.0, (3.8141072071419218, 10.257242504703422, 21.64010914178371, 16.50972237230931), 8.005615949630737)
Day:1 
(1, 71, 100, -25.285954444076324, 9.0, (0.008259343622702366, 5.59085751832811, 12.390999616694307, 23.260402172680244), 7.71422004699707)
Day:1 
(1, 72, 100, -23.788256380428045, 400.0, (0.0019578989977196495, 0.4398695045865506, 16.79737855059779, 23.260402172680244), 7.764492034912109)
Day:1 
(1, 73, 100, -27.892314029825165, 9.0, (6.4764925485348455, 7.454733700021318, 2.5341489739504173, 23.260402172680244), 7.632945775985718)
Day:1 
(1, 74, 100, -26.074951819444994, 400.0, (0.02278991450478556, 7.454733700021318, 12.13378047717819, 18.668082427635877), 8.120672225952148)
Day:1 
(1, 75, 100, -35.24770483719472, 1600.0, (3.610392951303073, 8.075563355926066, 96.49199567936203, 18.668082427635877), 7.7603747844696045)
Day:1 
(1, 76, 100, -28.467879552139582, 324.0, (1.0259288076407822, 5.207133015430762, 36.29693665647416, 7.920246349717692), 7.633112192153931)
Day:1 
(1, 77, 100, -32.64870587277615, 685.0, (10.61997797004278, 0.9005780589586534, 9.079976847473905, 8.71786209058422), 8.000353813171387)
Day:1 
(1, 78, 100, -27.047000286121165, 2809.0, (0.9478745349626964, 0.9005780589586534, 2.909298189868085, 8.71786209058422), 8.188201189041138)
Day:1 
(1, 79, 100, -26.66440739621907, 441.0, (5.696212273362861, 0.11991631945343437, 6.032644970658422, 26.82520087649756), 7.6170289516448975)
Day:1 
(1, 80, 100, -29.60918355073545, 961.0, (30.919276308918356, 0.5723660068701488, 3.285876483527523, 26.82520087649756), 7.960038900375366)
Day:1 
(1, 81, 100, -26.107252085612735, 2916.0, (19.842351559062195, 0.00019873410896771476, 1.3226360748349153, 26.181875692211374), 7.856675148010254)
Day:1 
(1, 82, 100, -28.041577577894614, 16.0, (7.8835916653196785, 0.5440911654624249, 13.944926696716642, 26.181875692211374), 7.833537817001343)
Day:1 
(1, 83, 100, -30.654689316033128, 225.0, (7.8835916653196785, 32.24824521821054, 3.4902020629726707, 26.181875692211374), 7.68709397315979)
Day:1 
(1, 84, 100, -31.28826706721395, 529.0, (19.255704278844654, 2.1664181470570183, 26.18094002250054, 26.181875692211374), 8.278186082839966)
Day:1 
(1, 85, 100, -41.20325980378508, 3721.0, (19.255704278844654, 14.629487822236882, 61.313928245329706, 77.6896141626252), 8.374304056167603)
Day:1 
(1, 86, 100, -22.14639834618468, 81.0, (0.5275994616949956, 4.201033457304415, 0.0167169691073773, 7.953515714287788), 8.08522891998291)
Day:1 
(1, 87, 100, -25.482405103255743, 196.0, (0.549322729906578, 4.201033457304415, 6.406789883282038, 7.953515714287788), 8.718636989593506)
Day:1 
(1, 88, 100, -22.489544336530894, 16.0, (0.5287521999277437, 0.025043336629047626, 6.406789883282038, 7.953515714287788), 8.778308153152466)
Day:1 
(1, 89, 100, -26.25861983983475, 196.0, (0.5287521999277437, 6.129388807947487, 9.85304269685768, 7.299594629705846), 8.497483968734741)
Day:1 
(1, 90, 100, -26.728417751569168, 100.0, (1.1672784416589337, 3.613241210088074, 17.823173760161044, 7.299594629705846), 8.602084875106812)
Day:1 
(1, 91, 100, -21.215536600926736, 144.0, (1.1672784416589337, 0.005433823861515141, 1.573951962468314, 5.905971546520462), 8.740094184875488)
Day:1 
(1, 92, 100, -28.667480262328095, 169.0, (4.353242043582117, 10.451120196349926, 0.4666952609287149, 47.2954856015859), 8.246665954589844)
Day:1 
(1, 93, 100, -29.649345762272887, 1600.0, (0.007348665637537155, 52.330461773217074, 0.4666952609287149, 47.2954856015859), 8.46757197380066)
Day:1 
(1, 94, 100, -26.51432699249849, 36.0, (0.1581709069218089, 18.544558266219784, 0.4666952609287149, 33.61154634709952), 8.05816102027893)
Day:1 
(1, 95, 100, -30.065435972488643, 961.0, (2.2812899789393892, 36.22046105839785, 0.4666952609287149, 33.61154634709952), 8.571039915084839)
Day:1 
(1, 96, 100, -27.679987152172103, 289.0, (1.3510513971687423, 6.340104158779241, 16.129377666158085, 11.572018069561949), 8.571176052093506)
Day:1 
(1, 97, 100, -30.545209646108244, 4.0, (8.77388221466662, 7.240953856398256, 29.768700359290126, 20.791078380642542), 8.175153017044067)
Day:1 
(1, 98, 100, -30.285449441212574, 196.0, (26.51624124866953, 1.4288725037064236, 18.765800506303762, 20.791078380642542), 8.263614892959595)
Day:1 
(1, 99, 100, -29.513460613960156, 289.0, (13.39214060268336, 15.23892630208293, 2.8485989980044755, 20.791078380642542), 8.291800022125244)
Day:1 
(1, 100, 100, -30.306341924907038, 784.0, (1.3527796172838236, 0.08602448068857356, 77.0011062330234, 20.791078380642542), 8.158292055130005)
Day:2 
(2, 0, 100, -7547.1278546896265, 181210.0, (1.3527796172838236, 0.08602448068857356, 77.0011062330234, 20.791078380642542), 10.828001976013184)
Day:2 
(2, 1, 100, -5357.480851336863, 146398.0, (1.3527796172838236, 3.2588127346414986, 77.0011062330234, 20.791078380642542), 45.280648946762085)
Day:2 
(2, 2, 100, -4994.066738561839, 145295.0, (1.3527796172838236, 13.410052109476856, 77.0011062330234, 20.791078380642542), 45.35702204704285)
Day:2 
(2, 3, 100, -1799.5984146145577, 466153.0, (1.3527796172838236, 21.90596037078772, 20.142389459083887, 20.791078380642542), 48.170236110687256)
Day:2 
(2, 4, 100, -1772.9769999607736, 465900.0, (1.3527796172838236, 21.90596037078772, 20.142389459083887, 20.791078380642542), 60.027848958969116)
Day:2 
(2, 5, 100, -1138.460200656066, 121116.0, (1.3527796172838236, 21.90596037078772, 20.142389459083887, 12.516439779489767), 64.11641097068787)
Day:2 
(2, 6, 100, -1125.5935782822226, 117311.0, (1.3527796172838236, 21.90596037078772, 20.142389459083887, 12.516439779489767), 70.7189450263977)