
Day:1 
(1, 0, 200, -30.67690127449855, 100.0, (-22.647591837980812, -6.2463856431362546, 2.6290127474518488, 21.621174063084883), 4.351854085922241)
Day:1 
(1, 1, 200, -31.109961338806112, 144.0, (-3.206577344811844, 24.07881892194658, 16.435201392712564, 21.621174063084883), 7.979579925537109)
Day:1 
(1, 2, 200, -31.5379274739166, 1.0, (-16.45730012877629, 24.07881892194658, 21.731405908603076, 21.621174063084883), 8.320183038711548)
Day:1 
(1, 3, 200, -30.62526850743405, 4.0, (-9.7642816722465, 22.056119030951304, -9.410404627388733, 19.641088723555814), 7.66618013381958)
Day:1 
(1, 4, 200, -33.64827400278668, 1.0, (-4.223468991238054, -42.20176633628605, 20.158334606076995, 35.685479058409285), 7.840765953063965)
Day:1 
(1, 5, 200, -33.62562421848018, 484.0, (-0.02566598520786598, 42.514840655516764, 2.3780096978712155, 35.685479058409285), 8.034780025482178)
Day:1 
(1, 6, 200, -35.2323047655329, 1681.0, (14.93606313862345, -14.991182223904051, 40.43633416710497, 35.685479058409285), 8.13277792930603)
Day:1 
(1, 7, 200, -33.08282602581242, 1089.0, (-40.65544426706233, -14.991182223904051, 17.182034155517503, 3.1160409278379744), 8.148086071014404)
Day:1 
(1, 8, 200, -30.22341983543893, 25.0, (-6.467718539408511, -16.76125989552199, -9.533947125173114, 17.536605750492434), 8.26884388923645)
Day:1 
(1, 9, 200, -30.914214904157113, 16.0, (-9.547065410075563, 8.814965969574137, -5.475635311847151, 32.840975752137886), 8.422446966171265)
Day:1 
(1, 10, 200, -33.95728093597177, 1369.0, (-2.74971603900899, 28.967568985774275, -27.194606226403444, 32.840975752137886), 8.284500122070312)
Day:1 
(1, 11, 200, -35.46868959509307, 64.0, (-20.666346135551763, 18.540848350567515, 7.953034353666418, 63.613210847790725), 8.174152851104736)
Day:1 
(1, 12, 200, -35.032153856417004, 64.0, (-7.703518327598834, 14.480840404823436, -14.691635415749403, 63.613210847790725), 8.219679117202759)
Day:1 
(1, 13, 200, -36.30449069042326, 4.0, (-6.505892077469283, 14.480840404823436, -36.09642933444673, 63.613210847790725), 8.084038972854614)
Day:1 
(1, 14, 200, -36.11923155164599, 400.0, (29.05929156562487, 15.977144048988787, -0.7287613543725514, 63.613210847790725), 8.06700611114502)
Day:1 
(1, 15, 200, -32.96752328965205, 1024.0, (9.978032638352012, -35.00220694446321, 25.742716368753857, 12.380144861676104), 8.0867919921875)
Day:1 
(1, 16, 200, -32.85040289980374, 169.0, (1.0956224784326416, -6.802101379085841, 22.162147774217544, 46.484313449593), 7.754189968109131)
Day:1 
(1, 17, 200, -30.26196287901109, 81.0, (-2.0220666015112014, 2.330100016806768, 8.511386962177866, 25.041992093976898), 8.369828939437866)
Day:1 
(1, 18, 200, -30.931248620771864, 25.0, (18.16875760782044, 16.056572148117088, 8.511386962177866, 25.041992093976898), 8.382145881652832)
Day:1 
(1, 19, 200, -33.717979869332154, 441.0, (-0.02978912088809146, 39.57152149572525, 8.511386962177866, 39.441340257817245), 8.371875047683716)
Day:1 
(1, 20, 200, -34.25396287995391, 1089.0, (-37.24064167158834, 3.9923062266001472, 10.288099626704495, 39.441340257817245), 8.258762121200562)
Day:1 
(1, 21, 200, -30.26121891221609, 49.0, (-9.842583237870825, 3.9923062266001472, -6.786244520507139, 23.963577150646344), 8.52518892288208)
Day:1 
(1, 22, 200, -31.13302468967812, 4.0, (-18.026613142106974, 15.293976036126514, 15.61545986944125, 25.69295536179504), 8.296921968460083)
Day:1 
(1, 23, 200, -30.650762928326145, 1.0, (13.465208453728689, 15.293976036126514, 2.298755472568865, 25.69295536179504), 7.955912113189697)
Day:1 
(1, 24, 200, -30.720912372307776, 196.0, (5.665466876393076, 15.293976036126514, -6.889893865471252, 25.69295536179504), 8.470536947250366)
Day:1 
(1, 25, 200, -30.59394924980565, 9.0, (11.526086337170113, 15.293976036126514, 1.644161851153787, 25.69295536179504), 8.334606885910034)
Day:1 
(1, 26, 200, -33.52132201222045, 1296.0, (-28.50656354375048, -3.475625655819112, 35.700302080008235, 16.547924479092163), 8.233579158782959)
Day:1 
(1, 27, 200, -30.794736539706374, 49.0, (-28.50656354375048, -11.146394697579467, -12.942496931993658, 7.453814200801156), 8.467133045196533)
Day:1 
(1, 28, 200, -32.466141816304, 144.0, (-28.50656354375048, -31.736653744897627, -8.188772462676214, 23.16666451678134), 8.332919836044312)
Day:1 
(1, 29, 200, -33.77817908798261, 484.0, (1.5386007528019423, -17.114210701470665, 53.59071027236247, 6.43713543633234), 8.212774991989136)
Day:1 
(1, 30, 200, -31.53252809851793, 841.0, (3.341627667302165, -14.25244882657078, 3.491941202649785, 30.135608695182764), 8.225955963134766)
Day:1 
(1, 31, 200, -29.996249310340712, 16.0, (4.027280458033314, -12.461992910268465, 3.491941202649785, 19.040143906420507), 7.979234218597412)
Day:1 
(1, 32, 200, -32.68407614679048, 169.0, (-2.0920870364668995, 43.346421549038624, 7.476246134818691, 24.388614295494584), 8.37077784538269)
Day:1 
(1, 33, 200, -32.99744292115227, 144.0, (-31.171692386958625, 13.036898091698513, 7.476246134818691, 40.498377329831285), 8.382588148117065)
Day:1 
(1, 34, 200, -32.49207919047711, 1.0, (-21.97836576854119, -19.35513904935687, 7.476246134818691, 40.498377329831285), 8.354355812072754)
Day:1 
(1, 35, 200, -34.89562331014464, 3364.0, (-14.260611790726854, 0.8691532233315146, -16.28518312379676, 34.803604061918016), 8.233873128890991)
Day:1 
(1, 36, 200, -31.454704555896676, 169.0, (-18.885562393578578, 0.8691532233315146, 3.761879525091, 34.803604061918016), 8.352288961410522)
Day:1 
(1, 37, 200, -30.33391725075562, 144.0, (-18.885562393578578, 0.8691532233315146, 17.03681393951231, 8.37478601223614), 8.50558090209961)
Day:1 
(1, 38, 200, -31.516505105780077, 1225.0, (-10.90569333307617, 0.7929886502483726, 25.188129394454325, 8.37478601223614), 8.46497106552124)
Day:1 
(1, 39, 200, -32.364951144171286, 2025.0, (-19.421949310804028, -2.8747939797419204, 8.883324714684644, 17.66327901971502), 8.159879922866821)
Day:1 
(1, 40, 200, -36.26477015428268, 529.0, (-53.21500915141746, 0.9604218486691692, 47.6920891278999, 5.24314136418738), 8.294085025787354)
Day:1 
(1, 41, 200, -32.989231773711396, 729.0, (2.610506464676641, 0.9604218486691692, 47.6920891278999, 10.230701178107857), 8.639784097671509)
Day:1 
(1, 42, 200, -32.86307508990444, 576.0, (0.7051568725417099, -30.117369812508354, -4.00239800390511, 38.094231587363616), 8.270401000976562)
Day:1 
(1, 43, 200, -31.59317886188504, 196.0, (17.50934600431017, -5.50975513491157, 8.02075835510306, 9.79384415517994), 8.545367956161499)
Day:1 
(1, 44, 200, -32.07091705089409, 361.0, (-41.91800202129076, -5.50975513491157, 10.410055611013613, 4.69634088003085), 8.430954933166504)
Day:1 
(1, 45, 200, -40.73742260805696, 2500.0, (-55.892470181455195, -51.226153657904256, -36.42562826723595, 1.7875931635222422), 7.922366142272949)
Day:1 
(1, 46, 200, -33.47773831631146, 1.0, (-16.759752556275664, -51.226153657904256, -18.978277967436124, -6.631486741172568), 8.541683912277222)
Day:1 
(1, 47, 200, -32.32012491092199, 900.0, (-16.759752556275664, -35.372901855085416, 9.858680373425297, -6.631486741172568), 8.556977987289429)
Day:1 
(1, 48, 200, -30.464245442706574, 25.0, (1.564842799251679, -20.15310250697768, 18.37187467559405, 12.792124063347856), 8.286057949066162)
Day:1 
(1, 49, 200, -31.94126851664811, 36.0, (-11.856330950840896, -20.15310250697768, 18.37187467559405, 34.68237258052613), 8.56710410118103)
Day:1 
(1, 50, 200, -31.41900327962872, 49.0, (-33.03535688338744, -1.0811998034120895, -20.123123715466626, 12.490206030893122), 8.183300971984863)
Day:2 
(2, 0, 200, -14363.536961873959, 1023613.0, (-33.03535688338744, -1.0811998034120895, -20.123123715466626, 12.490206030893122), 10.628962993621826)
Day:2 
(2, 1, 200, -12182.113723116354, 875349.0, (-33.03535688338744, -13.122219746010424, 13.188354319152912, -6.689773082657102), 74.98296213150024)
Day:2 
(2, 2, 200, -11915.022485057762, 778375.0, (-33.03535688338744, -13.122219746010424, 13.188354319152912, -6.549801957921995), 58.80003881454468)
Day:2 
(2, 3, 200, -9022.758053467365, 535754.0, (-14.059666587479136, -13.122219746010424, 13.188354319152912, -6.549801957921995), 59.61281704902649)
Day:2 
(2, 4, 200, -5689.413556013136, 256637.0, (-6.796413378675303, -13.122219746010424, 0.3582824471602975, -6.549801957921995), 119.6138391494751)
Day:2 
(2, 5, 200, -5566.000897497813, 252755.0, (-6.796413378675303, -13.122219746010424, 0.3582824471602975, -6.549801957921995), 271.9495768547058)
Day:2 
(2, 6, 200, -5551.814083652153, 253081.0, (-6.796413378675303, -13.122219746010424, 0.3582824471602975, -6.549801957921995), 277.17684507369995)
Day:2 
(2, 7, 200, -5541.922643144606, 252835.0, (-6.796413378675303, -13.122219746010424, 0.3582824471602975, -6.549801957921995), 257.9046628475189)
Day:2 
(2, 8, 200, -5469.103703978749, 250827.0, (-6.796413378675303, -13.122219746010424, 0.3582824471602975, -6.549801957921995), 273.01073813438416)
Day:2 
(2, 9, 200, -3876.091114186826, 407276.0, (-6.796413378675303, -13.122219746010424, 0.3582824471602975, -4.7848558372508965), 259.49471402168274)
Day:2 
(2, 10, 200, -3824.4610515180116, 391548.0, (-6.796413378675303, -13.122219746010424, 0.3582824471602975, -4.7848558372508965), 215.88043999671936)
Day:2 
(2, 11, 200, -3788.2654121915048, 390814.0, (-6.796413378675303, -13.122219746010424, 0.3582824471602975, -4.7848558372508965), 238.58132696151733)
Day:2 
(2, 12, 200, -3786.4154185672564, 390722.0, (-6.796413378675303, -13.122219746010424, 0.3582824471602975, -4.7848558372508965), 237.95530796051025)
Day:2 
(2, 13, 200, -3759.655841917947, 389580.0, (-6.796413378675303, -13.122219746010424, 0.3582824471602975, -4.7848558372508965), 236.97248005867004)
Day:2 
(2, 14, 200, -3737.8004514244076, 389089.0, (-6.796413378675303, -13.122219746010424, 0.3582824471602975, -4.7848558372508965), 260.40003299713135)
Day:2 
(2, 15, 200, -3491.7050323351928, 389103.0, (-6.796413378675303, -13.122219746010424, 0.3582824471602975, -4.7848558372508965), 254.88663291931152)
Day:2 
(2, 16, 200, -3490.003985025796, 388938.0, (-6.796413378675303, -13.122219746010424, 0.3582824471602975, -4.7848558372508965), 235.84221506118774)
Day:2 
(2, 17, 200, -3375.8886305686647, 388732.0, (-6.796413378675303, -13.122219746010424, 0.3582824471602975, -4.7848558372508965), 250.44754600524902)
Day:2 
(2, 18, 200, -3368.3324286449806, 387751.0, (-6.796413378675303, -13.122219746010424, 0.3582824471602975, -4.7848558372508965), 253.89729690551758)
Day:2 
(2, 19, 200, -3230.492976080207, 300530.0, (-6.796413378675303, -13.122219746010424, 1.8198889948231822, -4.7848558372508965), 207.32167410850525)
Day:2 
(2, 20, 200, -3095.471175492936, 299952.0, (-6.796413378675303, -13.122219746010424, 1.8198889948231822, -4.7848558372508965), 195.65770888328552)
Day:2 
(2, 21, 200, -3060.084685666326, 299498.0, (-6.796413378675303, -13.122219746010424, 1.8198889948231822, -4.7848558372508965), 240.50764298439026)
Day:2 
(2, 22, 200, -2999.584443060968, 298482.0, (-6.796413378675303, -13.122219746010424, 1.8198889948231822, -4.7848558372508965), 186.9694221019745)
Day:2 
(2, 23, 200, -2978.0067624555095, 298178.0, (-6.796413378675303, -13.122219746010424, 1.8198889948231822, -4.7848558372508965), 175.73950290679932)
Day:2 
(2, 24, 200, -2948.929108143268, 296570.0, (-6.796413378675303, -13.122219746010424, 1.8198889948231822, -4.7848558372508965), 224.89867305755615)
Day:2 
(2, 25, 200, -2934.1568196522644, 296350.0, (-6.796413378675303, -13.122219746010424, 1.8198889948231822, -4.7848558372508965), 240.18525910377502)
Day:2 
(2, 26, 200, -2804.1138294768157, 296273.0, (-6.796413378675303, -13.122219746010424, 1.8198889948231822, -4.7848558372508965), 217.9700310230255)
Day:2 
(2, 27, 200, -2788.160443523598, 292525.0, (-6.796413378675303, -13.122219746010424, 1.8198889948231822, -4.7848558372508965), 213.65920996665955)
Day:2 
(2, 28, 200, -2644.9218010812992, 291634.0, (-6.796413378675303, -13.122219746010424, 1.8198889948231822, -4.7848558372508965), 189.9915750026703)
Day:2 
(2, 29, 200, -2596.287172154251, 291298.0, (-6.796413378675303, -13.122219746010424, 1.8198889948231822, -4.7848558372508965), 223.5083088874817)
Day:2 
(2, 30, 200, -2586.460220759031, 289626.0, (-6.796413378675303, -13.122219746010424, 1.8198889948231822, -4.7848558372508965), 225.45134615898132)
Day:2 
(2, 31, 200, -2580.812218342452, 289656.0, (-6.796413378675303, -13.122219746010424, 1.8198889948231822, -4.7848558372508965), 233.92548394203186)
Day:2 
(2, 32, 200, -2575.656079621903, 289638.0, (-6.796413378675303, -13.122219746010424, 1.8198889948231822, -4.7848558372508965), 214.58988785743713)
Day:2 
(2, 33, 200, -2569.138859374021, 289631.0, (-6.796413378675303, -13.122219746010424, 1.8198889948231822, -4.7848558372508965), 203.8482940196991)
Day:2 
(2, 34, 200, -2570.641027471725, 289157.0, (-6.796413378675303, -13.122219746010424, 1.8198889948231822, -4.7848558372508965), 235.79926013946533)
Day:2 
(2, 35, 200, -2567.734582802713, 288978.0, (-6.796413378675303, -13.122219746010424, 1.8198889948231822, -4.7848558372508965), 230.27943992614746)
Day:2 
(2, 36, 200, -2563.1642192494874, 288975.0, (-6.796413378675303, -13.122219746010424, 1.8198889948231822, -4.7848558372508965), 191.1174499988556)
Day:2 
(2, 37, 200, -2559.9129809195615, 288966.0, (-6.796413378675303, -13.122219746010424, 1.8198889948231822, -4.7848558372508965), 197.6539340019226)
Day:2 
(2, 38, 200, -2555.263873298808, 288110.0, (-6.796413378675303, -13.122219746010424, 1.8198889948231822, -4.7848558372508965), 192.24627709388733)
Day:2 
(2, 39, 200, -2553.9130339169883, 288102.0, (-6.796413378675303, -13.122219746010424, 1.8198889948231822, -4.7848558372508965), 209.38892602920532)
Day:2 
(2, 40, 200, -2555.7596992865674, 287495.0, (-6.796413378675303, -13.122219746010424, 1.8198889948231822, -4.7848558372508965), 198.18320989608765)
Day:2 
(2, 41, 200, -2555.0564900642958, 287452.0, (-6.796413378675303, -13.122219746010424, 1.8198889948231822, -4.7848558372508965), 218.70476293563843)
Day:2 
(2, 42, 200, -2554.577607489292, 287438.0, (-6.796413378675303, -13.122219746010424, 1.8198889948231822, -4.7848558372508965), 207.22179412841797)
Day:2 
(2, 43, 200, -2544.4421631214227, 287434.0, (-6.796413378675303, -13.122219746010424, 1.8198889948231822, -4.7848558372508965), 202.87308192253113)
Day:2 
(2, 44, 200, -2545.2916148366894, 287441.0, (-6.796413378675303, -13.122219746010424, 1.8198889948231822, -4.7848558372508965), 230.22041392326355)
Day:2 
(2, 45, 200, -2494.253589561345, 287000.0, (-6.796413378675303, -13.122219746010424, 1.8198889948231822, -4.7848558372508965), 241.26895904541016)
Day:2 
(2, 46, 200, -2448.804454893463, 286801.0, (-6.796413378675303, -13.122219746010424, 1.8198889948231822, -4.7848558372508965), 187.3291199207306)
Day:2 
(2, 47, 200, -2445.9130359918904, 286774.0, (-6.796413378675303, -13.122219746010424, 1.8198889948231822, -4.7848558372508965), 223.90626907348633)
Day:2 
(2, 48, 200, -2442.722863471085, 286753.0, (-6.796413378675303, -13.122219746010424, 1.8198889948231822, -4.7848558372508965), 199.06176209449768)
Day:2 
(2, 49, 200, -2440.0860086237094, 286751.0, (-6.796413378675303, -13.122219746010424, 1.8198889948231822, -4.7848558372508965), 195.9186909198761)
Day:2 
(2, 50, 200, -2440.693604382717, 287487.0, (-6.796413378675303, -13.122219746010424, 1.8198889948231822, -4.7848558372508965), 249.27729105949402)
Day:3 
(3, 0, 200, -7058.881520413222, 309123.0, (-6.796413378675303, -13.122219746010424, 1.8198889948231822, -4.7848558372508965), 19.48871088027954)
Day:3 
(3, 1, 200, -6851.126126594993, 307517.0, (-6.796413378675303, -13.122219746010424, 1.8198889948231822, -4.7848558372508965), 293.3594582080841)
Day:3 
(3, 2, 200, -6788.555142885408, 268000.0, (-6.796413378675303, -13.122219746010424, 1.8198889948231822, -4.7848558372508965), 206.95265078544617)
Day:3 
(3, 3, 200, -6783.007746792727, 268049.0, (-6.796413378675303, -13.122219746010424, 1.8198889948231822, -4.7848558372508965), 289.6239449977875)
Day:3 
(3, 4, 200, -6600.3938860021035, 268081.0, (-6.796413378675303, -13.122219746010424, 1.8198889948231822, -4.7848558372508965), 200.3101990222931)
Day:3 
(3, 5, 200, -6604.391310867309, 268086.0, (-6.796413378675303, -13.122219746010424, 1.8198889948231822, -4.7848558372508965), 211.88852310180664)
Day:3 
(3, 6, 200, -6541.622940214017, 267762.0, (-6.796413378675303, -13.122219746010424, 1.8198889948231822, -4.7848558372508965), 192.16579604148865)
Day:3 
(3, 7, 200, -6420.35682142827, 267738.0, (-6.796413378675303, -13.122219746010424, 1.8198889948231822, -4.7848558372508965), 222.19404196739197)
Day:3 
(3, 8, 200, -6032.779529228841, 267732.0, (-6.796413378675303, -13.122219746010424, 1.8198889948231822, -4.7848558372508965), 250.96151399612427)
Day:3 
(3, 9, 200, -6024.143642380408, 267871.0, (-6.796413378675303, -13.122219746010424, 1.8198889948231822, -4.7848558372508965), 245.59266185760498)
Day:3 
(3, 10, 200, -5999.803249934092, 267743.0, (-6.796413378675303, -13.122219746010424, 1.8198889948231822, -4.7848558372508965), 228.50965213775635)
Day:3 
(3, 11, 200, -5993.187150914833, 267784.0, (-6.796413378675303, -13.122219746010424, 1.8198889948231822, -4.7848558372508965), 275.76807403564453)
Day:3 
(3, 12, 200, -5995.815800184535, 267786.0, (-6.796413378675303, -13.122219746010424, 1.8198889948231822, -4.7848558372508965), 231.29461789131165)
Day:3 
(3, 13, 200, -5989.016880063809, 267766.0, (-6.796413378675303, -13.122219746010424, 1.8198889948231822, -4.7848558372508965), 203.93891716003418)
Day:3 
(3, 14, 200, -5986.200981336864, 267730.0, (-6.796413378675303, -13.122219746010424, 1.8198889948231822, -4.7848558372508965), 225.31548190116882)
Day:3 
(3, 15, 200, -5974.7197431924305, 267723.0, (-6.796413378675303, -13.122219746010424, 1.8198889948231822, -4.7848558372508965), 207.3443078994751)
Day:3 
(3, 16, 200, -5971.24360037019, 267442.0, (-6.796413378675303, -13.122219746010424, 1.8198889948231822, -4.7848558372508965), 197.4477961063385)
Day:3 
(3, 17, 200, -5253.443469554622, 267675.0, (-6.796413378675303, -13.122219746010424, 1.8198889948231822, -4.7848558372508965), 234.09701991081238)
Day:3 
(3, 18, 200, -5247.818734281378, 266868.0, (-6.796413378675303, -13.122219746010424, 1.8198889948231822, -4.7848558372508965), 273.1765761375427)
Day:3 
(3, 19, 200, -5202.6250631491575, 266835.0, (-6.796413378675303, -13.122219746010424, 1.8198889948231822, -4.7848558372508965), 242.45934581756592)
Day:3 
(3, 20, 200, -5202.6769138937225, 266828.0, (-6.796413378675303, -13.122219746010424, 1.8198889948231822, -4.7848558372508965), 219.39502620697021)
Day:3 
(3, 21, 200, -5182.764636721325, 265144.0, (-6.796413378675303, -13.122219746010424, 1.8198889948231822, -4.7848558372508965), 231.79351592063904)
Day:3 
(3, 22, 200, -5178.510849329422, 265190.0, (-6.796413378675303, -13.122219746010424, 1.8198889948231822, -4.7848558372508965), 242.88298296928406)
Day:3 
(3, 23, 200, -5163.775778272119, 264548.0, (-6.796413378675303, -13.122219746010424, 1.8198889948231822, -4.7848558372508965), 266.15227007865906)
Day:3 
(3, 24, 200, -5164.3209408401535, 264549.0, (-6.796413378675303, -13.122219746010424, 1.8198889948231822, -4.7848558372508965), 260.35617089271545)
Day:3 
(3, 25, 200, -5163.317927207024, 264738.0, (-6.796413378675303, -13.122219746010424, 1.8198889948231822, -4.7848558372508965), 225.78897905349731)
Day:3 
(3, 26, 200, -5164.653359911353, 264746.0, (-6.796413378675303, -13.122219746010424, 1.8198889948231822, -4.7848558372508965), 260.52546191215515)
Day:3 
(3, 27, 200, -5166.924868714713, 264823.0, (-6.796413378675303, -13.122219746010424, 1.8198889948231822, -4.7848558372508965), 279.03389406204224)
Day:3 
(3, 28, 200, -5170.623916022131, 264825.0, (-6.796413378675303, -13.122219746010424, 1.8198889948231822, -4.7848558372508965), 233.53578805923462)
Day:3 
(3, 29, 200, -5173.439190505686, 265019.0, (-6.796413378675303, -13.122219746010424, 1.8198889948231822, -4.7848558372508965), 240.29277801513672)
Day:3 
(3, 30, 200, -5170.15947625524, 265980.0, (-6.796413378675303, -13.122219746010424, 1.8198889948231822, -4.7848558372508965), 229.83523797988892)
Day:3 
(3, 31, 200, -5170.493101522604, 265858.0, (-6.796413378675303, -13.122219746010424, 1.8198889948231822, -4.7848558372508965), 269.0540580749512)
Day:3 
(3, 32, 200, -5079.858198563347, 265293.0, (-6.796413378675303, -13.122219746010424, 1.8198889948231822, -4.7848558372508965), 232.09392595291138)
Day:3 
(3, 33, 200, -5063.923319226454, 265318.0, (-6.796413378675303, -13.122219746010424, 1.8198889948231822, -4.7848558372508965), 243.31334900856018)
Day:3 
(3, 34, 200, -5071.493974030155, 265355.0, (-6.796413378675303, -13.122219746010424, 1.8198889948231822, -4.7848558372508965), 212.67181396484375)
Day:3 
(3, 35, 200, -5071.447058881092, 265306.0, (-6.796413378675303, -13.122219746010424, 1.8198889948231822, -4.7848558372508965), 270.0829870700836)
Day:3 
(3, 36, 200, -5064.865655741277, 265301.0, (-6.796413378675303, -13.122219746010424, 1.8198889948231822, -4.7848558372508965), 274.37398195266724)
Day:3 
(3, 37, 200, -5059.681245885512, 265274.0, (-6.796413378675303, -13.122219746010424, 1.8198889948231822, -4.7848558372508965), 262.16531586647034)
Day:3 
(3, 38, 200, -5060.56404678255, 265230.0, (-6.796413378675303, -13.122219746010424, 1.8198889948231822, -4.7848558372508965), 220.19039106369019)
Day:3 
(3, 39, 200, -5046.574910298988, 265219.0, (-6.796413378675303, -13.122219746010424, 1.8198889948231822, -4.7848558372508965), 209.36726689338684)
Day:3 
(3, 40, 200, -4988.283047394754, 265165.0, (-6.796413378675303, -13.122219746010424, 1.8198889948231822, -4.7848558372508965), 188.2254400253296)
Day:3 
(3, 41, 200, -4944.736859297816, 265185.0, (-6.796413378675303, -13.122219746010424, 1.8198889948231822, -4.7848558372508965), 208.57612800598145)
Day:3 
(3, 42, 200, -4943.485711505407, 265177.0, (-6.796413378675303, -13.122219746010424, 1.8198889948231822, -4.7848558372508965), 245.08544611930847)
Day:3 
(3, 43, 200, -4942.487444632072, 265233.0, (-6.796413378675303, -13.122219746010424, 1.8198889948231822, -4.7848558372508965), 256.1669690608978)
Day:3 
(3, 44, 200, -4950.240009515484, 265302.0, (-6.796413378675303, -13.122219746010424, 1.8198889948231822, -4.7848558372508965), 241.89680790901184)
Day:3 
(3, 45, 200, -4955.030469805135, 265344.0, (-6.796413378675303, -13.122219746010424, 1.8198889948231822, -4.7848558372508965), 265.5369210243225)