
Day:1 
(1, 0, 200, -16199.492750582238, 1777091.0, (-11.45822691490914, 39.11076639374051, 59.51164352605658, -21.24380119617254), 4.483648061752319)
Day:1 
(1, 1, 200, -34.591295049493894, 1089.0, (30.04087604766547, 17.844536234189377, -30.20239122479968, 39.71802147851068), 8.699381113052368)
Day:1 
(1, 2, 200, -33.88972404209386, 64.0, (-47.55799969028265, -14.905786794675958, 34.26456249140682, 39.71802147851068), 9.404245853424072)
Day:1 
(1, 3, 200, -32.74516421246672, 324.0, (-43.916979830477615, -14.905786794675958, -20.6852769796766, 9.963240657006542), 9.642850160598755)
Day:1 
(1, 4, 200, -35.13814009455008, 225.0, (-75.72234254045426, -14.905786794675958, 33.36547425311338, 9.963240657006542), 9.507314920425415)
Day:1 
(1, 5, 200, -32.20575737802976, 484.0, (-29.49304688221674, 19.065336543523852, 8.838731444219114, 9.963240657006542), 9.181679010391235)
Day:1 
(1, 6, 200, -33.081516193880546, 1.0, (-29.49304688221674, 19.065336543523852, 50.52699464726496, 9.963240657006542), 10.109551906585693)
Day:1 
(1, 7, 200, -32.88358952565251, 0.0, (-29.49304688221674, -9.60440734675367, 50.52699464726496, 4.1223821920711), 9.916996955871582)
Day:1 
(1, 8, 200, -32.30948702071076, 49.0, (-34.29719319792388, -27.864501566056493, 17.703439959917258, 12.284811475995602), 9.134467124938965)
Day:1 
(1, 9, 200, -39.53380123948159, 4225.0, (-61.839266670320136, -55.182810942556785, -12.36925619210042, 23.58582746298884), 9.101407051086426)
Day:1 
(1, 10, 200, -35.089009201251976, 36.0, (-61.839266670320136, -55.182810942556785, 23.563849163623445, -2.6281792915793973), 9.303658962249756)
Day:1 
(1, 11, 200, -33.75133383492491, 1.0, (-61.839266670320136, -29.3530819624124, 15.186840558690063, -13.292390463747402), 9.64973497390747)
Day:1 
(1, 12, 200, -34.269721988285255, 361.0, (-61.839266670320136, -36.93698860124565, -5.922821121745741, -13.292390463747402), 9.847278118133545)
Day:1 
(1, 13, 200, -35.282453423869626, 2809.0, (-39.50337280343157, -5.306134355557016, 30.50970067492884, 9.293456911501986), 9.572850942611694)
Day:1 
(1, 14, 200, -35.922898151101535, 729.0, (-83.94835239533916, -22.96036139304562, 8.433143379962543, 9.293456911501986), 9.096560955047607)
Day:1 
(1, 15, 200, -36.37232957546722, 625.0, (-83.94835239533916, -39.36205099649863, -6.306945062709606, 9.293456911501986), 9.416076898574829)
Day:1 
(1, 16, 200, -35.30140742184426, 169.0, (-83.94835239533916, -4.749414285803349, 22.245880887498224, -5.361933462734778), 10.010807991027832)
Day:1 
(1, 17, 200, -37.96465519922637, 16.0, (-83.94835239533916, -44.65290671952497, 59.79590930042049, -5.361933462734778), 9.699838161468506)
Day:1 
(1, 18, 200, -34.12743052169583, 16.0, (-8.567117369365642, -44.65290671952497, 59.79590930042049, -10.09344349194579), 9.987485885620117)
Day:1 
(1, 19, 200, -32.79728395428917, 64.0, (-21.671614266458263, -0.45537634367010227, -10.08561371775228, 51.790229184356875), 9.432422161102295)
Day:1 
(1, 20, 200, -33.19644548801074, 49.0, (-40.932698994801264, 19.694847062282786, 31.38758745042716, 30.851431687643313), 9.454219818115234)
Day:1 
(1, 21, 200, -33.87183689013385, 1936.0, (-20.569658861930613, 10.453204038832087, -21.33425577342954, 30.851431687643313), 9.417541980743408)
Day:1 
(1, 22, 200, -33.48447862166092, 16.0, (-25.129698680880125, -26.95398794053701, -47.73548101053354, 30.851431687643313), 9.22747802734375)
Day:1 
(1, 23, 200, -33.45708701969036, 784.0, (-33.53133629157667, -20.115250171449805, 18.949070919022066, 34.92016482824287), 9.692440032958984)
Day:1 
(1, 24, 200, -32.35418324877684, 4.0, (-15.90861405992976, 34.685750184114056, 1.7939047046889434, 33.381527235308134), 9.488564014434814)
Day:1 
(1, 25, 200, -37.14045495102992, 289.0, (62.786090468991276, -17.3924386844118, 43.524543903918065, 67.19623479103424), 9.661282062530518)
Day:1 
(1, 26, 200, -36.54345311069915, 529.0, (-67.30520026690817, -10.599985197398366, -6.416899612494175, 67.19623479103424), 9.856930017471313)
Day:1 
(1, 27, 200, -34.783184715603625, 144.0, (-53.79091528880926, -42.41977903810301, 44.076784598887805, 8.291085146460686), 9.463390827178955)
Day:1 
(1, 28, 200, -33.130691356495454, 361.0, (-53.79091528880926, 9.111604971267415, 15.247427138053183, 9.723921997217122), 10.071491003036499)
Day:1 
(1, 29, 200, -34.36412398400606, 3136.0, (-10.132223215318604, -20.427990962475658, 15.247427138053183, 1.0928577022544417), 9.659876108169556)
Day:1 
(1, 30, 200, -35.44331300200793, 730.0, (0.6568330435785411, -16.604376313770967, 15.247427138053183, -1.376513181307227), 10.177505016326904)
Day:1 
(1, 31, 200, -32.334084997788395, 169.0, (-10.629323590080455, -16.604376313770967, 28.750255828337554, 32.20352525258859), 9.937578916549683)
Day:1 
(1, 32, 200, -35.62376069993846, 144.0, (-38.229368008036296, -62.30162832991166, -42.575657135874245, 32.20352525258859), 9.455968141555786)
Day:1 
(1, 33, 200, -34.03137173002081, 4.0, (-31.312653922243598, -62.30162832991166, -25.931471236992166, 7.391773480985573), 9.35137391090393)
Day:1 
(1, 34, 200, -33.657654262106185, 16.0, (30.612994245086515, -62.30162832991166, -4.0275044919371075, 7.618283664038885), 9.76183009147644)
Day:1 
(1, 35, 200, -34.90315737733437, 4.0, (30.612994245086515, -1.6079094414117139, 10.15475465409205, 78.20108079547194), 9.79374384880066)
Day:1 
(1, 36, 200, -36.07151382967365, 676.0, (-24.860619562356952, -4.131215619036936, 36.62844126065034, 78.20108079547194), 9.804995059967041)
Day:1 
(1, 37, 200, -32.80354684133157, 400.0, (-24.860619562356952, 32.27911565780218, 26.191982726197338, 17.218760956815075), 9.351479053497314)
Day:1 
(1, 38, 200, -32.464901533292505, 361.0, (-13.072918058814196, 7.676013397937229, 40.00173977262458, 17.935739999063173), 10.021426916122437)
Day:1 
(1, 39, 200, -32.56505294168018, 144.0, (-13.072918058814196, 20.105719726561954, 40.00173977262458, 8.911635213445843), 9.885698080062866)
Day:1 
(1, 40, 200, -33.708609012043944, 729.0, (-26.726037393635416, -21.44285201046151, 42.72095036720616, 27.333373120321987), 9.942813873291016)
Day:1 
(1, 41, 200, -33.52232306755064, 25.0, (-45.00960121476927, -46.62553649254788, -21.012432963018014, -0.2227820037351943), 9.612490177154541)
Day:1 
(1, 42, 200, -34.080031843752394, 441.0, (-45.00960121476927, -46.62553649254788, 25.776797518755753, -0.2227820037351943), 10.37223482131958)
Day:1 
(1, 43, 200, -34.21595741157206, 1225.0, (-40.10586969566798, 22.70800964400703, 40.009852645571996, 8.286623374131965), 9.81796908378601)
Day:1 
(1, 44, 200, -31.641801834278034, 1.0, (3.7411013958044923, 22.70800964400703, 11.408712735731543, 14.603786723583307), 9.962114095687866)
Day:1 
(1, 45, 200, -31.934402429702043, 25.0, (25.256071567711842, 3.4491046741385656, 11.269127053927349, 31.577463543621715), 9.784343957901001)
Day:1 
(1, 46, 200, -36.76047004211642, 841.0, (25.78389567117681, -88.146461752634, 11.269127053927349, 19.65122008581844), 10.017802953720093)
Day:1 
(1, 47, 200, -36.47259988786878, 0.0, (16.87062461037157, -88.146461752634, 39.391460933469354, 19.65122008581844), 10.017606019973755)
Day:1 
(1, 48, 200, -34.59571779879449, 81.0, (-50.002705964030994, -30.899522728976862, -5.300949176716772, 54.554000302537574), 10.218151092529297)
Day:1 
(1, 49, 200, -32.54136767362468, 169.0, (-50.002705964030994, 7.365379703273376, -2.8663391594920125, 5.94485607496345), 9.750292778015137)
Day:1 
(1, 50, 200, -32.540312560551094, 81.0, (35.69290848008311, -16.58152818821051, -5.307193661083202, 34.64066599896641), 9.511069059371948)
Day:2 
(2, 0, 200, -14400.188209656677, 1093950.0, (35.69290848008311, -16.58152818821051, -5.307193661083202, 34.64066599896641), 11.909371137619019)
Day:2 
(2, 1, 200, -1930.6731652179722, 136285.0, (14.804151687553565, 43.510760157525866, 61.370584414496314, 34.64066599896641), 45.60896182060242)
Day:2 
(2, 2, 200, -1907.9013653069098, 117596.0, (14.804151687553565, 43.510760157525866, 61.370584414496314, 34.64066599896641), 58.61778712272644)
Day:2 
(2, 3, 200, -1898.7701655746416, 117378.0, (14.804151687553565, 43.510760157525866, 61.370584414496314, 34.64066599896641), 60.04242300987244)
Day:2 
(2, 4, 200, -1884.7247027900764, 117123.0, (14.804151687553565, 43.510760157525866, 61.370584414496314, 34.64066599896641), 53.79436707496643)
Day:2 
(2, 5, 200, -1835.583445661921, 116829.0, (14.804151687553565, 43.510760157525866, 61.370584414496314, 34.64066599896641), 57.5076949596405)
Day:2 
(2, 6, 200, -1828.0857434822074, 110074.0, (14.804151687553565, 43.510760157525866, 61.370584414496314, 34.64066599896641), 54.44039702415466)
Day:2 
(2, 7, 200, -1825.0174114712634, 106825.0, (14.804151687553565, 43.510760157525866, 61.370584414496314, 34.64066599896641), 50.65387988090515)
Day:2 
(2, 8, 200, -1818.5027739381055, 98625.0, (14.804151687553565, 43.510760157525866, 61.370584414496314, 34.64066599896641), 49.050132036209106)
Day:2 
(2, 9, 200, -1818.6587454426542, 98772.0, (14.804151687553565, 43.510760157525866, 61.370584414496314, 34.64066599896641), 54.01604509353638)
Day:2 
(2, 10, 200, -1820.149914912594, 99185.0, (14.804151687553565, 43.510760157525866, 61.370584414496314, 34.64066599896641), 56.040281772613525)
Day:2 
(2, 11, 200, -1821.3243592514148, 99392.0, (14.804151687553565, 43.510760157525866, 61.370584414496314, 34.64066599896641), 60.34584403038025)
Day:2 
(2, 12, 200, -1818.5460179270326, 98537.0, (14.804151687553565, 43.510760157525866, 61.370584414496314, 34.64066599896641), 56.064069986343384)
Day:2 
(2, 13, 200, -1813.6193137942716, 98817.0, (14.804151687553565, 43.510760157525866, 61.370584414496314, 34.64066599896641), 51.35360813140869)
Day:2 
(2, 14, 200, -1813.5214838951472, 98357.0, (14.804151687553565, 43.510760157525866, 61.370584414496314, 34.64066599896641), 50.5407030582428)
Day:2 
(2, 15, 200, -1814.499321879751, 98202.0, (14.804151687553565, 43.510760157525866, 61.370584414496314, 34.64066599896641), 51.33997392654419)
Day:2 
(2, 16, 200, -1813.403126438317, 98394.0, (14.804151687553565, 43.510760157525866, 61.370584414496314, 34.64066599896641), 57.19410490989685)
Day:2 
(2, 17, 200, -1813.4739335858728, 98762.0, (14.804151687553565, 43.510760157525866, 61.370584414496314, 34.64066599896641), 56.34556198120117)
Day:2 
(2, 18, 200, -1813.3604550351176, 98709.0, (14.804151687553565, 43.510760157525866, 61.370584414496314, 34.64066599896641), 50.64225506782532)
Day:2 
(2, 19, 200, -1813.5214838951472, 98357.0, (14.804151687553565, 43.510760157525866, 61.370584414496314, 34.64066599896641), 66.89426398277283)
Day:2 
(2, 20, 200, -1810.3035142099538, 98607.0, (14.804151687553565, 43.510760157525866, 61.370584414496314, 34.64066599896641), 54.470597982406616)
Day:2 
(2, 21, 200, -1811.357806353413, 98855.0, (14.804151687553565, 43.510760157525866, 61.370584414496314, 34.64066599896641), 56.35588216781616)
Day:2 
(2, 22, 200, -1809.7179777648662, 98250.0, (14.804151687553565, 43.510760157525866, 61.370584414496314, 34.64066599896641), 53.25286078453064)
Day:2 
(2, 23, 200, -1809.7539093678515, 98207.0, (14.804151687553565, 43.510760157525866, 61.370584414496314, 34.64066599896641), 60.10780310630798)
Day:2 
(2, 24, 200, -1809.7106653789244, 98295.0, (14.804151687553565, 43.510760157525866, 61.370584414496314, 34.64066599896641), 65.01364803314209)
Day:2 
(2, 25, 200, -1809.9801154342283, 98495.0, (14.804151687553565, 43.510760157525866, 61.370584414496314, 34.64066599896641), 55.9560980796814)
Day:2 
(2, 26, 200, -1809.732579859632, 98342.0, (14.804151687553565, 43.510760157525866, 61.370584414496314, 34.64066599896641), 54.99773597717285)
Day:2 
(2, 27, 200, -1811.0055037281068, 97935.0, (14.804151687553565, 43.510760157525866, 61.370584414496314, 34.64066599896641), 64.14370584487915)
Day:2 
(2, 28, 200, -1810.1254956426274, 98550.0, (14.804151687553565, 43.510760157525866, 61.370584414496314, 34.64066599896641), 55.32035517692566)
Day:2 
(2, 29, 200, -1810.1724207086315, 98055.0, (14.804151687553565, 43.510760157525866, 61.370584414496314, 34.64066599896641), 62.348373889923096)
Day:2 
(2, 30, 200, -1809.9801154342283, 98495.0, (14.804151687553565, 43.510760157525866, 61.370584414496314, 34.64066599896641), 52.00646710395813)
Day:2 
(2, 31, 200, -1809.8178744895686, 98166.0, (14.804151687553565, 43.510760157525866, 61.370584414496314, 34.64066599896641), 54.553672790527344)
Day:2 
(2, 32, 200, -1810.0276657435027, 98090.0, (14.804151687553565, 43.510760157525866, 61.370584414496314, 34.64066599896641), 59.42883515357971)
Day:2 
(2, 33, 200, -1810.3035142099538, 98607.0, (14.804151687553565, 43.510760157525866, 61.370584414496314, 34.64066599896641), 55.87106895446777)
Day:2 
(2, 34, 200, -1772.7372662254054, 98211.0, (14.804151687553565, 43.510760157525866, 61.370584414496314, 34.64066599896641), 59.65865707397461)
Day:2 
(2, 35, 200, -1538.1461635197832, 342657.0, (14.804151687553565, 43.510760157525866, 42.28734915497499, 34.64066599896641), 50.960399866104126)
Day:2 
(2, 36, 200, -1374.8913980132168, 332489.0, (14.804151687553565, 43.510760157525866, 42.28734915497499, 34.64066599896641), 58.85261011123657)
Day:2 
(2, 37, 200, -1365.7855458861543, 330594.0, (14.804151687553565, 43.510760157525866, 42.28734915497499, 34.64066599896641), 54.90922403335571)
Day:2 
(2, 38, 200, -1362.134077064694, 329514.0, (14.804151687553565, 43.510760157525866, 42.28734915497499, 34.64066599896641), 86.62818002700806)
Day:2 
(2, 39, 200, -1210.8816536304817, 329499.0, (14.804151687553565, 43.510760157525866, 42.28734915497499, 34.64066599896641), 54.67924380302429)
Day:2 
(2, 40, 200, -1203.177081857519, 329277.0, (14.804151687553565, 43.510760157525866, 42.28734915497499, 34.64066599896641), 52.817681074142456)
Day:2 
(2, 41, 200, -1152.4414055731909, 278142.0, (14.804151687553565, 43.510760157525866, 42.28734915497499, 34.64066599896641), 56.45714807510376)
Day:2 
(2, 42, 200, -1152.4414055731909, 278142.0, (14.804151687553565, 43.510760157525866, 42.28734915497499, 34.64066599896641), 53.290035009384155)
Day:2 
(2, 43, 200, -1153.5116187930885, 278494.0, (14.804151687553565, 43.510760157525866, 42.28734915497499, 34.64066599896641), 52.79021382331848)
Day:2 
(2, 44, 200, -1150.6464691403264, 277933.0, (14.804151687553565, 43.510760157525866, 42.28734915497499, 34.64066599896641), 53.42296600341797)
Day:2 
(2, 45, 200, -1134.5677049356034, 276606.0, (14.804151687553565, 43.510760157525866, 42.28734915497499, 34.64066599896641), 55.32843613624573)
Day:2 
(2, 46, 200, -1134.5677049356034, 276606.0, (14.804151687553565, 43.510760157525866, 42.28734915497499, 34.64066599896641), 56.950433015823364)
Day:2 
(2, 47, 200, -1134.5677049356034, 276606.0, (14.804151687553565, 43.510760157525866, 42.28734915497499, 34.64066599896641), 55.01448202133179)
Day:2 
(2, 48, 200, -1137.9992072648738, 277334.0, (14.804151687553565, 43.510760157525866, 42.28734915497499, 34.64066599896641), 52.3778350353241)
Day:2 
(2, 49, 200, -1137.9992072648738, 277334.0, (14.804151687553565, 43.510760157525866, 42.28734915497499, 34.64066599896641), 50.28436493873596)
Day:2 
(2, 50, 200, -1135.2483254408962, 276942.0, (14.804151687553565, 43.510760157525866, 42.28734915497499, 34.64066599896641), 52.822237968444824)
Day:3 
(3, 0, 200, -2210.5700050449805, 312715.0, (14.804151687553565, 43.510760157525866, 42.28734915497499, 34.64066599896641), 15.59600305557251)
Day:3 
(3, 1, 200, -2209.0829234256844, 312454.0, (14.804151687553565, 43.510760157525866, 42.28734915497499, 34.64066599896641), 111.06808185577393)
Day:3 
(3, 2, 200, -2197.7557390980437, 311121.0, (14.804151687553565, 43.510760157525866, 42.28734915497499, 34.64066599896641), 123.93889498710632)
Day:3 
(3, 3, 200, -2197.3549138681374, 311038.0, (14.804151687553565, 43.510760157525866, 42.28734915497499, 34.64066599896641), 113.12464714050293)
Day:3 
(3, 4, 200, -2134.6382820085573, 306892.0, (14.804151687553565, 43.510760157525866, 42.28734915497499, 34.64066599896641), 120.7991669178009)
Day:3 
(3, 5, 200, -2134.6382820085573, 306892.0, (14.804151687553565, 43.510760157525866, 42.28734915497499, 34.64066599896641), 108.68105506896973)
Day:3 
(3, 6, 200, -2134.6382820085573, 306892.0, (14.804151687553565, 43.510760157525866, 42.28734915497499, 34.64066599896641), 121.7729480266571)
Day:3 
(3, 7, 200, -2116.5784849842166, 306372.0, (14.804151687553565, 43.510760157525866, 42.28734915497499, 34.64066599896641), 119.80648803710938)
Day:3 
(3, 8, 200, -2116.5784849842166, 306372.0, (14.804151687553565, 43.510760157525866, 42.28734915497499, 34.64066599896641), 120.92205882072449)
Day:3 
(3, 9, 200, -2064.2336886863595, 232047.0, (14.804151687553565, 43.510760157525866, 42.28734915497499, 34.64066599896641), 117.01089906692505)
Day:3 
(3, 10, 200, -2047.267719881909, 231214.0, (14.804151687553565, 43.510760157525866, 42.28734915497499, 34.64066599896641), 108.14680790901184)
Day:3 
(3, 11, 200, -2047.267719881909, 231214.0, (14.804151687553565, 43.510760157525866, 42.28734915497499, 34.64066599896641), 114.35139513015747)
Day:3 
(3, 12, 200, -2035.7920217089566, 231195.0, (14.804151687553565, 43.510760157525866, 42.28734915497499, 34.64066599896641), 100.76505398750305)
Day:3 
(3, 13, 200, -2034.1807881474701, 230670.0, (14.804151687553565, 43.510760157525866, 42.28734915497499, 34.64066599896641), 119.3339569568634)
Day:3 
(3, 14, 200, -2034.1807881474701, 230670.0, (14.804151687553565, 43.510760157525866, 42.28734915497499, 34.64066599896641), 119.07215595245361)
Day:3 
(3, 15, 200, -2034.6271091268263, 230883.0, (14.804151687553565, 43.510760157525866, 42.28734915497499, 34.64066599896641), 131.99368405342102)
Day:3 
(3, 16, 200, -2034.6271091268263, 230883.0, (14.804151687553565, 43.510760157525866, 42.28734915497499, 34.64066599896641), 129.0552680492401)
Day:3 
(3, 17, 200, -2034.6271091268263, 230883.0, (14.804151687553565, 43.510760157525866, 42.28734915497499, 34.64066599896641), 124.6696548461914)
Day:3 
(3, 18, 200, -2029.6657560227763, 223619.0, (14.804151687553565, 43.510760157525866, 42.28734915497499, 34.64066599896641), 123.6230731010437)
Day:3 
(3, 19, 200, -2034.000081777242, 229968.0, (14.804151687553565, 43.510760157525866, 42.28734915497499, 34.64066599896641), 108.20266199111938)
Day:3 
(3, 20, 200, -2034.000081777242, 229968.0, (14.804151687553565, 43.510760157525866, 42.28734915497499, 34.64066599896641), 118.11204409599304)
Day:3 
(3, 21, 200, -2034.000081777242, 229968.0, (14.804151687553565, 43.510760157525866, 42.28734915497499, 34.64066599896641), 112.95003390312195)
Day:3 
(3, 22, 200, -2034.000081777242, 229968.0, (14.804151687553565, 43.510760157525866, 42.28734915497499, 34.64066599896641), 118.25607514381409)
Day:3 
(3, 23, 200, -2034.000081777242, 229968.0, (14.804151687553565, 43.510760157525866, 42.28734915497499, 34.64066599896641), 112.10791182518005)
Day:3 
(3, 24, 200, -2034.000081777242, 229968.0, (14.804151687553565, 43.510760157525866, 42.28734915497499, 34.64066599896641), 121.6793839931488)
Day:3 
(3, 25, 200, -2028.3951748136988, 229951.0, (14.804151687553565, 43.510760157525866, 42.28734915497499, 34.64066599896641), 105.45778608322144)
Day:3 
(3, 26, 200, -2028.3951748136988, 229951.0, (14.804151687553565, 43.510760157525866, 42.28734915497499, 34.64066599896641), 108.14948105812073)
Day:3 
(3, 27, 200, -2028.3951748136988, 229951.0, (14.804151687553565, 43.510760157525866, 42.28734915497499, 34.64066599896641), 120.49129796028137)
Day:3 
(3, 28, 200, -2028.3951748136988, 229951.0, (14.804151687553565, 43.510760157525866, 42.28734915497499, 34.64066599896641), 114.9458498954773)
Day:3 
(3, 29, 200, -2029.960912625736, 230346.0, (14.804151687553565, 43.510760157525866, 42.28734915497499, 34.64066599896641), 118.53306198120117)
Day:3 
(3, 30, 200, -2029.960912625736, 230346.0, (14.804151687553565, 43.510760157525866, 42.28734915497499, 34.64066599896641), 118.9000551700592)
Day:3 
(3, 31, 200, -2029.960912625736, 230346.0, (14.804151687553565, 43.510760157525866, 42.28734915497499, 34.64066599896641), 120.26354193687439)
Day:3 
(3, 32, 200, -2029.960912625736, 230346.0, (14.804151687553565, 43.510760157525866, 42.28734915497499, 34.64066599896641), 112.40243887901306)
Day:3 
(3, 33, 200, -2029.3358375409866, 229433.0, (14.804151687553565, 43.510760157525866, 42.28734915497499, 34.64066599896641), 117.0382571220398)
Day:3 
(3, 34, 200, -2029.3358375409866, 229433.0, (14.804151687553565, 43.510760157525866, 42.28734915497499, 34.64066599896641), 122.95904898643494)
Day:3 
(3, 35, 200, -2025.2321197308274, 229517.0, (14.804151687553565, 43.510760157525866, 42.28734915497499, 34.64066599896641), 116.26156687736511)
Day:3 
(3, 36, 200, -2023.3442128816253, 229173.0, (14.804151687553565, 43.510760157525866, 42.28734915497499, 34.64066599896641), 115.46517300605774)
Day:3 
(3, 37, 200, -2023.3442128816253, 229173.0, (14.804151687553565, 43.510760157525866, 42.28734915497499, 34.64066599896641), 124.50587320327759)
Day:3 
(3, 38, 200, -2023.3442128816253, 229173.0, (14.804151687553565, 43.510760157525866, 42.28734915497499, 34.64066599896641), 119.13909196853638)
Day:3 
(3, 39, 200, -2023.3442128816253, 229173.0, (14.804151687553565, 43.510760157525866, 42.28734915497499, 34.64066599896641), 123.9338698387146)
Day:3 
(3, 40, 200, -2023.3442128816253, 229173.0, (14.804151687553565, 43.510760157525866, 42.28734915497499, 34.64066599896641), 115.69114899635315)
Day:3 
(3, 41, 200, -2023.3442128816253, 229173.0, (14.804151687553565, 43.510760157525866, 42.28734915497499, 34.64066599896641), 121.04087400436401)
Day:3 
(3, 42, 200, -2023.3442128816253, 229173.0, (14.804151687553565, 43.510760157525866, 42.28734915497499, 34.64066599896641), 116.65919208526611)
Day:3 
(3, 43, 200, -2023.3442128816253, 229173.0, (14.804151687553565, 43.510760157525866, 42.28734915497499, 34.64066599896641), 116.6899299621582)
Day:3 
(3, 44, 200, -2021.269755137557, 229122.0, (14.804151687553565, 43.510760157525866, 42.28734915497499, 34.64066599896641), 119.7842321395874)
Day:3 
(3, 45, 200, -2021.269755137557, 229122.0, (14.804151687553565, 43.510760157525866, 42.28734915497499, 34.64066599896641), 115.35013389587402)
Day:3 
(3, 46, 200, -2021.269755137557, 229122.0, (14.804151687553565, 43.510760157525866, 42.28734915497499, 34.64066599896641), 170.08667707443237)
Day:3 
(3, 47, 200, -2021.269755137557, 229122.0, (14.804151687553565, 43.510760157525866, 42.28734915497499, 34.64066599896641), 125.17419505119324)
Day:3 
(3, 48, 200, -2021.269755137557, 229122.0, (14.804151687553565, 43.510760157525866, 42.28734915497499, 34.64066599896641), 122.06404995918274)
Day:3 
(3, 49, 200, -2021.269755137557, 229122.0, (14.804151687553565, 43.510760157525866, 42.28734915497499, 34.64066599896641), 113.87052702903748)
Day:3 
(3, 50, 200, -2021.269755137557, 229122.0, (14.804151687553565, 43.510760157525866, 42.28734915497499, 34.64066599896641), 111.77117800712585)