
Day:1 
(1, 0, 200, -16177.02642288231, 1564714.0, (6.017863604150708, 6.3007619280013385, 35.19513327057472, 0.7632063444179993), 4.0237579345703125)
Day:1 
(1, 1, 200, -38.086709194779004, 139.0, (6.017863604150708, 0.11312452214743668, 24.888411064411674, 5.379200305468064), 8.26800799369812)
Day:1 
(1, 2, 200, -25.049445942237423, 441.0, (7.441971914541264, 0.11312452214743668, 1.1159923789956172, 9.31469421243082), 8.305991888046265)
Day:1 
(1, 3, 200, -24.34293703375447, 961.0, (0.3203427290083513, 0.11312452214743668, 3.164264552012913, 9.90077326202524), 8.414798021316528)
Day:1 
(1, 4, 200, -23.44469677184502, 36.0, (0.3203427290083513, 0.11312452214743668, 3.164264552012913, 9.90077326202524), 9.401149034500122)
Day:1 
(1, 5, 200, -29.49573762268433, 576.0, (22.471410141592976, 8.15178270445732, 1.5519717849540355, 21.982654037390926), 8.079636096954346)
Day:1 
(1, 6, 200, -30.47439110712532, 16.0, (27.97513407396413, 8.15178270445732, 4.269992815625202, 35.74367924185764), 8.38789701461792)
Day:1 
(1, 7, 200, -28.14029380470453, 1.0, (27.97513407396413, 1.5331752850643128, 0.9304781349481435, 26.6103580756025), 8.665077924728394)
Day:1 
(1, 8, 200, -35.27249542504295, 3721.0, (8.40536864868797, 5.647747518746703, 55.359582144062095, 26.6103580756025), 8.73424506187439)
Day:1 
(1, 9, 200, -28.127746806639838, 1156.0, (0.9827609815506875, 0.18114837210518658, 55.359582144062095, 6.513746739742814), 8.621186017990112)
Day:1 
(1, 10, 200, -28.07187028391363, 81.0, (2.741916964634428, 0.10948944428042699, 55.359582144062095, 16.405866194889814), 8.380971908569336)
Day:1 
(1, 11, 200, -25.7812128939295, 49.0, (2.741916964634428, 1.0455969352555174, 1.5263449317732967, 16.35115245897483), 8.649296998977661)
Day:1 
(1, 12, 200, -27.51672966660065, 441.0, (2.741916964634428, 1.0455969352555174, 11.81481757918423, 16.35115245897483), 8.68163514137268)
Day:1 
(1, 13, 200, -27.130042962668675, 36.0, (2.741916964634428, 0.0844859797547709, 8.891246992319926, 49.62422306838536), 8.37075400352478)
Day:1 
(1, 14, 200, -25.83122481379736, 49.0, (0.47214214964375706, 0.01305030524892386, 16.962197228131828, 49.62422306838536), 8.259826898574829)
Day:1 
(1, 15, 200, -28.64309958483922, 144.0, (8.329251027745372, 5.11705109209311, 4.757427207837885, 25.01946941600191), 8.514188051223755)
Day:1 
(1, 16, 200, -30.143512400639352, 441.0, (3.883295232882863, 18.871616582456372, 8.566249802889752, 30.274337069464604), 8.381357908248901)
Day:1 
(1, 17, 200, -26.194491511094004, 484.0, (23.089439089506804, 0.0022774528560180266, 8.566249802889752, 21.88790146553762), 8.76867413520813)
Day:1 
(1, 18, 200, -30.731336415870437, 961.0, (23.089439089506804, 15.688646211660284, 1.126932148773884, 21.88790146553762), 9.082610845565796)
Day:1 
(1, 19, 200, -33.50693909457759, 49.0, (23.089439089506804, 39.979842424674985, 11.372840772626589, 54.85849147263801), 8.664777040481567)
Day:1 
(1, 20, 200, -32.793511127914385, 81.0, (23.089439089506804, 43.245429465409295, 3.1752100644467776, 54.85849147263801), 8.670533895492554)
Day:1 
(1, 21, 200, -26.82240558364433, 841.0, (0.008661773468930097, 4.126739436544083, 3.143959981015171, 61.000069213189875), 8.432707071304321)
Day:1 
(1, 22, 200, -25.882716803460795, 196.0, (1.3898613675703344, 4.126739436544083, 0.47578030070080085, 19.495222251639273), 8.536773920059204)
Day:1 
(1, 23, 200, -27.608349987466852, 196.0, (9.771815399133793, 13.398333982570824, 0.12746991313685105, 25.231363895950853), 8.504386186599731)
Day:1 
(1, 24, 200, -28.104599535868076, 64.0, (9.771815399133793, 22.799894347358357, 0.14582058245102367, 25.231363895950853), 8.907100915908813)
Day:1 
(1, 25, 200, -30.329198411453124, 49.0, (9.771815399133793, 5.767238613986146, 8.208364241232246, 52.42137437678363), 9.081006050109863)
Day:2 
(2, 0, 200, -14380.471915057818, 1059390.0, (9.771815399133793, 5.767238613986146, 8.208364241232246, 52.42137437678363), 10.457942962646484)
Day:2 
(2, 1, 200, -14316.66767417613, 934678.0, (9.771815399133793, 3.0674573064385653, 8.208364241232246, 52.42137437678363), 42.40877604484558)
Day:2 
(2, 2, 200, -14301.713207460341, 906678.0, (9.771815399133793, 3.0674573064385653, 3.299835696939392, 52.42137437678363), 57.4615318775177)
Day:2 
(2, 3, 200, -3745.6356952422693, 130711.0, (9.771815399133793, 44.39473995601415, 93.66440899231965, 52.42137437678363), 51.12368106842041)
Day:2 
(2, 4, 200, -3733.959796921151, 128590.0, (9.771815399133793, 44.39473995601415, 93.66440899231965, 52.42137437678363), 49.21550512313843)
Day:2 
(2, 5, 200, -3726.3054848513393, 126830.0, (9.771815399133793, 44.39473995601415, 93.66440899231965, 52.42137437678363), 47.52556085586548)
Day:2 
(2, 6, 200, -3727.0904840784688, 126705.0, (9.771815399133793, 44.39473995601415, 93.66440899231965, 52.42137437678363), 48.07532501220703)
Day:2 
(2, 7, 200, -3724.4941165551827, 124863.0, (9.771815399133793, 44.39473995601415, 93.66440899231965, 52.42137437678363), 47.84108209609985)
Day:2 
(2, 8, 200, -3722.8651481689685, 124959.0, (9.771815399133793, 44.39473995601415, 93.66440899231965, 52.42137437678363), 50.32334089279175)
Day:2 
(2, 9, 200, -3722.3281122513254, 124837.0, (9.771815399133793, 44.39473995601415, 93.66440899231965, 52.42137437678363), 49.58001112937927)
Day:2 
(2, 10, 200, -3722.641948080466, 125377.0, (9.771815399133793, 44.39473995601415, 93.66440899231965, 52.42137437678363), 49.69707179069519)
Day:2 
(2, 11, 200, -3721.0748893304617, 124909.0, (9.771815399133793, 44.39473995601415, 93.66440899231965, 52.42137437678363), 47.535784006118774)
Day:2 
(2, 12, 200, -3723.0125504797234, 125070.0, (9.771815399133793, 44.39473995601415, 93.66440899231965, 52.42137437678363), 46.9143590927124)
Day:2 
(2, 13, 200, -3724.4277722440047, 125070.0, (9.771815399133793, 44.39473995601415, 93.66440899231965, 52.42137437678363), 52.768218994140625)
Day:2 
(2, 14, 200, -3720.83017339636, 124998.0, (9.771815399133793, 44.39473995601415, 93.66440899231965, 52.42137437678363), 52.10003209114075)
Day:2 
(2, 15, 200, -3718.4579124465636, 124179.0, (9.771815399133793, 44.39473995601415, 93.66440899231965, 52.42137437678363), 47.80621290206909)
Day:2 
(2, 16, 200, -3718.685195713615, 124148.0, (9.771815399133793, 44.39473995601415, 93.66440899231965, 52.42137437678363), 48.354581117630005)
Day:2 
(2, 17, 200, -3721.393582325868, 124818.0, (9.771815399133793, 44.39473995601415, 93.66440899231965, 52.42137437678363), 50.283116817474365)
Day:2 
(2, 18, 200, -3720.328841982099, 124123.0, (9.771815399133793, 44.39473995601415, 93.66440899231965, 52.42137437678363), 50.924339056015015)
Day:2 
(2, 19, 200, -3719.9806523098587, 124006.0, (9.771815399133793, 44.39473995601415, 93.66440899231965, 52.42137437678363), 50.164101123809814)
Day:2 
(2, 20, 200, -3719.6877829169516, 123966.0, (9.771815399133793, 44.39473995601415, 93.66440899231965, 52.42137437678363), 48.08900284767151)
Day:2 
(2, 21, 200, -3719.26811605523, 123915.0, (9.771815399133793, 44.39473995601415, 93.66440899231965, 52.42137437678363), 48.115554094314575)
Day:2 
(2, 22, 200, -3720.1581868466665, 124083.0, (9.771815399133793, 44.39473995601415, 93.66440899231965, 52.42137437678363), 48.15228605270386)
Day:2 
(2, 23, 200, -3722.936130888501, 125011.0, (9.771815399133793, 44.39473995601415, 93.66440899231965, 52.42137437678363), 51.78891181945801)
Day:2 
(2, 24, 200, -3719.836871968667, 124554.0, (9.771815399133793, 44.39473995601415, 93.66440899231965, 52.42137437678363), 49.39002203941345)
Day:2 
(2, 25, 200, -3720.420649013461, 123874.0, (9.771815399133793, 44.39473995601415, 93.66440899231965, 52.42137437678363), 49.30888295173645)