
Day:1 
(1, 0, 200, -3337.5681128581364, 1889768.0, (-196.57371189987208, 192.60121891990147, 179.58327521836995, 30.089477797500887), 4.1534810066223145)
Day:1 
(1, 1, 200, -42.883789307822255, 900.0, (-196.57371189987208, -116.42092162993325, 179.58327521836995, 199.76466243275564), 9.511502027511597)
Day:1 
(1, 2, 200, -37.128858785514225, 121.0, (-33.88937184850839, 45.77354586334062, 36.177695067460995, 144.0002681875906), 21.948934078216553)
Day:1 
(1, 3, 200, -38.13539644729982, 324.0, (35.182582890274254, -176.1981433574549, 21.95964985557953, 92.0700179948607), 8.576133966445923)
Day:1 
(1, 4, 200, -38.36167805095128, 4.0, (-185.17662440241827, -95.60027841720809, 21.95964985557953, 92.0700179948607), 9.036198854446411)
Day:1 
(1, 5, 200, -37.79827244144354, 1369.0, (55.283424462383195, 67.71226412504137, 21.95964985557953, 69.43396651711548), 8.841719150543213)
Day:1 
(1, 6, 200, -38.017972688886374, 25.0, (55.283424462383195, -85.45757435637246, -44.044314402041046, 181.29221175632736), 8.86258602142334)
Day:1 
(1, 7, 200, -37.911835563084395, 196.0, (63.08614897906783, 22.612318114975, 45.226442733513615, 181.29221175632736), 9.006896018981934)
Day:1 
(1, 8, 200, -41.763358093386046, 3600.0, (-108.44162215407572, 27.697313560278346, -16.118327211929717, 181.29221175632736), 8.735874891281128)
Day:1 
(1, 9, 200, -38.18742993773674, 441.0, (12.19724748410951, -69.78162454021523, -50.97141469466697, 181.29221175632736), 8.439657926559448)
Day:1 
(1, 10, 200, -36.04896900045787, 25.0, (0.7071713217983336, -69.78162454021523, -6.185476553219175, 27.84268476856019), 8.529884099960327)
Day:1 
(1, 11, 200, -37.412617387108085, 121.0, (77.04139992594601, -69.78162454021523, -6.185476553219175, 142.71402340254812), 8.885247945785522)
Day:1 
(1, 12, 200, -38.582747292629385, 25.0, (4.453086878884745, -70.16367995344592, 176.4977318312233, 142.71402340254812), 8.853008031845093)
Day:1 
(1, 13, 200, -43.77929244587277, 16.0, (112.75523961291269, 198.57605476862872, 176.4977318312233, 277.96440689371343), 8.652554035186768)
Day:1 
(1, 14, 200, -41.69281798804644, 1521.0, (88.76133782891807, -10.236496964963171, -49.36964587290296, 277.96440689371343), 8.656599998474121)
Day:1 
(1, 15, 200, -37.35668206786232, 289.0, (88.76133782891807, 94.5162138224291, -9.729069122609726, 99.59291090345106), 8.93432903289795)
Day:1 
(1, 16, 200, -36.5660101806567, 81.0, (-0.24172154605068583, 69.60210049629642, -9.729069122609726, 99.59291090345106), 9.036971807479858)
Day:1 
(1, 17, 200, -37.43005629559026, 484.0, (-104.03195215434276, 53.34370615606792, 30.20231126719149, 99.59291090345106), 8.606104135513306)
Day:1 
(1, 18, 200, -39.93476407607467, 1681.0, (-0.9695669810724867, -196.60229235983047, 25.12579290164135, 99.59291090345106), 8.682188987731934)
Day:1 
(1, 19, 200, -40.45761898607777, 1225.0, (-136.7395545526456, -198.8633142063674, 111.00024409986095, 10.269107877408265), 8.483045101165771)
Day:1 
(1, 20, 200, -38.22842481740281, 729.0, (-136.7395545526456, -52.19348218806993, 111.00024409986095, 44.280841393019465), 9.092976808547974)
Day:1 
(1, 21, 200, -40.87563651470454, 4761.0, (-32.53713002960565, 48.76113578485778, 77.19893120445526, 44.280841393019465), 8.731384992599487)
Day:1 
(1, 22, 200, -37.443328438172045, 961.0, (-74.8909389016688, 48.76113578485778, 77.19893120445526, 18.355693574013237), 9.334707021713257)
Day:1 
(1, 23, 200, -36.614043536286964, 144.0, (-74.8909389016688, -17.282526058179513, -35.57490031036929, 87.29164804382765), 8.571798086166382)
Day:1 
(1, 24, 200, -36.99186518934209, 64.0, (-130.53990069585515, -17.282526058179513, -77.26619192123833, 20.44184871194701), 8.870665073394775)
Day:1 
(1, 25, 200, -36.46402918087568, 169.0, (-44.9438055773912, -42.64940432287918, 64.85765504374069, 57.10988152014585), 8.630131006240845)
Day:1 
(1, 26, 200, -37.124378302220194, 4.0, (-44.9438055773912, 129.28273017757007, 75.41594713592288, 57.10988152014585), 8.898420810699463)
Day:1 
(1, 27, 200, -38.19282436555443, 324.0, (-44.9438055773912, -151.17255080331736, -94.27012538204885, 95.43592645122318), 8.59978699684143)
Day:1 
(1, 28, 200, -36.25882614799882, 100.0, (-3.28475392451677, -67.52675343162628, 52.21439779850118, 32.006386542460824), 8.651079177856445)
Day:1 
(1, 29, 200, -38.26393484530079, 1600.0, (14.363508914683013, 41.04765688885092, 35.0582994215708, 119.78329921348978), 8.543080806732178)
Day:1 
(1, 30, 200, -36.31829231540839, 64.0, (-45.898104156278286, -83.8995331049081, 35.0582994215708, -7.1564346649095665), 8.66128921508789)
Day:1 
(1, 31, 200, -36.80565168411846, 169.0, (32.591770584092814, -83.8995331049081, 98.25954152097475, -7.1564346649095665), 8.981316804885864)
Day:1 
(1, 32, 200, -36.51489015307766, 121.0, (32.591770584092814, -83.8995331049081, 69.48846171674825, -7.1564346649095665), 9.426176071166992)
Day:1 
(1, 33, 200, -38.84440123394107, 289.0, (1.2415015557525069, -83.8995331049081, -55.821412726490635, 215.46209800754124), 8.988595962524414)
Day:1 
(1, 34, 200, -36.985592002883806, 144.0, (41.029231381258256, -116.0691065841285, 79.87728630650902, 26.22778908131601), 8.385195970535278)
Day:1 
(1, 35, 200, -36.92362090593705, 256.0, (-73.33450885044694, -69.38397211833616, -86.74787130249442, 26.22778908131601), 9.261048078536987)
Day:1 
(1, 36, 200, -39.06220752395836, 841.0, (-18.810277514338893, -141.2030913601619, -86.74787130249442, 146.01122490320128), 9.030153036117554)
Day:1 
(1, 37, 200, -39.42290420787664, 144.0, (-74.56356544227144, -151.31540850483958, 59.728717996619444, 196.6514514623256), 8.729904890060425)
Day:1 
(1, 38, 200, -36.6809229958336, 169.0, (73.42797312386865, -60.62511679930904, 37.5462007195024, 71.88920934724948), 8.908770084381104)
Day:1 
(1, 39, 200, -39.624063760035526, 2025.0, (-68.70256698529089, -138.12731500802087, -99.81462722465801, 45.547751120822575), 8.566550970077515)
Day:1 
(1, 40, 200, -38.305395763955254, 784.0, (88.68444462979673, -120.10264110360141, 107.60452838735641, 48.02814763189572), 8.73128890991211)
Day:1 
(1, 41, 200, -38.06290801747517, 400.0, (-43.554238176931385, -149.8268880130033, 107.60452838735641, 48.02814763189572), 8.723803043365479)
Day:1 
(1, 42, 200, -36.243503265485025, 4.0, (39.02284478174121, -56.539838505888085, -46.80059210683823, 56.1759888405622), 8.59070897102356)
Day:1 
(1, 43, 200, -37.09304185749224, 441.0, (-104.69372565099778, -56.164226201592044, 36.3936712427019, 56.1759888405622), 9.276533126831055)
Day:1 
(1, 44, 200, -36.940164305113726, 441.0, (-104.69372565099778, -56.164226201592044, 36.3936712427019, -9.909120780611477), 9.281782865524292)
Day:1 
(1, 45, 200, -43.39891756436796, 3600.0, (-104.69372565099778, -56.164226201592044, 263.9906534574562, -9.355125155953141), 9.20592713356018)
Day:1 
(1, 46, 200, -39.773589103224296, 3136.0, (82.95169581886434, -56.164226201592044, 69.2581935837471, 73.57462490684622), 9.505091905593872)
Day:1 
(1, 47, 200, -38.010082425033644, 25.0, (-40.65319082232933, -72.10355530949215, -25.709761740268018, 193.63785779570068), 9.310697078704834)
Day:1 
(1, 48, 200, -37.08789057715928, 289.0, (-64.84607535862222, 97.71520627127758, -36.062862578052005, 77.19005767071654), 9.017550945281982)
Day:1 
(1, 49, 200, -38.05262486340101, 1296.0, (-45.95298905716753, 97.71520627127758, -59.82489503478562, 77.19005767071654), 9.661436080932617)
Day:1 
(1, 50, 200, -39.4003807586066, 1296.0, (-170.48986810303109, 97.71520627127758, -59.82489503478562, 77.19005767071654), 9.603901863098145)
Day:2 
(2, 0, 200, -14388.339742850463, 1053693.0, (-170.48986810303109, 97.71520627127758, -59.82489503478562, 77.19005767071654), 11.507212162017822)
Day:2 
(2, 1, 200, -14056.139450828508, 982522.0, (-170.48986810303109, 97.71520627127758, 163.9406307840848, 77.19005767071654), 42.639808893203735)
Day:2 
(2, 2, 200, -5293.158707390365, 622628.0, (32.17157655804861, 97.71520627127758, 95.35730770162138, 77.19005767071654), 42.24647498130798)
Day:2 
(2, 3, 200, -4870.856730229559, 144240.0, (52.084562179693236, 97.71520627127758, 95.35730770162138, 77.19005767071654), 44.598353147506714)
Day:2 
(2, 4, 200, -4870.856730229559, 144240.0, (52.084562179693236, 97.71520627127758, 95.35730770162138, 77.19005767071654), 46.10920691490173)
Day:2 
(2, 5, 200, -4875.343707372721, 148840.0, (52.084562179693236, 97.71520627127758, 95.35730770162138, 77.19005767071654), 46.089054107666016)
Day:2 
(2, 6, 200, -4068.310128121093, 146157.0, (52.084562179693236, 97.71520627127758, 95.35730770162138, 77.19005767071654), 45.36255979537964)
Day:2 
(2, 7, 200, -4048.7068764642936, 118317.0, (52.084562179693236, 97.71520627127758, 95.35730770162138, 77.19005767071654), 47.74476408958435)
Day:2 
(2, 8, 200, -4048.7068764642936, 118317.0, (52.084562179693236, 97.71520627127758, 95.35730770162138, 77.19005767071654), 47.0172860622406)
Day:2 
(2, 9, 200, -4048.7068764642936, 118317.0, (52.084562179693236, 97.71520627127758, 95.35730770162138, 77.19005767071654), 45.49090504646301)
Day:2 
(2, 10, 200, -4046.451268139471, 117925.0, (52.084562179693236, 97.71520627127758, 95.35730770162138, 77.19005767071654), 48.29469680786133)
Day:2 
(2, 11, 200, -4045.3885929322423, 117732.0, (52.084562179693236, 97.71520627127758, 95.35730770162138, 77.19005767071654), 46.62990117073059)
Day:2 
(2, 12, 200, -4045.3885929322423, 117732.0, (52.084562179693236, 97.71520627127758, 95.35730770162138, 77.19005767071654), 46.1849148273468)
Day:2 
(2, 13, 200, -4045.3885929322423, 117732.0, (52.084562179693236, 97.71520627127758, 95.35730770162138, 77.19005767071654), 45.67639708518982)
Day:2 
(2, 14, 200, -4045.3885929322423, 117732.0, (52.084562179693236, 97.71520627127758, 95.35730770162138, 77.19005767071654), 45.62762689590454)
Day:2 
(2, 15, 200, -4045.3885929322423, 117732.0, (52.084562179693236, 97.71520627127758, 95.35730770162138, 77.19005767071654), 46.43881416320801)
Day:2 
(2, 16, 200, -4045.140415117844, 117475.0, (52.084562179693236, 97.71520627127758, 95.35730770162138, 77.19005767071654), 50.12540888786316)
Day:2 
(2, 17, 200, -4042.2017959043233, 116908.0, (52.084562179693236, 97.71520627127758, 95.35730770162138, 77.19005767071654), 47.59249210357666)
Day:2 
(2, 18, 200, -4042.2017959043233, 116908.0, (52.084562179693236, 97.71520627127758, 95.35730770162138, 77.19005767071654), 45.80753207206726)
Day:2 
(2, 19, 200, -3311.02678801186, 116719.0, (52.084562179693236, 97.71520627127758, 95.35730770162138, 77.19005767071654), 47.0700888633728)
Day:2 
(2, 20, 200, -2997.614798109219, 113318.0, (52.084562179693236, 97.71520627127758, 95.35730770162138, 60.792146813292035), 50.09767699241638)
Day:2 
(2, 21, 200, -2965.39727586946, 93474.0, (52.084562179693236, 97.71520627127758, 95.35730770162138, 60.792146813292035), 54.48273706436157)
Day:2 
(2, 22, 200, -2940.856494094156, 92906.0, (52.084562179693236, 97.71520627127758, 95.35730770162138, 60.792146813292035), 54.99321699142456)
Day:2 
(2, 23, 200, -2933.8807049363204, 91854.0, (52.084562179693236, 97.71520627127758, 95.35730770162138, 60.792146813292035), 57.477640867233276)
Day:2 
(2, 24, 200, -2933.310535237548, 90782.0, (52.084562179693236, 97.71520627127758, 95.35730770162138, 60.792146813292035), 56.65797710418701)
Day:2 
(2, 25, 200, -2934.0969863270493, 90177.0, (52.084562179693236, 97.71520627127758, 95.35730770162138, 60.792146813292035), 54.701910972595215)
Day:2 
(2, 26, 200, -2933.5331034140163, 90258.0, (52.084562179693236, 97.71520627127758, 95.35730770162138, 60.792146813292035), 55.55267000198364)
Day:2 
(2, 27, 200, -2527.1175335291837, 90628.0, (52.084562179693236, 97.71520627127758, 95.35730770162138, 60.792146813292035), 55.454087018966675)
Day:2 
(2, 28, 200, -2526.783815503244, 90571.0, (52.084562179693236, 97.71520627127758, 95.35730770162138, 60.792146813292035), 54.58085012435913)
Day:2 
(2, 29, 200, -2526.783815503244, 90571.0, (52.084562179693236, 97.71520627127758, 95.35730770162138, 60.792146813292035), 54.41699981689453)
Day:2 
(2, 30, 200, -2526.783815503244, 90571.0, (52.084562179693236, 97.71520627127758, 95.35730770162138, 60.792146813292035), 55.246201038360596)
Day:2 
(2, 31, 200, -2526.7603866169857, 90440.0, (52.084562179693236, 97.71520627127758, 95.35730770162138, 60.792146813292035), 62.568620920181274)
Day:2 
(2, 32, 200, -2528.1046166750793, 91645.0, (52.084562179693236, 97.71520627127758, 95.35730770162138, 60.792146813292035), 56.54205322265625)
Day:2 
(2, 33, 200, -2527.509168645105, 91390.0, (52.084562179693236, 97.71520627127758, 95.35730770162138, 60.792146813292035), 54.1071457862854)
Day:2 
(2, 34, 200, -2527.3949097051363, 89174.0, (52.084562179693236, 97.71520627127758, 95.35730770162138, 60.792146813292035), 55.54216408729553)
Day:2 
(2, 35, 200, -2528.479033316011, 88841.0, (52.084562179693236, 97.71520627127758, 95.35730770162138, 60.792146813292035), 57.940934896469116)
Day:2 
(2, 36, 200, -2522.1527839664404, 89001.0, (52.084562179693236, 97.71520627127758, 95.35730770162138, 60.792146813292035), 54.95625400543213)
Day:2 
(2, 37, 200, -2519.5176806829613, 86856.0, (52.084562179693236, 97.71520627127758, 95.35730770162138, 60.792146813292035), 55.50536608695984)
Day:2 
(2, 38, 200, -2519.3991455634405, 86979.0, (52.084562179693236, 97.71520627127758, 95.35730770162138, 60.792146813292035), 58.24197292327881)
Day:2 
(2, 39, 200, -2519.731452216837, 87284.0, (52.084562179693236, 97.71520627127758, 95.35730770162138, 60.792146813292035), 56.76712703704834)
Day:2 
(2, 40, 200, -2521.111369586967, 86451.0, (52.084562179693236, 97.71520627127758, 95.35730770162138, 60.792146813292035), 55.39333200454712)
Day:2 
(2, 41, 200, -2520.7918648836403, 86984.0, (52.084562179693236, 97.71520627127758, 95.35730770162138, 60.792146813292035), 55.76066303253174)
Day:2 
(2, 42, 200, -2519.553762753453, 86444.0, (52.084562179693236, 97.71520627127758, 95.35730770162138, 60.792146813292035), 53.58609700202942)
Day:2 
(2, 43, 200, -2515.989227553232, 87702.0, (52.084562179693236, 97.71520627127758, 95.35730770162138, 60.792146813292035), 57.73467493057251)
Day:2 
(2, 44, 200, -2515.1406743655916, 87267.0, (52.084562179693236, 97.71520627127758, 95.35730770162138, 60.792146813292035), 55.76401114463806)
Day:2 
(2, 45, 200, -2508.69762656292, 85825.0, (52.084562179693236, 97.71520627127758, 95.35730770162138, 60.792146813292035), 54.340245962142944)
Day:2 
(2, 46, 200, -2506.3003697794284, 86737.0, (52.084562179693236, 97.71520627127758, 95.35730770162138, 60.792146813292035), 56.352880001068115)
Day:2 
(2, 47, 200, -2506.3003697794284, 86737.0, (52.084562179693236, 97.71520627127758, 95.35730770162138, 60.792146813292035), 57.174325942993164)
Day:2 
(2, 48, 200, -2506.022981524623, 86700.0, (52.084562179693236, 97.71520627127758, 95.35730770162138, 60.792146813292035), 57.96160912513733)
Day:2 
(2, 49, 200, -2506.4929719677484, 86080.0, (52.084562179693236, 97.71520627127758, 95.35730770162138, 60.792146813292035), 55.88021993637085)
Day:2 
(2, 50, 200, -2507.2550378856304, 85660.0, (52.084562179693236, 97.71520627127758, 95.35730770162138, 60.792146813292035), 56.59661889076233)
Day:3 
(3, 0, 200, -6533.937341498443, 316289.0, (52.084562179693236, 97.71520627127758, 95.35730770162138, 60.792146813292035), 12.976462125778198)
Day:3 
(3, 1, 200, -6449.0400646430735, 278913.0, (52.084562179693236, 97.71520627127758, 95.35730770162138, 60.792146813292035), 87.90587186813354)
Day:3 
(3, 2, 200, -6424.004495775225, 274483.0, (52.084562179693236, 97.71520627127758, 95.35730770162138, 60.792146813292035), 91.72736501693726)
Day:3 
(3, 3, 200, -6384.6186269463215, 274562.0, (52.084562179693236, 97.71520627127758, 95.35730770162138, 60.792146813292035), 90.10723614692688)
Day:3 
(3, 4, 200, -6380.651070968262, 275122.0, (52.084562179693236, 97.71520627127758, 95.35730770162138, 60.792146813292035), 91.97340488433838)
Day:3 
(3, 5, 200, -6356.982291394199, 272381.0, (52.084562179693236, 97.71520627127758, 95.35730770162138, 60.792146813292035), 91.18248915672302)
Day:3 
(3, 6, 200, -5749.409457871075, 274896.0, (52.084562179693236, 97.71520627127758, 95.35730770162138, 60.792146813292035), 94.39391088485718)
Day:3 
(3, 7, 200, -5729.230420506163, 272640.0, (52.084562179693236, 97.71520627127758, 95.35730770162138, 60.792146813292035), 93.63617706298828)
Day:3 
(3, 8, 200, -5727.808609378175, 272624.0, (52.084562179693236, 97.71520627127758, 95.35730770162138, 60.792146813292035), 90.08935403823853)
Day:3 
(3, 9, 200, -5724.025334029421, 271119.0, (52.084562179693236, 97.71520627127758, 95.35730770162138, 60.792146813292035), 91.64555191993713)
Day:3 
(3, 10, 200, -5724.025334029421, 271119.0, (52.084562179693236, 97.71520627127758, 95.35730770162138, 60.792146813292035), 91.29172205924988)
Day:3 
(3, 11, 200, -5720.245685788284, 270943.0, (52.084562179693236, 97.71520627127758, 95.35730770162138, 60.792146813292035), 92.13284802436829)
Day:3 
(3, 12, 200, -5720.245685788284, 270943.0, (52.084562179693236, 97.71520627127758, 95.35730770162138, 60.792146813292035), 90.81734490394592)
Day:3 
(3, 13, 200, -5720.245685788284, 270943.0, (52.084562179693236, 97.71520627127758, 95.35730770162138, 60.792146813292035), 89.28620100021362)
Day:3 
(3, 14, 200, -5720.245685788284, 270943.0, (52.084562179693236, 97.71520627127758, 95.35730770162138, 60.792146813292035), 96.34494304656982)
Day:3 
(3, 15, 200, -5715.9281938876875, 270499.0, (52.084562179693236, 97.71520627127758, 95.35730770162138, 60.792146813292035), 90.996248960495)
Day:3 
(3, 16, 200, -5718.303048522116, 271181.0, (52.084562179693236, 97.71520627127758, 95.35730770162138, 60.792146813292035), 92.17367100715637)
Day:3 
(3, 17, 200, -5712.797960727378, 270645.0, (52.084562179693236, 97.71520627127758, 95.35730770162138, 60.792146813292035), 91.15515398979187)
Day:3 
(3, 18, 200, -5712.709057430597, 270646.0, (52.084562179693236, 97.71520627127758, 95.35730770162138, 60.792146813292035), 91.42536902427673)
Day:3 
(3, 19, 200, -5707.040529501806, 270367.0, (52.084562179693236, 97.71520627127758, 95.35730770162138, 60.792146813292035), 89.7288830280304)
Day:3 
(3, 20, 200, -5707.040529501806, 270367.0, (52.084562179693236, 97.71520627127758, 95.35730770162138, 60.792146813292035), 89.94728684425354)
Day:3 
(3, 21, 200, -5708.390633430138, 270394.0, (52.084562179693236, 97.71520627127758, 95.35730770162138, 60.792146813292035), 91.0056700706482)
Day:3 
(3, 22, 200, -5711.5614178335545, 270330.0, (52.084562179693236, 97.71520627127758, 95.35730770162138, 60.792146813292035), 85.59106993675232)
Day:3 
(3, 23, 200, -5708.435295380372, 270329.0, (52.084562179693236, 97.71520627127758, 95.35730770162138, 60.792146813292035), 85.30381798744202)
Day:3 
(3, 24, 200, -5708.390633430138, 270394.0, (52.084562179693236, 97.71520627127758, 95.35730770162138, 60.792146813292035), 84.90034317970276)
Day:3 
(3, 25, 200, -5707.627309453342, 270110.0, (52.084562179693236, 97.71520627127758, 95.35730770162138, 60.792146813292035), 83.93526983261108)
Day:3 
(3, 26, 200, -5705.866208635048, 266135.0, (52.084562179693236, 97.71520627127758, 95.35730770162138, 60.792146813292035), 84.30304002761841)
Day:3 
(3, 27, 200, -5708.109443030264, 266103.0, (52.084562179693236, 97.71520627127758, 95.35730770162138, 60.792146813292035), 87.1110291481018)
Day:3 
(3, 28, 200, -5705.357617369212, 266122.0, (52.084562179693236, 97.71520627127758, 95.35730770162138, 60.792146813292035), 83.77044892311096)
Day:3 
(3, 29, 200, -5708.093191697138, 266162.0, (52.084562179693236, 97.71520627127758, 95.35730770162138, 60.792146813292035), 87.83496594429016)
Day:3 
(3, 30, 200, -5707.1159400142205, 266122.0, (52.084562179693236, 97.71520627127758, 95.35730770162138, 60.792146813292035), 88.49415016174316)
Day:3 
(3, 31, 200, -5707.1159400142205, 266122.0, (52.084562179693236, 97.71520627127758, 95.35730770162138, 60.792146813292035), 84.96714878082275)
Day:3 
(3, 32, 200, -5705.982550220516, 266066.0, (52.084562179693236, 97.71520627127758, 95.35730770162138, 60.792146813292035), 90.18501114845276)
Day:3 
(3, 33, 200, -5697.629272627096, 260973.0, (52.084562179693236, 97.71520627127758, 95.35730770162138, 60.792146813292035), 91.71210789680481)
Day:3 
(3, 34, 200, -5694.357170632925, 260922.0, (52.084562179693236, 97.71520627127758, 95.35730770162138, 60.792146813292035), 89.77723217010498)
Day:3 
(3, 35, 200, -5694.455613399552, 261525.0, (52.084562179693236, 97.71520627127758, 95.35730770162138, 60.792146813292035), 88.75325894355774)
Day:3 
(3, 36, 200, -5694.455613399552, 261525.0, (52.084562179693236, 97.71520627127758, 95.35730770162138, 60.792146813292035), 89.06160283088684)
Day:3 
(3, 37, 200, -5696.411310065859, 261496.0, (52.084562179693236, 97.71520627127758, 95.35730770162138, 60.792146813292035), 93.80658102035522)
Day:3 
(3, 38, 200, -5693.335772011438, 261481.0, (52.084562179693236, 97.71520627127758, 95.35730770162138, 60.792146813292035), 91.99832916259766)
Day:3 
(3, 39, 200, -5693.335772011438, 261481.0, (52.084562179693236, 97.71520627127758, 95.35730770162138, 60.792146813292035), 92.81568503379822)
Day:3 
(3, 40, 200, -5696.461894464621, 261482.0, (52.084562179693236, 97.71520627127758, 95.35730770162138, 60.792146813292035), 87.54540491104126)
Day:3 
(3, 41, 200, -5696.100996499336, 260820.0, (52.084562179693236, 97.71520627127758, 95.35730770162138, 60.792146813292035), 90.48900604248047)
Day:3 
(3, 42, 200, -5693.974879481967, 260159.0, (52.084562179693236, 97.71520627127758, 95.35730770162138, 60.792146813292035), 92.1389889717102)
Day:3 
(3, 43, 200, -5693.974879481967, 260159.0, (52.084562179693236, 97.71520627127758, 95.35730770162138, 60.792146813292035), 92.88067102432251)
Day:3 
(3, 44, 200, -5691.319480817308, 258813.0, (52.084562179693236, 97.71520627127758, 95.35730770162138, 60.792146813292035), 88.44907188415527)
Day:3 
(3, 45, 200, -5690.575208448672, 258936.0, (52.084562179693236, 97.71520627127758, 95.35730770162138, 60.792146813292035), 87.2642171382904)
Day:3 
(3, 46, 200, -5690.575208448672, 258936.0, (52.084562179693236, 97.71520627127758, 95.35730770162138, 60.792146813292035), 91.5237078666687)
Day:3 
(3, 47, 200, -5690.742538582199, 259187.0, (52.084562179693236, 97.71520627127758, 95.35730770162138, 60.792146813292035), 90.22037315368652)
Day:3 
(3, 48, 200, -5691.609598655224, 258712.0, (52.084562179693236, 97.71520627127758, 95.35730770162138, 60.792146813292035), 89.68815398216248)
Day:3 
(3, 49, 200, -5690.071466349202, 259007.0, (52.084562179693236, 97.71520627127758, 95.35730770162138, 60.792146813292035), 92.8716049194336)
Day:3 
(3, 50, 200, -5690.366603882834, 259006.0, (52.084562179693236, 97.71520627127758, 95.35730770162138, 60.792146813292035), 92.1689100265503)