
Day:1 
(1, 0, 100, -3392860.5096963863, 971536558717.0, (0.9572988762791467, 0.38157300464345045, 16.87854472847298, 0.20004370993866674), 4.900259017944336)
Day:1 
(1, 1, 100, -16172.618486107402, 64642937.0, (0.3715543553635178, 0.38157300464345045, 16.87854472847298, 5.066790833630235), 9.067873001098633)
Day:1 
(1, 2, 100, -5235.329149666005, 13940259.0, (2.097411698621956, 0.9942149929168584, 1.4039373149061503, 5.066790833630235), 8.912645101547241)
Day:1 
(1, 3, 100, -5186.421029446139, 12978662.0, (2.097411698621956, 0.9942149929168584, 1.4039373149061503, 5.066790833630235), 9.724687814712524)
Day:1 
(1, 4, 100, -5172.30357493804, 13371376.0, (2.097411698621956, 0.9942149929168584, 1.4039373149061503, 5.066790833630235), 9.78593111038208)
Day:1 
(1, 5, 100, -4600.970194285536, 11398915.0, (2.097411698621956, 1.3549349644026516, 1.4039373149061503, 5.066790833630235), 9.659242868423462)
Day:1 
(1, 6, 100, -4559.316981047374, 12453667.0, (2.097411698621956, 1.3549349644026516, 1.4039373149061503, 5.066790833630235), 9.832866191864014)
Day:1 
(1, 7, 100, -4480.753010997461, 12609291.0, (2.097411698621956, 1.3549349644026516, 1.4039373149061503, 5.066790833630235), 9.855605840682983)
Day:1 
(1, 8, 100, -4458.292839911275, 10806500.0, (2.097411698621956, 1.3549349644026516, 1.4039373149061503, 5.066790833630235), 9.89206600189209)
Day:1 
(1, 9, 100, -4436.222522072558, 10709422.0, (2.097411698621956, 1.3549349644026516, 1.4039373149061503, 5.066790833630235), 9.896582126617432)
Day:1 
(1, 10, 100, -4416.358579412078, 11990625.0, (2.097411698621956, 1.3549349644026516, 1.4039373149061503, 5.066790833630235), 9.962637901306152)
Day:1 
(1, 11, 100, -4410.133247644472, 10677683.0, (2.097411698621956, 1.3549349644026516, 1.4039373149061503, 5.066790833630235), 9.965759992599487)
Day:1 
(1, 12, 100, -4384.396305419838, 11168996.0, (2.097411698621956, 1.3549349644026516, 1.4039373149061503, 5.066790833630235), 9.98676609992981)
Day:1 
(1, 13, 100, -4378.2783341576005, 11404708.0, (2.097411698621956, 1.3549349644026516, 1.4039373149061503, 5.066790833630235), 9.987282991409302)
Day:1 
(1, 14, 100, -4373.938656992778, 10688494.0, (2.097411698621956, 1.3549349644026516, 1.4039373149061503, 5.066790833630235), 10.00236701965332)
Day:1 
(1, 15, 100, -4373.353164732173, 10745368.0, (2.097411698621956, 1.3549349644026516, 1.4039373149061503, 5.066790833630235), 10.003973960876465)
Day:1 
(1, 16, 100, -4364.250811741229, 10853957.0, (2.097411698621956, 1.3549349644026516, 1.4039373149061503, 5.066790833630235), 10.024342060089111)
Day:1 
(1, 17, 100, -4301.233894634353, 10512831.0, (2.097411698621956, 1.3549349644026516, 1.4039373149061503, 5.066790833630235), 10.008917808532715)
Day:1 
(1, 18, 100, -4297.751526939233, 10972456.0, (2.097411698621956, 1.3549349644026516, 1.4039373149061503, 5.066790833630235), 10.015635013580322)
Day:1 
(1, 19, 100, -4298.004277643376, 10935707.0, (2.097411698621956, 1.3549349644026516, 1.4039373149061503, 5.066790833630235), 10.030331134796143)
Day:1 
(1, 20, 100, -4287.411273798281, 10592163.0, (2.097411698621956, 1.3549349644026516, 1.4039373149061503, 5.066790833630235), 10.03131890296936)
Day:1 
(1, 21, 100, -4281.7652867087645, 10523883.0, (2.097411698621956, 1.3549349644026516, 1.4039373149061503, 5.066790833630235), 10.06623101234436)
Day:1 
(1, 22, 100, -4281.581336361712, 10529340.0, (2.097411698621956, 1.3549349644026516, 1.4039373149061503, 5.066790833630235), 10.05457592010498)
Day:1 
(1, 23, 100, -4280.676141057297, 10539203.0, (2.097411698621956, 1.3549349644026516, 1.4039373149061503, 5.066790833630235), 10.063906192779541)
Day:1 
(1, 24, 100, -4274.358812167287, 11810511.0, (2.097411698621956, 1.3549349644026516, 1.4039373149061503, 5.066790833630235), 10.074208974838257)
Day:1 
(1, 25, 100, -4275.4372699685555, 13153372.0, (2.097411698621956, 1.3549349644026516, 1.4039373149061503, 5.066790833630235), 10.078630924224854)
Day:1 
(1, 26, 100, -4273.087333669335, 10479845.0, (2.097411698621956, 1.3549349644026516, 1.4039373149061503, 5.066790833630235), 10.082396984100342)
Day:1 
(1, 27, 100, -4274.399884818532, 10864192.0, (2.097411698621956, 1.3549349644026516, 1.4039373149061503, 5.066790833630235), 10.120589971542358)
Day:1 
(1, 28, 100, -4271.110556770282, 10492981.0, (2.097411698621956, 1.3549349644026516, 1.4039373149061503, 5.066790833630235), 10.141710996627808)
Day:1 
(1, 29, 100, -4251.015148116091, 10453018.0, (2.097411698621956, 1.3549349644026516, 1.4039373149061503, 5.066790833630235), 10.128606081008911)
Day:1 
(1, 30, 100, -4247.418382294544, 12202693.0, (2.097411698621956, 1.3549349644026516, 1.4039373149061503, 5.066790833630235), 10.109755992889404)
Day:1 
(1, 31, 100, -4246.353104171182, 10993411.0, (2.097411698621956, 1.3549349644026516, 1.4039373149061503, 5.066790833630235), 10.143322944641113)
Day:1 
(1, 32, 100, -4241.859228701763, 10496071.0, (2.097411698621956, 1.3549349644026516, 1.4039373149061503, 5.066790833630235), 10.14588212966919)
Day:1 
(1, 33, 100, -4241.723078612799, 10755795.0, (2.097411698621956, 1.3549349644026516, 1.4039373149061503, 5.066790833630235), 10.173754930496216)
Day:1 
(1, 34, 100, -4240.638975567604, 10456108.0, (2.097411698621956, 1.3549349644026516, 1.4039373149061503, 5.066790833630235), 10.137320041656494)
Day:1 
(1, 35, 100, -4241.095488263265, 10450703.0, (2.097411698621956, 1.3549349644026516, 1.4039373149061503, 5.066790833630235), 10.15640902519226)
Day:1 
(1, 36, 100, -4239.549232065582, 10519596.0, (2.097411698621956, 1.3549349644026516, 1.4039373149061503, 5.066790833630235), 10.130812883377075)
Day:1 
(1, 37, 100, -4239.834202995973, 11144829.0, (2.097411698621956, 1.3549349644026516, 1.4039373149061503, 5.066790833630235), 10.165128946304321)
Day:1 
(1, 38, 100, -4240.294522748653, 12522172.0, (2.097411698621956, 1.3549349644026516, 1.4039373149061503, 5.066790833630235), 10.151565074920654)
Day:1 
(1, 39, 100, -4239.201448481339, 10434740.0, (2.097411698621956, 1.3549349644026516, 1.4039373149061503, 5.066790833630235), 10.150695085525513)
Day:1 
(1, 40, 100, -4239.0881990132175, 10405133.0, (2.097411698621956, 1.3549349644026516, 1.4039373149061503, 5.066790833630235), 10.132609844207764)
Day:1 
(1, 41, 100, -4227.937448746563, 10496383.0, (2.097411698621956, 1.3549349644026516, 1.4039373149061503, 5.066790833630235), 10.148128032684326)
Day:1 
(1, 42, 100, -4230.001651171339, 10482742.0, (2.097411698621956, 1.3549349644026516, 1.4039373149061503, 5.066790833630235), 10.167458057403564)
Day:1 
(1, 43, 100, -4229.705753438571, 11648651.0, (2.097411698621956, 1.3549349644026516, 1.4039373149061503, 5.066790833630235), 10.220030069351196)
Day:1 
(1, 44, 100, -4225.586271484682, 11309970.0, (2.097411698621956, 1.3549349644026516, 1.4039373149061503, 5.066790833630235), 10.21143388748169)
Day:1 
(1, 45, 100, -4223.963362377408, 10407619.0, (2.097411698621956, 1.3549349644026516, 1.4039373149061503, 5.066790833630235), 10.223875045776367)
Day:1 
(1, 46, 100, -4220.685069449361, 11394546.0, (2.097411698621956, 1.3549349644026516, 1.4039373149061503, 5.066790833630235), 10.194129943847656)
Day:1 
(1, 47, 100, -4219.351981039288, 10407436.0, (2.097411698621956, 1.3549349644026516, 1.4039373149061503, 5.066790833630235), 10.209943056106567)
Day:1 
(1, 48, 100, -4219.496514472666, 10705071.0, (2.097411698621956, 1.3549349644026516, 1.4039373149061503, 5.066790833630235), 10.205550909042358)
Day:1 
(1, 49, 100, -4218.491728486081, 10386528.0, (2.097411698621956, 1.3549349644026516, 1.4039373149061503, 5.066790833630235), 10.23180103302002)
Day:1 
(1, 50, 100, -4218.888325410933, 11080095.0, (2.097411698621956, 1.3549349644026516, 1.4039373149061503, 5.066790833630235), 10.205432176589966)
Day:1 
(1, 51, 100, -4218.4229888603095, 11296199.0, (2.097411698621956, 1.3549349644026516, 1.4039373149061503, 5.066790833630235), 10.212889909744263)
Day:1 
(1, 52, 100, -4220.352273766327, 10408225.0, (2.097411698621956, 1.3549349644026516, 1.4039373149061503, 5.066790833630235), 10.214650869369507)
Day:1 
(1, 53, 100, -4214.518760563676, 10749327.0, (2.097411698621956, 1.3549349644026516, 1.4039373149061503, 5.066790833630235), 10.217023134231567)
Day:1 
(1, 54, 100, -4214.557925844016, 10691363.0, (2.097411698621956, 1.3549349644026516, 1.4039373149061503, 5.066790833630235), 10.247227907180786)
Day:1 
(1, 55, 100, -4214.904788943634, 10939476.0, (2.097411698621956, 1.3549349644026516, 1.4039373149061503, 5.066790833630235), 10.24341607093811)
Day:1 
(1, 56, 100, -4213.583248271767, 10463770.0, (2.097411698621956, 1.3549349644026516, 1.4039373149061503, 5.066790833630235), 10.267337083816528)
Day:1 
(1, 57, 100, -4205.734253720575, 10452223.0, (2.097411698621956, 1.3549349644026516, 1.4039373149061503, 5.066790833630235), 10.27924394607544)
Day:1 
(1, 58, 100, -4206.689990138475, 10383732.0, (2.097411698621956, 1.3549349644026516, 1.4039373149061503, 5.066790833630235), 9.629227876663208)
Day:1 
(1, 59, 100, -4205.395368634222, 10492438.0, (2.097411698621956, 1.3549349644026516, 1.4039373149061503, 5.066790833630235), 9.482454061508179)
Day:1 
(1, 60, 100, -4207.339490488097, 10376485.0, (2.097411698621956, 1.3549349644026516, 1.4039373149061503, 5.066790833630235), 9.234410047531128)
Day:1 
(1, 61, 100, -4200.860468641457, 10371648.0, (2.097411698621956, 1.3549349644026516, 1.4039373149061503, 5.066790833630235), 9.226285934448242)
Day:1 
(1, 62, 100, -4201.148336523461, 10385786.0, (2.097411698621956, 1.3549349644026516, 1.4039373149061503, 5.066790833630235), 9.240185976028442)
Day:1 
(1, 63, 100, -4201.711671126975, 10469616.0, (2.097411698621956, 1.3549349644026516, 1.4039373149061503, 5.066790833630235), 9.245650053024292)
Day:1 
(1, 64, 100, -4201.306526960777, 11307836.0, (2.097411698621956, 1.3549349644026516, 1.4039373149061503, 5.066790833630235), 9.232800006866455)
Day:1 
(1, 65, 100, -4202.358225414026, 11049974.0, (2.097411698621956, 1.3549349644026516, 1.4039373149061503, 5.066790833630235), 9.253148078918457)
Day:1 
(1, 66, 100, -4200.616553453514, 10667094.0, (2.097411698621956, 1.3549349644026516, 1.4039373149061503, 5.066790833630235), 9.285490036010742)
Day:1 
(1, 67, 100, -4201.601057813711, 10370469.0, (2.097411698621956, 1.3549349644026516, 1.4039373149061503, 5.066790833630235), 9.244728803634644)
Day:1 
(1, 68, 100, -4202.335113136745, 11151849.0, (2.097411698621956, 1.3549349644026516, 1.4039373149061503, 5.066790833630235), 9.264315128326416)
Day:1 
(1, 69, 100, -4201.085860203415, 10422977.0, (2.097411698621956, 1.3549349644026516, 1.4039373149061503, 5.066790833630235), 9.267006874084473)
Day:1 
(1, 70, 100, -4200.276666804712, 10652690.0, (2.097411698621956, 1.3549349644026516, 1.4039373149061503, 5.066790833630235), 9.231189012527466)
Day:1 
(1, 71, 100, -4200.463661364774, 10573010.0, (2.097411698621956, 1.3549349644026516, 1.4039373149061503, 5.066790833630235), 9.207268953323364)
Day:1 
(1, 72, 100, -4199.157236215489, 10395434.0, (2.097411698621956, 1.3549349644026516, 1.4039373149061503, 5.066790833630235), 9.21329116821289)
Day:1 
(1, 73, 100, -4199.126214755884, 10365949.0, (2.097411698621956, 1.3549349644026516, 1.4039373149061503, 5.066790833630235), 9.225795984268188)
Day:1 
(1, 74, 100, -4199.704822740406, 10573110.0, (2.097411698621956, 1.3549349644026516, 1.4039373149061503, 5.066790833630235), 9.255781888961792)
Day:1 
(1, 75, 100, -4199.308458441206, 10406986.0, (2.097411698621956, 1.3549349644026516, 1.4039373149061503, 5.066790833630235), 9.280457973480225)
Day:1 
(1, 76, 100, -4200.226614757888, 10360265.0, (2.097411698621956, 1.3549349644026516, 1.4039373149061503, 5.066790833630235), 9.261023998260498)
Day:1 
(1, 77, 100, -4199.943921893104, 11961127.0, (2.097411698621956, 1.3549349644026516, 1.4039373149061503, 5.066790833630235), 9.281367063522339)
Day:1 
(1, 78, 100, -4199.48005329893, 10733465.0, (2.097411698621956, 1.3549349644026516, 1.4039373149061503, 5.066790833630235), 9.237226963043213)
Day:1 
(1, 79, 100, -4198.292675877968, 10470663.0, (2.097411698621956, 1.3549349644026516, 1.4039373149061503, 5.066790833630235), 9.280166149139404)
Day:1 
(1, 80, 100, -4126.373242645894, 10314213.0, (2.097411698621956, 1.3549349644026516, 1.4039373149061503, 5.066790833630235), 9.26788592338562)
Day:1 
(1, 81, 100, -4123.73390454256, 10257995.0, (2.097411698621956, 1.3549349644026516, 1.4039373149061503, 5.066790833630235), 9.277919054031372)
Day:1 
(1, 82, 100, -4126.691664612545, 11695096.0, (2.097411698621956, 1.3549349644026516, 1.4039373149061503, 5.066790833630235), 9.277636051177979)
Day:1 
(1, 83, 100, -4125.168300338944, 10891047.0, (2.097411698621956, 1.3549349644026516, 1.4039373149061503, 5.066790833630235), 9.26594090461731)
Day:1 
(1, 84, 100, -4125.715210554735, 10231422.0, (2.097411698621956, 1.3549349644026516, 1.4039373149061503, 5.066790833630235), 9.2986478805542)
Day:1 
(1, 85, 100, -4127.497863206421, 11062111.0, (2.097411698621956, 1.3549349644026516, 1.4039373149061503, 5.066790833630235), 9.274349212646484)
Day:1 
(1, 86, 100, -4126.015839042354, 11440015.0, (2.097411698621956, 1.3549349644026516, 1.4039373149061503, 5.066790833630235), 9.28502082824707)
Day:1 
(1, 87, 100, -4124.999181709725, 10222650.0, (2.097411698621956, 1.3549349644026516, 1.4039373149061503, 5.066790833630235), 9.454389095306396)
Day:1 
(1, 88, 100, -4127.525466782317, 11885886.0, (2.097411698621956, 1.3549349644026516, 1.4039373149061503, 5.066790833630235), 9.346925973892212)
Day:1 
(1, 89, 100, -4126.623335281711, 10569141.0, (2.097411698621956, 1.3549349644026516, 1.4039373149061503, 5.066790833630235), 9.360924005508423)
Day:1 
(1, 90, 100, -4125.424553493676, 10296319.0, (2.097411698621956, 1.3549349644026516, 1.4039373149061503, 5.066790833630235), 9.31568193435669)
Day:1 
(1, 91, 100, -4123.785528845615, 10305686.0, (2.097411698621956, 1.3549349644026516, 1.4039373149061503, 5.066790833630235), 9.359114170074463)
Day:1 
(1, 92, 100, -4124.485024226335, 10297686.0, (2.097411698621956, 1.3549349644026516, 1.4039373149061503, 5.066790833630235), 9.350068807601929)
Day:1 
(1, 93, 100, -4125.154458564909, 10868813.0, (2.097411698621956, 1.3549349644026516, 1.4039373149061503, 5.066790833630235), 9.34854507446289)
Day:1 
(1, 94, 100, -4124.555823609348, 10523387.0, (2.097411698621956, 1.3549349644026516, 1.4039373149061503, 5.066790833630235), 9.352772951126099)
Day:1 
(1, 95, 100, -4122.749952853283, 11375655.0, (2.097411698621956, 1.3549349644026516, 1.4039373149061503, 5.066790833630235), 9.365170001983643)
Day:1 
(1, 96, 100, -4122.2155785288, 10207591.0, (2.097411698621956, 1.3549349644026516, 1.4039373149061503, 5.066790833630235), 9.345518112182617)
Day:1 
(1, 97, 100, -4126.024604103122, 11849856.0, (2.097411698621956, 1.3549349644026516, 1.4039373149061503, 5.066790833630235), 9.355712890625)
Day:1 
(1, 98, 100, -4124.982973614505, 10478892.0, (2.097411698621956, 1.3549349644026516, 1.4039373149061503, 5.066790833630235), 9.354555130004883)
Day:1 
(1, 99, 100, -4124.46007112532, 10428296.0, (2.097411698621956, 1.3549349644026516, 1.4039373149061503, 5.066790833630235), 9.354041814804077)
Day:1 
(1, 100, 100, -4125.569867474003, 10796069.0, (2.097411698621956, 1.3549349644026516, 1.4039373149061503, 5.066790833630235), 9.336427211761475)
Day:2 
(2, 0, 100, -3598677.5092698988, 1023436239621.0, (2.097411698621956, 1.3549349644026516, 1.4039373149061503, 5.066790833630235), 18.443058013916016)
Day:2 
(2, 1, 100, -906626.9164427973, 103720825329.0, (2.097411698621956, 1.3549349644026516, 13.861844182568746, 5.066790833630235), 303.3783669471741)
Day:2 
(2, 2, 100, -906000.2788240851, 103492505919.0, (2.097411698621956, 1.3549349644026516, 13.861844182568746, 5.066790833630235), 317.5231668949127)
Day:2 
(2, 3, 100, -636712.6098309851, 77171562198.0, (2.4756129371858733, 3.7664903233597413, 13.861844182568746, 6.491932474567621), 263.5106120109558)
Day:2 
(2, 4, 100, -586484.8763288483, 72862442365.0, (2.4756129371858733, 3.7664903233597413, 13.861844182568746, 8.439858867555376), 293.30162811279297)
Day:2 
(2, 5, 100, -241220.93984258763, 29721419150.0, (2.821895569507192, 10.881515024690348, 13.861844182568746, 9.67595680750391), 291.6702468395233)
Day:2 
(2, 6, 100, -241045.4247134556, 29709250546.0, (2.821895569507192, 10.881515024690348, 13.861844182568746, 9.67595680750391), 333.1803050041199)
Day:2 
(2, 7, 100, -241013.54684465082, 29709218536.0, (2.821895569507192, 10.881515024690348, 13.861844182568746, 9.67595680750391), 331.79468417167664)
Day:2 
(2, 8, 100, -241002.3209101133, 29709217176.0, (2.821895569507192, 10.881515024690348, 13.861844182568746, 9.67595680750391), 317.71268796920776)
Day:2 
(2, 9, 100, -109926.07537315461, 16672910940.0, (3.343283425643568, 10.881515024690348, 11.832055926144458, 9.67595680750391), 326.79699897766113)
Day:2 
(2, 10, 100, -109904.70116183047, 16672909578.0, (3.343283425643568, 10.881515024690348, 11.832055926144458, 9.67595680750391), 270.018413066864)
Day:2 
(2, 11, 100, -109888.64598536622, 16672908707.0, (3.343283425643568, 10.881515024690348, 11.832055926144458, 9.67595680750391), 347.1440818309784)
Day:2 
(2, 12, 100, -109841.3755343415, 16672768097.0, (3.343283425643568, 10.881515024690348, 11.832055926144458, 9.67595680750391), 336.69691801071167)
Day:2 
(2, 13, 100, -109733.76372730176, 16658939902.0, (3.343283425643568, 10.881515024690348, 11.832055926144458, 9.67595680750391), 311.24855494499207)
Day:2 
(2, 14, 100, -74677.66436701012, 15457673617.0, (3.343283425643568, 10.881515024690348, 10.455735291688605, 9.67595680750391), 320.5583851337433)
Day:2 
(2, 15, 100, -66811.65081468235, 15102513146.0, (3.343283425643568, 10.881515024690348, 10.455735291688605, 10.09506517009784), 319.990788936615)
Day:2 
(2, 16, 100, -66787.23656506532, 15102514765.0, (3.343283425643568, 10.881515024690348, 10.455735291688605, 10.09506517009784), 317.76423597335815)
Day:2 
(2, 17, 100, -66433.17883517168, 15016024788.0, (3.343283425643568, 10.881515024690348, 10.455735291688605, 10.09506517009784), 349.32612800598145)
Day:2 
(2, 18, 100, -13315.686961775438, 3341641771.0, (5.548221474576237, 9.73985694928525, 10.455735291688605, 10.09506517009784), 304.6978340148926)
Day:2 
(2, 19, 100, -13257.338721472708, 3340891570.0, (5.548221474576237, 9.73985694928525, 10.455735291688605, 10.09506517009784), 322.4144320487976)
Day:2 
(2, 20, 100, -8305.0291916689, 1786524385.0, (5.548221474576237, 9.73985694928525, 9.85040631789169, 10.09506517009784), 324.9199891090393)
Day:2 
(2, 21, 100, -8249.65173730059, 1769583394.0, (5.548221474576237, 9.73985694928525, 9.85040631789169, 10.09506517009784), 338.8192558288574)
Day:2 
(2, 22, 100, -8196.491776263558, 1752725315.0, (5.548221474576237, 9.73985694928525, 9.85040631789169, 10.09506517009784), 342.2723491191864)
Day:2 
(2, 23, 100, -8090.249547149124, 1778282155.0, (5.548221474576237, 9.73985694928525, 9.889594332964695, 10.09506517009784), 333.2312958240509)
Day:2 
(2, 24, 100, -8064.281004306259, 1778280290.0, (5.548221474576237, 9.73985694928525, 9.889594332964695, 10.09506517009784), 318.5524470806122)
Day:2 
(2, 25, 100, -8057.260656591872, 1778098395.0, (5.548221474576237, 9.73985694928525, 9.889594332964695, 10.09506517009784), 359.72449111938477)
Day:2 
(2, 26, 100, -7283.828611967027, 1497849653.0, (5.548221474576237, 9.865453089264776, 9.889594332964695, 10.09506517009784), 333.9988408088684)
Day:2 
(2, 27, 100, -7185.925192113561, 1498129023.0, (5.548221474576237, 9.865453089264776, 9.889594332964695, 10.09506517009784), 341.1003141403198)
Day:2 
(2, 28, 100, -7176.20342177456, 1498122644.0, (5.548221474576237, 9.865453089264776, 9.889594332964695, 10.09506517009784), 348.23698687553406)
Day:2 
(2, 29, 100, -7176.564985574767, 1498123750.0, (5.548221474576237, 9.865453089264776, 9.889594332964695, 10.09506517009784), 365.588191986084)
Day:2 
(2, 30, 100, -7177.020101553747, 1498097847.0, (5.548221474576237, 9.865453089264776, 9.889594332964695, 10.09506517009784), 333.6010420322418)
Day:2 
(2, 31, 100, -7152.554059109423, 1498130785.0, (5.548221474576237, 9.865453089264776, 9.889594332964695, 10.09506517009784), 340.51834416389465)
Day:2 
(2, 32, 100, -7131.350457934044, 1497823094.0, (5.548221474576237, 9.865453089264776, 9.889594332964695, 10.09506517009784), 344.49161195755005)
Day:2 
(2, 33, 100, -7065.184188549051, 1494523085.0, (5.548221474576237, 9.865453089264776, 9.889594332964695, 10.09506517009784), 363.03229689598083)
Day:2 
(2, 34, 100, -7069.134196982548, 1494523424.0, (5.548221474576237, 9.865453089264776, 9.889594332964695, 10.09506517009784), 343.6105101108551)
Day:2 
(2, 35, 100, -7072.108868473328, 1494213290.0, (5.548221474576237, 9.865453089264776, 9.889594332964695, 10.09506517009784), 341.67642092704773)
Day:2 
(2, 36, 100, -7065.360522597647, 1494212653.0, (5.548221474576237, 9.865453089264776, 9.889594332964695, 10.09506517009784), 330.20390701293945)
Day:2 
(2, 37, 100, -7054.910157973567, 1494216206.0, (5.548221474576237, 9.865453089264776, 9.889594332964695, 10.09506517009784), 334.4630949497223)
Day:2 
(2, 38, 100, -7054.358321608246, 1493799575.0, (5.548221474576237, 9.865453089264776, 9.889594332964695, 10.09506517009784), 337.7508599758148)
Day:2 
(2, 39, 100, -7038.436853053592, 1491876726.0, (5.548221474576237, 9.865453089264776, 9.889594332964695, 10.09506517009784), 334.19907116889954)
Day:2 
(2, 40, 100, -6983.068579122863, 1484778672.0, (5.548221474576237, 9.865453089264776, 9.889594332964695, 10.09506517009784), 356.015261888504)
Day:2 
(2, 41, 100, -6985.67316109992, 1484779187.0, (5.548221474576237, 9.865453089264776, 9.889594332964695, 10.09506517009784), 325.1057460308075)
Day:2 
(2, 42, 100, -6982.487914234177, 1484780235.0, (5.548221474576237, 9.865453089264776, 9.889594332964695, 10.09506517009784), 343.32159304618835)
Day:2 
(2, 43, 100, -6985.562466427231, 1484780242.0, (5.548221474576237, 9.865453089264776, 9.889594332964695, 10.09506517009784), 353.93372797966003)
Day:2 
(2, 44, 100, -6958.342907898626, 1473574446.0, (5.548221474576237, 9.865453089264776, 9.889594332964695, 10.09506517009784), 334.92798495292664)
Day:2 
(2, 45, 100, -6955.746644346868, 1473574716.0, (5.548221474576237, 9.865453089264776, 9.889594332964695, 10.09506517009784), 330.8176610469818)
Day:2 
(2, 46, 100, -6954.864716720684, 1473575653.0, (5.548221474576237, 9.865453089264776, 9.889594332964695, 10.09506517009784), 344.44137692451477)
Day:2 
(2, 47, 100, -6957.609647241843, 1473576171.0, (5.548221474576237, 9.865453089264776, 9.889594332964695, 10.09506517009784), 339.37085008621216)
Day:2 
(2, 48, 100, -6953.643723717583, 1473579635.0, (5.548221474576237, 9.865453089264776, 9.889594332964695, 10.09506517009784), 337.01963686943054)
Day:2 
(2, 49, 100, -6953.601646447906, 1473579532.0, (5.548221474576237, 9.865453089264776, 9.889594332964695, 10.09506517009784), 358.72829008102417)
Day:2 
(2, 50, 100, -6945.728406089314, 1473578469.0, (5.548221474576237, 9.865453089264776, 9.889594332964695, 10.09506517009784), 322.6819679737091)
Day:2 
(2, 51, 100, -6897.256711189986, 1449321097.0, (5.548221474576237, 9.865453089264776, 9.889594332964695, 10.09506517009784), 353.6197500228882)
Day:2 
(2, 52, 100, -6900.0616744981835, 1448972739.0, (5.548221474576237, 9.865453089264776, 9.889594332964695, 10.09506517009784), 295.70379090309143)
Day:2 
(2, 53, 100, -6894.194689025282, 1448971673.0, (5.548221474576237, 9.865453089264776, 9.889594332964695, 10.09506517009784), 328.71126413345337)
Day:2 
(2, 54, 100, -6897.653579624982, 1448971636.0, (5.548221474576237, 9.865453089264776, 9.889594332964695, 10.09506517009784), 323.95588207244873)
Day:2 
(2, 55, 100, -6909.965372917659, 1448972152.0, (5.548221474576237, 9.865453089264776, 9.889594332964695, 10.09506517009784), 297.96735286712646)
Day:2 
(2, 56, 100, -6905.724398114261, 1448972370.0, (5.548221474576237, 9.865453089264776, 9.889594332964695, 10.09506517009784), 297.52056193351746)
Day:2 
(2, 57, 100, -6899.311135619358, 1448973821.0, (5.548221474576237, 9.865453089264776, 9.889594332964695, 10.09506517009784), 326.4277150630951)
Day:2 
(2, 58, 100, -6892.878067901174, 1448973960.0, (5.548221474576237, 9.865453089264776, 9.889594332964695, 10.09506517009784), 334.01528000831604)
Day:2 
(2, 59, 100, -6889.427272773398, 1448972822.0, (5.548221474576237, 9.865453089264776, 9.889594332964695, 10.09506517009784), 331.58523201942444)
Day:2 
(2, 60, 100, -6888.216653277066, 1448973806.0, (5.548221474576237, 9.865453089264776, 9.889594332964695, 10.09506517009784), 323.9316620826721)
Day:2 
(2, 61, 100, -6889.090098963936, 1446914806.0, (5.548221474576237, 9.865453089264776, 9.889594332964695, 10.09506517009784), 316.0223898887634)
Day:2 
(2, 62, 100, -6890.067680131262, 1446916386.0, (5.548221474576237, 9.865453089264776, 9.889594332964695, 10.09506517009784), 315.08696007728577)
Day:2 
(2, 63, 100, -6882.732383522198, 1446917247.0, (5.548221474576237, 9.865453089264776, 9.889594332964695, 10.09506517009784), 348.10507106781006)
Day:2 
(2, 64, 100, -6884.794168364614, 1446872927.0, (5.548221474576237, 9.865453089264776, 9.889594332964695, 10.09506517009784), 352.69153785705566)
Day:2 
(2, 65, 100, -6887.633053966428, 1446875346.0, (5.548221474576237, 9.865453089264776, 9.889594332964695, 10.09506517009784), 309.07570910453796)
Day:2 
(2, 66, 100, -6885.861630916154, 1446874889.0, (5.548221474576237, 9.865453089264776, 9.889594332964695, 10.09506517009784), 362.4693148136139)
Day:2 
(2, 67, 100, -6885.391322038463, 1446874542.0, (5.548221474576237, 9.865453089264776, 9.889594332964695, 10.09506517009784), 352.05685901641846)
Day:2 
(2, 68, 100, -6891.436063217793, 1446873864.0, (5.548221474576237, 9.865453089264776, 9.889594332964695, 10.09506517009784), 348.2078881263733)
Day:2 
(2, 69, 100, -6891.80810273315, 1446880408.0, (5.548221474576237, 9.865453089264776, 9.889594332964695, 10.09506517009784), 300.33614802360535)
Day:2 
(2, 70, 100, -6893.663511489631, 1446880109.0, (5.548221474576237, 9.865453089264776, 9.889594332964695, 10.09506517009784), 343.8917648792267)
Day:2 
(2, 71, 100, -6892.519504737979, 1446879801.0, (5.548221474576237, 9.865453089264776, 9.889594332964695, 10.09506517009784), 330.110228061676)
Day:2 
(2, 72, 100, -6891.640638864821, 1446880068.0, (5.548221474576237, 9.865453089264776, 9.889594332964695, 10.09506517009784), 343.1182060241699)
Day:2 
(2, 73, 100, -6888.601690090342, 1446882158.0, (5.548221474576237, 9.865453089264776, 9.889594332964695, 10.09506517009784), 336.69844603538513)
Day:2 
(2, 74, 100, -6889.09817258224, 1446881926.0, (5.548221474576237, 9.865453089264776, 9.889594332964695, 10.09506517009784), 357.2396249771118)
Day:2 
(2, 75, 100, -6894.410699524925, 1446882075.0, (5.548221474576237, 9.865453089264776, 9.889594332964695, 10.09506517009784), 355.38985896110535)
Day:2 
(2, 76, 100, -6890.131223840013, 1446882397.0, (5.548221474576237, 9.865453089264776, 9.889594332964695, 10.09506517009784), 342.647901058197)
Day:2 
(2, 77, 100, -6885.345994465646, 1448390505.0, (5.548221474576237, 9.865453089264776, 9.889594332964695, 10.09506517009784), 331.5550470352173)
Day:2 
(2, 78, 100, -6883.002093579569, 1448391182.0, (5.548221474576237, 9.865453089264776, 9.889594332964695, 10.09506517009784), 339.79380083084106)
Day:2 
(2, 79, 100, -6883.304464230363, 1448391033.0, (5.548221474576237, 9.865453089264776, 9.889594332964695, 10.09506517009784), 343.18596601486206)
Day:2 
(2, 80, 100, -6868.601445223407, 1446104679.0, (5.548221474576237, 9.865453089264776, 9.889594332964695, 10.09506517009784), 365.42818903923035)
Day:2 
(2, 81, 100, -6865.243857163429, 1446105538.0, (5.548221474576237, 9.865453089264776, 9.889594332964695, 10.09506517009784), 347.0335330963135)
Day:2 
(2, 82, 100, -6874.775605294127, 1446106179.0, (5.548221474576237, 9.865453089264776, 9.889594332964695, 10.09506517009784), 347.83772683143616)
Day:2 
(2, 83, 100, -6870.112591405696, 1446106397.0, (5.548221474576237, 9.865453089264776, 9.889594332964695, 10.09506517009784), 352.94907307624817)
Day:2 
(2, 84, 100, -6780.915060718201, 1396835361.0, (5.548221474576237, 9.865453089264776, 9.889594332964695, 10.09506517009784), 327.3244860172272)
Day:2 
(2, 85, 100, -6776.789860526392, 1396579671.0, (5.548221474576237, 9.865453089264776, 9.889594332964695, 10.09506517009784), 320.5748019218445)
Day:2 
(2, 86, 100, -6773.468044600821, 1396477447.0, (5.548221474576237, 9.865453089264776, 9.889594332964695, 10.09506517009784), 330.765743970871)
Day:2 
(2, 87, 100, -6778.028403376321, 1396476640.0, (5.548221474576237, 9.865453089264776, 9.889594332964695, 10.09506517009784), 363.10885405540466)
Day:2 
(2, 88, 100, -6772.860602141782, 1396478005.0, (5.548221474576237, 9.865453089264776, 9.889594332964695, 10.09506517009784), 320.7298321723938)
Day:2 
(2, 89, 100, -6761.786730257385, 1396479266.0, (5.548221474576237, 9.865453089264776, 9.889594332964695, 10.09506517009784), 355.05011892318726)
Day:2 
(2, 90, 100, -6758.1959942056055, 1396478245.0, (5.548221474576237, 9.865453089264776, 9.889594332964695, 10.09506517009784), 332.33585000038147)
Day:2 
(2, 91, 100, -6739.5003234872265, 1395288744.0, (5.548221474576237, 9.865453089264776, 9.889594332964695, 10.09506517009784), 351.7821559906006)
Day:2 
(2, 92, 100, -6744.071539255007, 1395288922.0, (5.548221474576237, 9.865453089264776, 9.889594332964695, 10.09506517009784), 343.7722749710083)
Day:2 
(2, 93, 100, -6750.5781835946045, 1395288166.0, (5.548221474576237, 9.865453089264776, 9.889594332964695, 10.09506517009784), 314.37100291252136)
Day:2 
(2, 94, 100, -6752.031758056287, 1395288613.0, (5.548221474576237, 9.865453089264776, 9.889594332964695, 10.09506517009784), 339.48695397377014)
Day:2 
(2, 95, 100, -6743.450155492572, 1395075725.0, (5.548221474576237, 9.865453089264776, 9.889594332964695, 10.09506517009784), 354.4047920703888)
Day:2 
(2, 96, 100, -6744.982307080883, 1395077282.0, (5.548221474576237, 9.865453089264776, 9.889594332964695, 10.09506517009784), 359.69309997558594)
Day:2 
(2, 97, 100, -6753.131265285251, 1395077501.0, (5.548221474576237, 9.865453089264776, 9.889594332964695, 10.09506517009784), 337.12030696868896)
Day:2 
(2, 98, 100, -6757.830515705956, 1395080564.0, (5.548221474576237, 9.865453089264776, 9.889594332964695, 10.09506517009784), 355.5878150463104)
Day:2 
(2, 99, 100, -6754.887431410505, 1395079493.0, (5.548221474576237, 9.865453089264776, 9.889594332964695, 10.09506517009784), 344.39443016052246)
Day:2 
(2, 100, 100, -6764.866639948262, 1395079110.0, (5.548221474576237, 9.865453089264776, 9.889594332964695, 10.09506517009784), 347.00232100486755)