
Day:1 
(1, 0, 200, -38.34276769455005, 900.0, (-112.87436251299795, 15.27114456053765, 125.6664447961576, 76.84539167244797), 4.151969909667969)
Day:1 
(1, 1, 200, -37.23382148274774, 4.0, (-18.377429693333255, 88.52648050737122, 125.6664447961576, 76.84539167244797), 8.330605030059814)
Day:1 
(1, 2, 200, -37.81744556942277, 1225.0, (6.905497962440435, 88.52648050737122, 50.19201018239141, 76.84539167244797), 8.606675148010254)
Day:1 
(1, 3, 200, -38.312027691380706, 1936.0, (6.905497962440435, -13.35022557374835, 50.19201018239141, 106.25008183276937), 8.664841890335083)
Day:1 
(1, 4, 200, -36.49923041411422, 0.0, (-90.90023669374146, 63.82089933334191, 50.19201018239141, 19.617810452085948), 8.786639928817749)
Day:1 
(1, 5, 200, -36.63961032760074, 16.0, (22.426530389698616, -14.892063912243495, 50.19201018239141, 120.51660194557223), 8.728393077850342)
Day:1 
(1, 6, 200, -36.72502369218083, 100.0, (-0.8406188211142611, -34.248916335475485, -44.129454826715026, 120.51660194557223), 8.497865915298462)
Day:1 
(1, 7, 200, -39.441020257500085, 9.0, (131.75461198177, -176.73821322534934, 67.18296311791579, 144.28046544337602), 8.464132070541382)
Day:1 
(1, 8, 200, -36.43562290962089, 0.0, (11.969266463549742, -75.91556554599917, 46.08097034798973, 77.05851198119959), 8.167813062667847)
Day:1 
(1, 9, 200, -37.91486317048039, 324.0, (5.306869569903085, 80.70128139763628, 156.05503775208305, 77.05851198119959), 8.880622863769531)
Day:1 
(1, 10, 200, -38.53485059820086, 36.0, (5.306869569903085, -185.12428063307843, 69.16516636401087, 127.32418479290982), 8.456799030303955)
Day:1 
(1, 11, 200, -40.36800133549694, 9.0, (-43.238337381915144, 184.0657326433784, -146.9363087259355, 187.41844097968055), 8.357571125030518)
Day:1 
(1, 12, 200, -39.048478900164945, 256.0, (-183.96389190437418, -152.61281406300526, -5.642501867529359, 64.33553024766444), 8.604517936706543)
Day:1 
(1, 13, 200, -37.896322232112645, 25.0, (-75.73584037737069, -110.76390002797781, -150.15218607645386, 45.61005385379522), 8.533397912979126)
Day:1 
(1, 14, 200, -37.740372825529164, 169.0, (-54.791391133654614, -30.419087788330117, -150.15218607645386, 101.78775859203584), 8.581446170806885)
Day:1 
(1, 15, 200, -37.62556433909833, 9.0, (32.3268803006697, -49.67417194141873, -153.8932167079896, 101.78775859203584), 8.819675922393799)
Day:1 
(1, 16, 200, -40.861743644887866, 36.0, (171.69034824898822, -172.94573508946053, -153.8932167079896, 136.97213670452183), 8.567365884780884)
Day:1 
(1, 17, 200, -38.114709667292004, 16.0, (-82.32276811025095, -172.94573508946053, -33.54917708615677, 96.83030716196653), 8.51835012435913)
Day:1 
(1, 18, 200, -41.77594166268221, 4.0, (-194.68925358756363, -133.7217700957743, -245.2045048076644, 69.01822723376019), 8.112359046936035)
Day:1 
(1, 19, 200, -40.12382066208733, 1089.0, (-194.68925358756363, 63.38049517803635, -78.24166046468612, 131.17194057298133), 8.929277896881104)
Day:1 
(1, 20, 200, -37.259483168483186, 1156.0, (49.22035865056706, 24.931733895735093, 20.765497365337158, 55.691881599346026), 8.378116130828857)
Day:1 
(1, 21, 200, -37.4390907977525, 784.0, (-19.995144814769695, 106.56190518736281, 54.705962604424656, 55.691881599346026), 8.68820595741272)
Day:1 
(1, 22, 200, -37.8269941103885, 4.0, (53.628195805297075, -115.83615249802334, 159.04798125485254, 12.047067811200389), 8.527979850769043)
Day:1 
(1, 23, 200, -38.00012906923144, 25.0, (33.599547150227274, -135.05120348935088, 159.04798125485254, 12.047067811200389), 8.877614974975586)
Day:1 
(1, 24, 200, -36.67327360047271, 484.0, (43.78273349281268, -71.64991430119919, -22.508701438937855, 12.047067811200389), 8.80781602859497)
Day:1 
(1, 25, 200, -37.841148922158226, 16.0, (43.78273349281268, -199.07486420964872, -10.301592093088278, 12.047067811200389), 9.130511999130249)
Day:1 
(1, 26, 200, -41.2098180509676, 2704.0, (-21.25817516405963, 34.15344461120455, -173.58734456247512, 159.6463311603994), 8.36525011062622)
Day:1 
(1, 27, 200, -37.67990426025146, 49.0, (-21.25817516405963, 39.98855808486056, 101.30102577346537, 159.6463311603994), 8.867975950241089)
Day:1 
(1, 28, 200, -37.45602471877572, 1089.0, (-12.67286965145944, 39.98855808486056, 101.30102577346537, 35.364872180683854), 8.847815990447998)
Day:1 
(1, 29, 200, -36.79343733138009, 9.0, (13.752902066356105, -141.16668652933802, 18.780660598045685, -21.071104104420577), 8.451770067214966)
Day:1 
(1, 30, 200, -38.40095698284152, 4.0, (-167.29819743719347, -2.4185779957528237, -24.06358091709142, 156.846728432168), 8.580872058868408)
Day:1 
(1, 31, 200, -40.83085671054121, 1296.0, (-209.58632279618396, 68.93003133672698, 64.7744194998277, 149.11198856541333), 8.454057931900024)
Day:1 
(1, 32, 200, -39.04325796071198, 169.0, (-87.51866311414486, 45.560853368731465, 174.9797256894303, 149.11198856541333), 8.340975046157837)
Day:1 
(1, 33, 200, -37.02612073598999, 196.0, (-87.51866311414486, -72.2531243861736, 94.581765034288, -14.083088328094073), 8.80814504623413)
Day:1 
(1, 34, 200, -38.57604966570494, 196.0, (-136.00049425889856, -135.483451124686, 94.581765034288, 83.00691596164373), 8.817076921463013)
Day:1 
(1, 35, 200, -38.43775877197045, 324.0, (-136.00049425889856, 13.071928238509868, -130.2892150020064, 110.1106589266322), 8.638949871063232)
Day:1 
(1, 36, 200, -38.729404735424325, 529.0, (-0.6272739056404738, 173.89772493394972, 85.12107230480953, 110.1106589266322), 8.767307043075562)
Day:1 
(1, 37, 200, -40.45035630918217, 2601.0, (32.23373439964687, 57.939353970598106, 85.12107230480953, 169.4229572270028), 8.859706163406372)
Day:1 
(1, 38, 200, -38.386416194835164, 256.0, (-6.721963137775475, 126.04961681394748, -54.98411157703878, 169.4229572270028), 8.65882396697998)
Day:1 
(1, 39, 200, -39.081314983439405, 144.0, (-6.721963137775475, 126.04961681394748, -139.64363074255868, 169.4229572270028), 9.273794889450073)
Day:1 
(1, 40, 200, -38.63363220286884, 784.0, (-63.59557996438407, -99.94827446622322, 1.2440244058879277, 169.4229572270028), 8.716372013092041)
Day:1 
(1, 41, 200, -36.05831288966455, 0.0, (6.359540813055835, -26.847241406783795, 45.32818544246116, 60.04867695191324), 8.551448106765747)
Day:1 
(1, 42, 200, -37.60411836721606, 1156.0, (-69.90081643288529, -74.08502393874554, -30.91837904581232, 60.04867695191324), 8.62586498260498)
Day:1 
(1, 43, 200, -42.07555362287663, 576.0, (-1.723067927067535, -74.08502393874554, -217.5743525097699, 250.57850430411062), 8.439741849899292)
Day:1 
(1, 44, 200, -41.47148162596268, 25.0, (110.59070594639272, -65.82700273748934, 186.7702200591037, 250.57850430411062), 8.339262008666992)
Day:1 
(1, 45, 200, -40.77329308204125, 0.0, (-19.63093589939881, -35.647515234777366, -190.46155562536813, 250.57850430411062), 8.735145092010498)
Day:1 
(1, 46, 200, -40.62176360373692, 2304.0, (-122.57162917078256, -40.52478606599296, 181.47145700047997, -19.44860366458982), 8.627616882324219)
Day:1 
(1, 47, 200, -38.033828608859, 49.0, (14.058719719666058, -154.0938950241067, 73.99519458713087, 124.92927395525928), 8.885510206222534)
Day:1 
(1, 48, 200, -38.305561958416114, 400.0, (-80.47718493808813, 146.74402124600965, -5.093891052465647, 124.92927395525928), 8.928257942199707)
Day:1 
(1, 49, 200, -39.57136817863156, 784.0, (4.239242859972144, 146.74402124600965, -91.77723161280512, 174.70054921914823), 9.1332528591156)
Day:1 
(1, 50, 200, -37.61207233685692, 4.0, (4.239242859972144, 146.74402124600965, 0.7410157541433925, 125.87480906110024), 9.299000978469849)
Day:2 
(2, 0, 200, -14429.80671710354, 1143025.0, (4.239242859972144, 146.74402124600965, 0.7410157541433925, 125.87480906110024), 10.610120058059692)
Day:2 
(2, 1, 200, -14311.12071459327, 910150.0, (4.239242859972144, -98.61251124106516, 0.7410157541433925, 125.87480906110024), 56.61035513877869)
Day:2 
(2, 2, 200, -14290.425663482662, 865638.0, (4.239242859972144, -98.61251124106516, -166.36226074674906, 125.87480906110024), 51.58074688911438)
Day:2 
(2, 3, 200, -14290.425663482662, 865638.0, (4.239242859972144, -98.61251124106516, -166.36226074674906, 125.87480906110024), 47.20739197731018)
Day:2 
(2, 4, 200, -14283.240255235016, 852214.0, (4.239242859972144, -98.61251124106516, -166.36226074674906, 125.87480906110024), 50.47148513793945)
Day:2 
(2, 5, 200, -14283.240255235016, 852214.0, (4.239242859972144, -98.61251124106516, -166.36226074674906, 125.87480906110024), 50.32525897026062)
Day:2 
(2, 6, 200, -14283.240255235016, 852214.0, (4.239242859972144, -98.61251124106516, -166.36226074674906, 125.87480906110024), 50.34649300575256)
Day:2 
(2, 7, 200, -14283.240255235016, 852214.0, (4.239242859972144, -98.61251124106516, -166.36226074674906, 125.87480906110024), 54.85804986953735)
Day:2 
(2, 8, 200, -14283.240255235016, 852214.0, (4.239242859972144, -98.61251124106516, -166.36226074674906, 125.87480906110024), 52.404733180999756)
Day:2 
(2, 9, 200, -14283.240255235016, 852214.0, (4.239242859972144, -98.61251124106516, -166.36226074674906, 125.87480906110024), 49.636186838150024)
Day:2 
(2, 10, 200, -14283.240255235016, 852214.0, (4.239242859972144, -98.61251124106516, -166.36226074674906, 125.87480906110024), 48.28493309020996)
Day:2 
(2, 11, 200, -14283.240255235016, 852214.0, (4.239242859972144, -98.61251124106516, -166.36226074674906, 125.87480906110024), 46.933762073516846)
Day:2 
(2, 12, 200, -14283.240255235016, 852214.0, (4.239242859972144, -98.61251124106516, -166.36226074674906, 125.87480906110024), 50.13302397727966)
Day:2 
(2, 13, 200, -14283.240255235016, 852214.0, (4.239242859972144, -98.61251124106516, -166.36226074674906, 125.87480906110024), 52.51700282096863)
Day:2 
(2, 14, 200, -14245.947095702495, 782253.0, (4.239242859972144, -98.61251124106516, -166.36226074674906, 125.87480906110024), 54.78097915649414)
Day:2 
(2, 15, 200, -14245.947095702495, 782253.0, (4.239242859972144, -98.61251124106516, -166.36226074674906, 125.87480906110024), 53.258898973464966)
Day:2 
(2, 16, 200, -14245.947095702495, 782253.0, (4.239242859972144, -98.61251124106516, -166.36226074674906, 125.87480906110024), 46.60970997810364)
Day:2 
(2, 17, 200, -14245.947095702495, 782253.0, (4.239242859972144, -98.61251124106516, -166.36226074674906, 125.87480906110024), 52.32887506484985)
Day:2 
(2, 18, 200, -14245.947095702495, 782253.0, (4.239242859972144, -98.61251124106516, -166.36226074674906, 125.87480906110024), 50.45510482788086)
Day:2 
(2, 19, 200, -14245.947095702495, 782253.0, (4.239242859972144, -98.61251124106516, -166.36226074674906, 125.87480906110024), 51.43766903877258)
Day:2 
(2, 20, 200, -14245.947095702495, 782253.0, (4.239242859972144, -98.61251124106516, -166.36226074674906, 125.87480906110024), 50.085700035095215)
Day:2 
(2, 21, 200, -14245.947095702495, 782253.0, (4.239242859972144, -98.61251124106516, -166.36226074674906, 125.87480906110024), 50.037405014038086)
Day:2 
(2, 22, 200, -14245.947095702495, 782253.0, (4.239242859972144, -98.61251124106516, -166.36226074674906, 125.87480906110024), 45.83396005630493)
Day:2 
(2, 23, 200, -14245.947095702495, 782253.0, (4.239242859972144, -98.61251124106516, -166.36226074674906, 125.87480906110024), 46.7058789730072)
Day:2 
(2, 24, 200, -14245.947095702495, 782253.0, (4.239242859972144, -98.61251124106516, -166.36226074674906, 125.87480906110024), 52.94284701347351)
Day:2 
(2, 25, 200, -14245.947095702495, 782253.0, (4.239242859972144, -98.61251124106516, -166.36226074674906, 125.87480906110024), 55.56872296333313)
Day:2 
(2, 26, 200, -14245.947095702495, 782253.0, (4.239242859972144, -98.61251124106516, -166.36226074674906, 125.87480906110024), 54.96186089515686)
Day:2 
(2, 27, 200, -14245.947095702495, 782253.0, (4.239242859972144, -98.61251124106516, -166.36226074674906, 125.87480906110024), 50.47844910621643)
Day:2 
(2, 28, 200, -14245.947095702495, 782253.0, (4.239242859972144, -98.61251124106516, -166.36226074674906, 125.87480906110024), 55.81485390663147)
Day:2 
(2, 29, 200, -14245.947095702495, 782253.0, (4.239242859972144, -98.61251124106516, -166.36226074674906, 125.87480906110024), 50.46566414833069)
Day:2 
(2, 30, 200, -14245.947095702495, 782253.0, (4.239242859972144, -98.61251124106516, -166.36226074674906, 125.87480906110024), 48.25810790061951)
Day:2 
(2, 31, 200, -14245.947095702495, 782253.0, (4.239242859972144, -98.61251124106516, -166.36226074674906, 125.87480906110024), 55.64178705215454)
Day:2 
(2, 32, 200, -14245.947095702495, 782253.0, (4.239242859972144, -98.61251124106516, -166.36226074674906, 125.87480906110024), 53.386455059051514)
Day:2 
(2, 33, 200, -14245.947095702495, 782253.0, (4.239242859972144, -98.61251124106516, -166.36226074674906, 125.87480906110024), 48.210115909576416)
Day:2 
(2, 34, 200, -14245.947095702495, 782253.0, (4.239242859972144, -98.61251124106516, -166.36226074674906, 125.87480906110024), 45.65716290473938)
Day:2 
(2, 35, 200, -14245.947095702495, 782253.0, (4.239242859972144, -98.61251124106516, -166.36226074674906, 125.87480906110024), 48.690322160720825)
Day:2 
(2, 36, 200, -14245.947095702495, 782253.0, (4.239242859972144, -98.61251124106516, -166.36226074674906, 125.87480906110024), 47.81903600692749)
Day:2 
(2, 37, 200, -14245.947095702495, 782253.0, (4.239242859972144, -98.61251124106516, -166.36226074674906, 125.87480906110024), 52.61233997344971)
Day:2 
(2, 38, 200, -14245.947095702495, 782253.0, (4.239242859972144, -98.61251124106516, -166.36226074674906, 125.87480906110024), 52.412075996398926)
Day:2 
(2, 39, 200, -14245.947095702495, 782253.0, (4.239242859972144, -98.61251124106516, -166.36226074674906, 125.87480906110024), 51.20817589759827)
Day:2 
(2, 40, 200, -14245.947095702495, 782253.0, (4.239242859972144, -98.61251124106516, -166.36226074674906, 125.87480906110024), 52.76390314102173)
Day:2 
(2, 41, 200, -14245.947095702495, 782253.0, (4.239242859972144, -98.61251124106516, -166.36226074674906, 125.87480906110024), 54.99025893211365)
Day:2 
(2, 42, 200, -14245.947095702495, 782253.0, (4.239242859972144, -98.61251124106516, -166.36226074674906, 125.87480906110024), 48.791558027267456)
Day:2 
(2, 43, 200, -14245.947095702495, 782253.0, (4.239242859972144, -98.61251124106516, -166.36226074674906, 125.87480906110024), 51.17882800102234)
Day:2 
(2, 44, 200, -14245.947095702495, 782253.0, (4.239242859972144, -98.61251124106516, -166.36226074674906, 125.87480906110024), 48.25531888008118)
Day:2 
(2, 45, 200, -14245.947095702495, 782253.0, (4.239242859972144, -98.61251124106516, -166.36226074674906, 125.87480906110024), 47.527058124542236)
Day:2 
(2, 46, 200, -14245.947095702495, 782253.0, (4.239242859972144, -98.61251124106516, -166.36226074674906, 125.87480906110024), 50.71286702156067)
Day:2 
(2, 47, 200, -14245.947095702495, 782253.0, (4.239242859972144, -98.61251124106516, -166.36226074674906, 125.87480906110024), 50.524104833602905)
Day:2 
(2, 48, 200, -14245.947095702495, 782253.0, (4.239242859972144, -98.61251124106516, -166.36226074674906, 125.87480906110024), 54.89171814918518)
Day:2 
(2, 49, 200, -14245.947095702495, 782253.0, (4.239242859972144, -98.61251124106516, -166.36226074674906, 125.87480906110024), 52.81810903549194)
Day:2 
(2, 50, 200, -14245.947095702495, 782253.0, (4.239242859972144, -98.61251124106516, -166.36226074674906, 125.87480906110024), 46.0097918510437)
Day:3 
(3, 0, 200, -27017.52415336306, 783210.0, (4.239242859972144, -98.61251124106516, -166.36226074674906, 125.87480906110024), 10.879837989807129)
Day:3 
(3, 1, 200, -26970.74963155281, 706410.0, (4.239242859972144, -98.61251124106516, -166.36226074674906, 125.87480906110024), 70.11829113960266)
Day:3 
(3, 2, 200, -26957.363100192757, 684345.0, (4.239242859972144, -98.61251124106516, -166.36226074674906, 125.87480906110024), 69.26313495635986)
Day:3 
(3, 3, 200, -26287.346740443758, 1110855.0, (4.239242859972144, 95.06330297975494, -166.36226074674906, 125.87480906110024), 78.05056691169739)
Day:3 
(3, 4, 200, -26287.346740443758, 1110855.0, (4.239242859972144, 95.06330297975494, -166.36226074674906, 125.87480906110024), 81.97044515609741)
Day:3 
(3, 5, 200, -26266.412820040197, 1110859.0, (4.239242859972144, 95.06330297975494, -166.36226074674906, 125.87480906110024), 87.68059492111206)
Day:3 
(3, 6, 200, -24280.897990836867, 1097216.0, (4.239242859972144, 95.06330297975494, -166.36226074674906, 125.87480906110024), 81.77191591262817)
Day:3 
(3, 7, 200, -24280.897990836867, 1097216.0, (4.239242859972144, 95.06330297975494, -166.36226074674906, 125.87480906110024), 75.53430318832397)
Day:3 
(3, 8, 200, -24283.538311655328, 1097217.0, (4.239242859972144, 95.06330297975494, -166.36226074674906, 125.87480906110024), 77.35817289352417)
Day:3 
(3, 9, 200, -24227.12969495643, 1010005.0, (4.239242859972144, 95.06330297975494, -166.36226074674906, 125.87480906110024), 77.48203301429749)
Day:3 
(3, 10, 200, -24230.630575370316, 1010009.0, (4.239242859972144, 95.06330297975494, -166.36226074674906, 125.87480906110024), 77.15949201583862)
Day:3 
(3, 11, 200, -24228.533561573095, 1010006.0, (4.239242859972144, 95.06330297975494, -166.36226074674906, 125.87480906110024), 71.25032091140747)
Day:3 
(3, 12, 200, -24227.12969495643, 1010005.0, (4.239242859972144, 95.06330297975494, -166.36226074674906, 125.87480906110024), 75.96357703208923)
Day:3 
(3, 13, 200, -24227.12969495643, 1010005.0, (4.239242859972144, 95.06330297975494, -166.36226074674906, 125.87480906110024), 76.27754592895508)
Day:3 
(3, 14, 200, -24227.12969495643, 1010005.0, (4.239242859972144, 95.06330297975494, -166.36226074674906, 125.87480906110024), 79.72223210334778)
Day:3 
(3, 15, 200, -24230.159102421254, 1010006.0, (4.239242859972144, 95.06330297975494, -166.36226074674906, 125.87480906110024), 77.38333296775818)
Day:3 
(3, 16, 200, -24206.902605011088, 1010012.0, (4.239242859972144, 95.06330297975494, -166.36226074674906, 125.87480906110024), 73.12019205093384)
Day:3 
(3, 17, 200, -24211.33587909257, 1010014.0, (4.239242859972144, 95.06330297975494, -166.36226074674906, 125.87480906110024), 81.59558701515198)
Day:3 
(3, 18, 200, -24191.93240327597, 1010021.0, (4.239242859972144, 95.06330297975494, -166.36226074674906, 125.87480906110024), 74.87140893936157)
Day:3 
(3, 19, 200, -24191.93240327597, 1010021.0, (4.239242859972144, 95.06330297975494, -166.36226074674906, 125.87480906110024), 80.77327013015747)
Day:3 
(3, 20, 200, -24191.93240327597, 1010021.0, (4.239242859972144, 95.06330297975494, -166.36226074674906, 125.87480906110024), 74.73201298713684)
Day:3 
(3, 21, 200, -24198.68436538617, 1010025.0, (4.239242859972144, 95.06330297975494, -166.36226074674906, 125.87480906110024), 74.64696002006531)
Day:3 
(3, 22, 200, -24185.45584331425, 1010029.0, (4.239242859972144, 95.06330297975494, -166.36226074674906, 125.87480906110024), 88.90818881988525)
Day:3 
(3, 23, 200, -24185.45584331425, 1010029.0, (4.239242859972144, 95.06330297975494, -166.36226074674906, 125.87480906110024), 78.52791404724121)
Day:3 
(3, 24, 200, -24184.051976697585, 1010028.0, (4.239242859972144, 95.06330297975494, -166.36226074674906, 125.87480906110024), 74.73781609535217)
Day:3 
(3, 25, 200, -24184.051976697585, 1010028.0, (4.239242859972144, 95.06330297975494, -166.36226074674906, 125.87480906110024), 81.50782084465027)
Day:3 
(3, 26, 200, -24184.051976697585, 1010028.0, (4.239242859972144, 95.06330297975494, -166.36226074674906, 125.87480906110024), 80.96803498268127)
Day:3 
(3, 27, 200, -24185.45584331425, 1010029.0, (4.239242859972144, 95.06330297975494, -166.36226074674906, 125.87480906110024), 77.913565158844)
Day:3 
(3, 28, 200, -21581.927056200195, 395755.0, (22.22419060597198, 95.06330297975494, -166.36226074674906, 125.87480906110024), 76.70624899864197)
Day:3 
(3, 29, 200, -21561.893635147935, 385902.0, (22.22419060597198, 95.06330297975494, -166.36226074674906, 125.87480906110024), 108.38916897773743)
Day:3 
(3, 30, 200, -21474.50080024304, 384129.0, (22.22419060597198, 95.06330297975494, -166.36226074674906, 125.87480906110024), 99.10060691833496)
Day:3 
(3, 31, 200, -17010.20608419208, 272683.0, (16.44036237836036, 95.06330297975494, -166.36226074674906, 125.87480906110024), 96.54916596412659)
Day:3 
(3, 32, 200, -16989.249870806307, 271338.0, (16.44036237836036, 95.06330297975494, -166.36226074674906, 125.87480906110024), 103.25976705551147)
Day:3 
(3, 33, 200, -16977.41194624809, 270404.0, (16.44036237836036, 95.06330297975494, -166.36226074674906, 125.87480906110024), 92.02942299842834)
Day:3 
(3, 34, 200, -16981.4820165501, 270711.0, (16.44036237836036, 95.06330297975494, -166.36226074674906, 125.87480906110024), 97.88785004615784)
Day:3 
(3, 35, 200, -16933.884779758904, 270739.0, (16.44036237836036, 95.06330297975494, -166.36226074674906, 125.87480906110024), 102.53711986541748)
Day:3 
(3, 36, 200, -16913.684889999542, 270819.0, (16.44036237836036, 95.06330297975494, -166.36226074674906, 125.87480906110024), 100.21975708007812)
Day:3 
(3, 37, 200, -16912.86418498723, 270842.0, (16.44036237836036, 95.06330297975494, -166.36226074674906, 125.87480906110024), 91.4064290523529)
Day:3 
(3, 38, 200, -16906.751883434135, 270220.0, (16.44036237836036, 95.06330297975494, -166.36226074674906, 125.87480906110024), 88.93464398384094)
Day:3 
(3, 39, 200, -16888.536430887343, 270760.0, (16.44036237836036, 95.06330297975494, -166.36226074674906, 125.87480906110024), 88.20197701454163)
Day:3 
(3, 40, 200, -16857.702815338926, 269905.0, (16.44036237836036, 95.06330297975494, -166.36226074674906, 125.87480906110024), 101.81580996513367)
Day:3 
(3, 41, 200, -16848.688731406462, 270147.0, (16.44036237836036, 95.06330297975494, -166.36226074674906, 125.87480906110024), 99.62476897239685)
Day:3 
(3, 42, 200, -16833.08645231477, 268654.0, (16.44036237836036, 95.06330297975494, -166.36226074674906, 125.87480906110024), 96.31688213348389)
Day:3 
(3, 43, 200, -16828.03162150125, 268969.0, (16.44036237836036, 95.06330297975494, -166.36226074674906, 125.87480906110024), 93.54295086860657)
Day:3 
(3, 44, 200, -16831.482814343835, 268946.0, (16.44036237836036, 95.06330297975494, -166.36226074674906, 125.87480906110024), 89.50537896156311)
Day:3 
(3, 45, 200, -16826.899138995635, 265618.0, (16.44036237836036, 95.06330297975494, -166.36226074674906, 125.87480906110024), 88.3950400352478)
Day:3 
(3, 46, 200, -16824.92179116566, 265545.0, (16.44036237836036, 95.06330297975494, -166.36226074674906, 125.87480906110024), 95.64023804664612)
Day:3 
(3, 47, 200, -15308.923128346054, 491447.0, (16.44036237836036, 95.06330297975494, 252.26774537960446, 125.87480906110024), 72.79553389549255)
Day:3 
(3, 48, 200, -15299.174905945158, 481773.0, (16.44036237836036, 95.06330297975494, 252.26774537960446, 125.87480906110024), 79.95485210418701)
Day:3 
(3, 49, 200, -14386.355916692417, 225738.0, (11.513919591667445, 95.06330297975494, 252.26774537960446, 125.87480906110024), 70.23611497879028)
Day:3 
(3, 50, 200, -14353.45700697918, 215563.0, (11.513919591667445, 95.06330297975494, 252.26774537960446, 125.87480906110024), 88.84428405761719)