
Day:1 
(1, 0, 100, -16205.172060440973, 1745378.0, (25.18537434503385, 17.20316760546202, 2.967447666412948, 1.9320773092440051), 4.571470022201538)
Day:1 
(1, 1, 100, -25.457693308790855, 4.0, (1.0924871816508392, 2.1367782102224755, 13.422487082101268, 9.381109779765136), 30.551401138305664)
Day:1 
(1, 2, 100, -25.53432363862094, 36.0, (7.583907772808162, 4.392669424646879, 3.5262937990177226, 10.290090091550747), 30.53791880607605)
Day:1 
(1, 3, 100, -30.367576861984027, 9.0, (0.9516406588445747, 6.897718032497391, 14.67385453566375, 52.56633638299534), 32.20110321044922)
Day:1 
(1, 4, 100, -29.469486350027005, 196.0, (26.302859486393967, 3.363821102072856, 14.537120427363211, 18.26077902910448), 30.522117853164673)
Day:1 
(1, 5, 100, -26.697573745692058, 1024.0, (2.0987819652487922, 5.63822441151625, 7.885488905172651, 12.91975899819552), 30.93426012992859)
Day:1 
(1, 6, 100, -26.12987960962002, 49.0, (2.4549549973916625, 2.1588195981240665, 0.01691902826580235, 27.70335563019822), 30.6943039894104)
Day:1 
(1, 7, 100, -25.981267325880097, 81.0, (8.135718339828458, 1.5723366897864641, 0.2617960524944797, 20.472622173146856), 31.252871990203857)
Day:1 
(1, 8, 100, -25.597444788788344, 1.0, (2.5151173092444457, 9.966900946381768, 2.3389561611573186, 12.607204581376694), 31.42504596710205)
Day:1 
(1, 9, 100, -26.639982708481288, 400.0, (0.05320295525900816, 4.4382224324535295, 18.90261456109787, 6.147628503318914), 30.54099702835083)
Day:1 
(1, 10, 100, -27.60035818992691, 169.0, (4.5599881777295925, 1.1197598757560716, 18.54761943259013, 21.49837849865358), 31.113931894302368)
Day:1 
(1, 11, 100, -27.872064962590848, 2401.0, (2.139354453964274, 2.699848372800804, 2.268715124646187, 18.232007393092793), 30.188660144805908)
Day:1 
(1, 12, 100, -29.312862295073664, 121.0, (13.356330048037949, 20.941346079129648, 5.347110134031291, 23.700312422783924), 32.040926933288574)
Day:1 
(1, 13, 100, -26.878125468092122, 169.0, (11.03382169792201, 10.646804903468693, 1.2676611031529583, 15.5077470087888), 32.737504959106445)
Day:1 
(1, 14, 100, -29.921897113850047, 1024.0, (1.0889611689241154, 9.155066851722387, 26.679351701276932, 23.214228871101326), 32.37083411216736)
Day:1 
(1, 15, 100, -39.46139679753884, 5776.0, (12.618609734148755, 25.741232282836393, 3.17809454915851, 64.09666080070878), 32.00573778152466)
Day:1 
(1, 16, 100, -24.521971710433995, 4.0, (2.485751484344231, 1.159527117964918, 1.499295913465895, 11.513644029718781), 30.58123517036438)
Day:1 
(1, 17, 100, -26.365914806925645, 196.0, (4.001880384424416, 3.300724012037786, 0.9209639089172057, 24.879907325673386), 30.627092838287354)
Day:1 
(1, 18, 100, -27.09388579571916, 121.0, (14.69904092856191, 6.014829189253896, 3.735722941762625, 16.825912467052532), 31.70449209213257)
Day:1 
(1, 19, 100, -33.0454103618805, 4.0, (34.83350633950598, 17.351096844554917, 18.877216044224767, 30.849482879629424), 31.73150396347046)
Day:1 
(1, 20, 100, -31.122529138094624, 2809.0, (6.4230530424431524, 14.050954787408962, 21.177915228345363, 13.79675727526371), 31.468407154083252)
Day:1 
(1, 21, 100, -27.35928479048371, 225.0, (6.081062133058186, 4.0640120950487875, 22.169426082366638, 10.3325795983524), 31.143396854400635)
Day:1 
(1, 22, 100, -25.86365099840859, 324.0, (6.317275060899683, 2.2275568293731, 6.3702369841501465, 7.9180035247077125), 32.408894062042236)
Day:1 
(1, 23, 100, -26.283604480073485, 841.0, (1.50691742928599, 1.8954746293986058, 13.573354884726593, 8.654443665626003), 32.37249994277954)
Day:1 
(1, 24, 100, -29.004188622246453, 361.0, (21.641274349040046, 9.597925603497096, 6.952806288503602, 18.39327751348525), 31.355803966522217)
Day:1 
(1, 25, 100, -28.118529443489074, 1936.0, (0.9380389434669437, 4.256886344400258, 15.523779407452517, 11.93137437865682), 31.879075050354004)
Day:1 
(1, 26, 100, -29.713095590749845, 0.0, (9.801339449564882, 12.423204052298468, 0.1070699834956208, 46.28801163829068), 30.47702193260193)
Day:1 
(1, 27, 100, -26.684771590478018, 1.0, (11.49394851815223, 0.8025061592022246, 14.426380249916999, 11.449077186441555), 31.96156907081604)
Day:1 
(1, 28, 100, -34.027946651864426, 529.0, (6.503267307709682, 39.23517707837369, 8.838857595426356, 51.72271036964595), 31.55573010444641)
Day:1 
(1, 29, 100, -29.708878426131722, 1.0, (3.1957442389000157, 19.12233699739587, 28.85037907895969, 17.403754846441778), 31.59791588783264)
Day:1 
(1, 30, 100, -25.57849765578976, 676.0, (1.5000421508530526, 1.983940366341963, 5.219193087683109, 12.025169891687034), 31.23239803314209)
Day:1 
(1, 31, 100, -26.356099671367517, 1.0, (4.457540207515474, 3.5819730994201238, 6.373393311407534, 20.621751974285427), 32.13986587524414)
Day:1 
(1, 32, 100, -30.787414001665887, 676.0, (8.693695146904927, 0.245702184967151, 21.84159868153408, 41.60066423011487), 32.40736508369446)
Day:1 
(1, 33, 100, -26.1419302620232, 121.0, (8.543408967081175, 0.6515718686691631, 2.334896614816873, 20.229398857261668), 32.392499923706055)
Day:1 
(1, 34, 100, -30.589619905957143, 676.0, (6.619172105144488, 9.893687911969439, 22.607450128486402, 31.719278460368667), 31.531808137893677)
Day:1 
(1, 35, 100, -34.94680460819764, 1444.0, (10.561542633025265, 11.98402534750541, 40.145028136349936, 43.35090690242177), 31.247493028640747)
Day:1 
(1, 36, 100, -25.296936386819354, 100.0, (1.3495460929645973, 5.732293385385678, 2.866931337152062, 13.453947209221528), 31.36074686050415)
Day:1 
(1, 37, 100, -25.965565585389317, 289.0, (4.305084902381713, 4.989124575932121, 5.950809280670693, 13.117708468355803), 31.60220217704773)
Day:1 
(1, 38, 100, -31.57219080347234, 401.0, (21.592206995036026, 10.79496455232305, 3.0144423875406923, 18.30833931704399), 32.99310278892517)
Day:1 
(1, 39, 100, -31.33388187532797, 289.0, (7.650913563323312, 5.566222094792018, 1.14045931588689, 67.46931809893283), 31.81681203842163)
Day:1 
(1, 40, 100, -29.526053281155257, 169.0, (19.096946902135397, 7.757736298267142, 9.982909860873889, 28.14510383565555), 32.25491404533386)
Day:1 
(1, 41, 100, -27.75925067404057, 9.0, (1.9974953058713578, 10.690284711005672, 20.736352461492828, 15.551876337751422), 31.720716953277588)
Day:1 
(1, 42, 100, -26.48230719324739, 121.0, (2.9938918303092232, 7.175724837167516, 0.8395205714566367, 24.03059682819365), 32.001644134521484)
Day:1 
(1, 43, 100, -28.736850720239836, 4.0, (13.634739179111978, 5.421681366858642, 25.55390977106463, 14.051489411230067), 31.841593980789185)
Day:1 
(1, 44, 100, -30.61954898118744, 1089.0, (20.54119078470188, 8.644285993380567, 1.6532278602136696, 36.293612238785364), 31.186156034469604)
Day:1 
(1, 45, 100, -25.144875321959486, 196.0, (0.4018216501788365, 0.1584061116452162, 2.158072424750838, 18.342227736416557), 32.19897985458374)
Day:1 
(1, 46, 100, -26.222628669637242, 81.0, (7.900622965633131, 1.328628137465799, 4.751178405565222, 18.97294688937618), 32.004220962524414)
Day:1 
(1, 47, 100, -27.482515713267794, 784.0, (2.250435103661043, 5.246507974608592, 21.71361166477127, 9.457902352293322), 31.772828102111816)
Day:1 
(1, 48, 100, -27.619117280783424, 324.0, (0.21713839438798135, 11.475968103990635, 12.7111848822691, 19.915219149694643), 31.512446880340576)
Day:1 
(1, 49, 100, -30.046618592121106, 25.0, (11.555080209767809, 13.427757184332433, 5.836310521349133, 40.91126701975776), 31.80922818183899)
Day:1 
(1, 50, 100, -28.446055834348254, 169.0, (0.14308592358347155, 11.537668353003188, 30.92980701399909, 11.713716178200666), 32.706717014312744)
Day:2 
(2, 0, 100, -3441.3620026571066, 138374.0, (0.14308592358347155, 11.537668353003188, 30.92980701399909, 11.713716178200666), 10.501741886138916)
Day:2 
(2, 1, 100, -653.9529325394948, 144616.0, (0.996893694261344, 5.538311515909807, 6.430849368298172, 6.520542556636909), 162.8697030544281)
Day:2 
(2, 2, 100, -631.9413065683553, 134279.0, (0.996893694261344, 5.538311515909807, 6.430849368298172, 6.520542556636909), 172.30805802345276)
Day:2 
(2, 3, 100, -616.7413009531425, 127907.0, (0.996893694261344, 5.538311515909807, 6.430849368298172, 6.520542556636909), 177.731055021286)
Day:2 
(2, 4, 100, -231.2689254043429, 24686.0, (4.026548429356335, 4.152952203451325, 7.5498318121495345, 6.705827417360844), 182.18724489212036)
Day:2 
(2, 5, 100, -213.95034346583824, 20492.0, (4.026548429356335, 4.152952203451325, 7.5498318121495345, 6.705827417360844), 152.67584109306335)
Day:2 
(2, 6, 100, -211.17420242442293, 18016.0, (4.026548429356335, 4.152952203451325, 7.5498318121495345, 6.705827417360844), 197.30212688446045)
Day:2 
(2, 7, 100, -206.22585992511645, 19088.0, (4.026548429356335, 4.152952203451325, 7.5498318121495345, 6.705827417360844), 236.52143502235413)
Day:2 
(2, 8, 100, -209.21016768178114, 20200.0, (4.026548429356335, 4.152952203451325, 7.5498318121495345, 6.705827417360844), 208.31188106536865)
Day:2 
(2, 9, 100, -207.7497406542164, 20071.0, (4.026548429356335, 4.152952203451325, 7.5498318121495345, 6.705827417360844), 228.9862298965454)
Day:2 
(2, 10, 100, -208.4485392533784, 20132.0, (4.026548429356335, 4.152952203451325, 7.5498318121495345, 6.705827417360844), 188.69985103607178)
Day:2 
(2, 11, 100, -210.8385682624124, 20468.0, (4.026548429356335, 4.152952203451325, 7.5498318121495345, 6.705827417360844), 170.28661799430847)
Day:2 
(2, 12, 100, -209.2628069651765, 18561.0, (4.026548429356335, 4.152952203451325, 7.5498318121495345, 6.705827417360844), 166.74508810043335)
Day:2 
(2, 13, 100, -211.09005374244595, 19904.0, (4.026548429356335, 4.152952203451325, 7.5498318121495345, 6.705827417360844), 176.71535801887512)
Day:2 
(2, 14, 100, -139.12900429915257, 5326.0, (5.239568244098273, 9.472921927982874, 10.929491877433355, 9.79354063139547), 204.77127194404602)
Day:2 
(2, 15, 100, -132.8119008700913, 4835.0, (5.239568244098273, 9.472921927982874, 10.929491877433355, 9.79354063139547), 207.18887305259705)
Day:2 
(2, 16, 100, -124.86910862502506, 4208.0, (5.239568244098273, 9.472921927982874, 10.929491877433355, 9.79354063139547), 263.7550609111786)
Day:2 
(2, 17, 100, -128.31680473998347, 4233.0, (5.239568244098273, 9.472921927982874, 10.929491877433355, 9.79354063139547), 200.22016501426697)
Day:2 
(2, 18, 100, -120.09528449622873, 2832.0, (5.239568244098273, 9.472921927982874, 10.929491877433355, 9.79354063139547), 244.6228950023651)
Day:2 
(2, 19, 100, -128.14918839173347, 2941.0, (5.239568244098273, 9.472921927982874, 10.929491877433355, 9.79354063139547), 233.51368188858032)
Day:2 
(2, 20, 100, -123.5694777587295, 3426.0, (5.239568244098273, 9.472921927982874, 10.929491877433355, 9.79354063139547), 175.2478940486908)
Day:2 
(2, 21, 100, -124.52776878822854, 4917.0, (5.239568244098273, 9.472921927982874, 10.929491877433355, 9.79354063139547), 221.40513515472412)
Day:2 
(2, 22, 100, -122.99627307786999, 3681.0, (5.239568244098273, 9.472921927982874, 10.929491877433355, 9.79354063139547), 239.86503100395203)
Day:2 
(2, 23, 100, -120.6649051979523, 2304.0, (5.239568244098273, 9.472921927982874, 10.929491877433355, 9.79354063139547), 228.0901780128479)
Day:2 
(2, 24, 100, -123.37373304180699, 2910.0, (5.239568244098273, 9.472921927982874, 10.929491877433355, 9.79354063139547), 204.40950298309326)
Day:2 
(2, 25, 100, -119.87708866913596, 2666.0, (5.239568244098273, 9.472921927982874, 10.929491877433355, 9.79354063139547), 175.5080029964447)
Day:2 
(2, 26, 100, -122.36267028591038, 3823.0, (5.239568244098273, 9.472921927982874, 10.929491877433355, 9.79354063139547), 193.72234392166138)
Day:2 
(2, 27, 100, -125.93016242134938, 3811.0, (5.239568244098273, 9.472921927982874, 10.929491877433355, 9.79354063139547), 207.64409494400024)
Day:2 
(2, 28, 100, -125.84513942929539, 2300.0, (5.239568244098273, 9.472921927982874, 10.929491877433355, 9.79354063139547), 227.13243198394775)
Day:2 
(2, 29, 100, -122.29616209659397, 3070.0, (5.239568244098273, 9.472921927982874, 10.929491877433355, 9.79354063139547), 213.64004397392273)
Day:2 
(2, 30, 100, -123.31413011847343, 3434.0, (5.239568244098273, 9.472921927982874, 10.929491877433355, 9.79354063139547), 288.04396414756775)
Day:2 
(2, 31, 100, -127.11845693770509, 4880.0, (5.239568244098273, 9.472921927982874, 10.929491877433355, 9.79354063139547), 218.26897883415222)
Day:2 
(2, 32, 100, -120.15550633751413, 3365.0, (5.239568244098273, 9.472921927982874, 10.929491877433355, 9.79354063139547), 217.28369903564453)
Day:2 
(2, 33, 100, -121.92635408611734, 4690.0, (5.239568244098273, 9.472921927982874, 10.929491877433355, 9.79354063139547), 249.93236804008484)
Day:2 
(2, 34, 100, -125.84225647322891, 4784.0, (5.239568244098273, 9.472921927982874, 10.929491877433355, 9.79354063139547), 243.26009702682495)
Day:2 
(2, 35, 100, -127.62414597274315, 4104.0, (5.239568244098273, 9.472921927982874, 10.929491877433355, 9.79354063139547), 224.60611701011658)
Day:2 
(2, 36, 100, -120.02795626467025, 3600.0, (5.239568244098273, 9.472921927982874, 10.929491877433355, 9.79354063139547), 235.1467719078064)
Day:2 
(2, 37, 100, -124.26102609458817, 2586.0, (5.239568244098273, 9.472921927982874, 10.929491877433355, 9.79354063139547), 200.3847370147705)
Day:2 
(2, 38, 100, -121.15858115640704, 2447.0, (5.239568244098273, 9.472921927982874, 10.929491877433355, 9.79354063139547), 218.2446801662445)
Day:2 
(2, 39, 100, -126.83670192471288, 4181.0, (5.239568244098273, 9.472921927982874, 10.929491877433355, 9.79354063139547), 207.16622495651245)
Day:2 
(2, 40, 100, -120.44496247627698, 4252.0, (5.239568244098273, 9.472921927982874, 10.929491877433355, 9.79354063139547), 212.5540750026703)
Day:2 
(2, 41, 100, -117.91557730364352, 2065.0, (5.239568244098273, 9.472921927982874, 10.929491877433355, 9.79354063139547), 187.45279502868652)
Day:2 
(2, 42, 100, -120.61678418015572, 2840.0, (5.239568244098273, 9.472921927982874, 10.929491877433355, 9.79354063139547), 201.39199090003967)
Day:2 
(2, 43, 100, -123.0903901871029, 2593.0, (5.239568244098273, 9.472921927982874, 10.929491877433355, 9.79354063139547), 233.6504819393158)
Day:2 
(2, 44, 100, -126.7411109023445, 2084.0, (5.239568244098273, 9.472921927982874, 10.929491877433355, 9.79354063139547), 221.45258712768555)
Day:2 
(2, 45, 100, -125.38144815219844, 4442.0, (5.239568244098273, 9.472921927982874, 10.929491877433355, 9.79354063139547), 197.40494799613953)
Day:2 
(2, 46, 100, -121.6979490289295, 3988.0, (5.239568244098273, 9.472921927982874, 10.929491877433355, 9.79354063139547), 217.22511196136475)
Day:2 
(2, 47, 100, -121.25109662248015, 3254.0, (5.239568244098273, 9.472921927982874, 10.929491877433355, 9.79354063139547), 234.39349007606506)
Day:2 
(2, 48, 100, -124.15995990259513, 3470.0, (5.239568244098273, 9.472921927982874, 10.929491877433355, 9.79354063139547), 217.74638080596924)
Day:2 
(2, 49, 100, -121.33241088822994, 3070.0, (5.239568244098273, 9.472921927982874, 10.929491877433355, 9.79354063139547), 215.4447841644287)
Day:2 
(2, 50, 100, -125.17379457801805, 2616.0, (5.239568244098273, 9.472921927982874, 10.929491877433355, 9.79354063139547), 229.3486819267273)