
Day:1 
(1, 0, 200, -38.52418118417772, 3721.0, (-13.164719285595723, 67.22861591507717, 2.3230706108174215, 50.38406628200798), 4.084294080734253)
Day:1 
(1, 1, 200, -33.94206176947741, 0.0, (-29.448684527484737, -17.705217922298434, 47.33242252977201, 44.902647381528276), 7.792352914810181)
Day:1 
(1, 2, 200, -34.32109701417487, 256.0, (-29.448684527484737, -66.54082915443958, -10.121843170055616, -15.590496381909565), 8.542790174484253)
Day:1 
(1, 3, 200, -35.54959448312498, 4.0, (-1.2405391221965048, -66.54082915443958, 60.4081768408588, -15.590496381909565), 9.22638988494873)
Day:1 
(1, 4, 200, -33.30322491480861, 2025.0, (-1.2405391221965048, -14.087455700710278, 17.35452243076484, 3.894296494707835), 8.816383123397827)
Day:1 
(1, 5, 200, -33.21633464546988, 1849.0, (-21.161122122174536, -14.087455700710278, -5.849799053960114, 3.010570536348509), 8.376551866531372)
Day:1 
(1, 6, 200, -31.71010813464901, 36.0, (-30.395371206771507, -11.978751205471415, -15.033078072136222, 3.010570536348509), 9.046895980834961)
Day:1 
(1, 7, 200, -33.903678133947025, 400.0, (20.579369318489608, 13.441091325568122, 56.40974447443406, 29.78102958725202), 8.512264966964722)
Day:1 
(1, 8, 200, -35.1875305188944, 1156.0, (43.25816393716333, -42.14639099285382, -33.568869991716454, 29.78102958725202), 8.526777029037476)
Day:1 
(1, 9, 200, -35.16109511458607, 4.0, (-0.13657121385001084, -42.14639099285382, -33.568869991716454, 68.69753152915446), 9.192110061645508)
Day:1 
(1, 10, 200, -34.24139100201223, 289.0, (-50.44532807043067, -1.2334613620684207, -33.568869991716454, 41.9865845251753), 9.139590978622437)
Day:1 
(1, 11, 200, -34.36812973397264, 36.0, (-50.44532807043067, 0.8249847752458871, -48.7751732917971, 34.77624972418388), 8.664546966552734)
Day:1 
(1, 12, 200, -33.90931039633847, 576.0, (-46.08035025215439, 0.8249847752458871, 38.51928884880236, 27.700696361613932), 9.04286003112793)
Day:1 
(1, 13, 200, -31.451830105807623, 49.0, (16.774787960254475, -5.525899404722763, 10.56993377724982, 20.89028643365142), 8.709485054016113)
Day:1 
(1, 14, 200, -32.861751159359926, 1369.0, (16.774787960254475, 9.139236087829484, 12.105341493382634, 20.89028643365142), 9.043400049209595)
Day:1 
(1, 15, 200, -35.876917231077904, 1.0, (7.4987403798855095, 9.139236087829484, 90.17452718525223, 25.454741803348558), 8.851212978363037)
Day:1 
(1, 16, 200, -36.35625221300316, 81.0, (-36.83796119493401, 9.708035069746636, 90.17452718525223, 1.7737917034773971), 9.237186908721924)
Day:1 
(1, 17, 200, -35.55655900521707, 400.0, (-50.78868440355405, -59.528161786194325, 31.27127570652359, -22.288834061096892), 9.16821002960205)
Day:1 
(1, 18, 200, -38.59488669927069, 121.0, (-50.78868440355405, 87.39629079727104, -20.261197157473514, 54.36277269792372), 8.925049066543579)
Day:1 
(1, 19, 200, -34.56012132610434, 256.0, (-50.78868440355405, -11.124798129657988, -15.185298069567853, 56.00826636752052), 8.987581968307495)
Day:1 
(1, 20, 200, -36.23362192562969, 36.0, (-49.437042542476455, -11.825686816151446, 32.491593998146236, 76.57231610306849), 9.11362910270691)
Day:1 
(1, 21, 200, -32.752175215771956, 81.0, (-49.437042542476455, 4.930378011865269, 23.025249151762843, 11.93405082773988), 9.138189792633057)
Day:1 
(1, 22, 200, -31.747553995827733, 169.0, (-14.461439936559069, 4.930378011865269, 28.648085855017417, 11.93405082773988), 9.049889087677002)
Day:1 
(1, 23, 200, -33.0089743796293, 900.0, (28.598178930406327, 4.930378011865269, 28.648085855017417, 20.46716002348263), 9.330941915512085)
Day:1 
(1, 24, 200, -34.68370133624332, 64.0, (27.553378400655298, -43.12858863839869, 48.017321220289595, 41.52635315886968), 8.80500602722168)
Day:1 
(1, 25, 200, -34.99244895813321, 100.0, (-46.92314130230393, 30.102645892926514, 48.017321220289595, 41.52635315886968), 9.001727104187012)
Day:1 
(1, 26, 200, -31.39834556914541, 49.0, (-14.656047414322453, -23.01013443412552, -3.864254855314359, -1.7961573753201472), 8.65001893043518)
Day:1 
(1, 27, 200, -34.93625283591105, 324.0, (16.65368622069971, -68.1509847136566, -29.80869825725329, 29.230655439396763), 8.404783010482788)
Day:1 
(1, 28, 200, -32.97271570118024, 1296.0, (-31.268044961868434, -2.0158447789731215, -8.697664486222559, 15.041825818666721), 8.495682954788208)
Day:1 
(1, 29, 200, -32.46894491830232, 64.0, (-38.21855655376299, 8.175795541507267, -8.697664486222559, 32.78679306175701), 8.889909029006958)
Day:1 
(1, 30, 200, -32.89340219091626, 784.0, (-24.04454741542687, 8.175795541507267, 26.217348583380712, 29.162195305310448), 9.175992012023926)
Day:1 
(1, 31, 200, -31.955757767028754, 484.0, (15.052321883410688, 8.175795541507267, 7.569230052485213, 25.86655891321082), 9.422800064086914)
Day:1 
(1, 32, 200, -33.30685443013988, 1521.0, (13.920741549068097, -20.78667839178549, -19.653966071880998, 21.292308405599968), 8.785008907318115)
Day:1 
(1, 33, 200, -31.721817559437348, 361.0, (13.920741549068097, 8.166837409231903, -9.834544181846251, 21.292308405599968), 8.863265991210938)
Day:1 
(1, 34, 200, -31.855476027512218, 225.0, (-22.618967255986853, 9.552755698107335, -14.26695959888936, 21.292308405599968), 9.32892894744873)
Day:1 
(1, 35, 200, -33.56624865143392, 100.0, (18.520689302016123, -59.804221251287416, 14.756962718302473, 21.292308405599968), 9.463261127471924)
Day:1 
(1, 36, 200, -35.908002268698034, 900.0, (13.08014212713092, -72.04911362035553, 38.57799604419313, 21.292308405599968), 8.943289995193481)
Day:1 
(1, 37, 200, -34.300930189246245, 256.0, (-11.54651706268831, -72.04911362035553, -3.7695300081855683, 16.297869285313567), 9.10523009300232)
Day:1 
(1, 38, 200, -32.61796623114979, 169.0, (-11.54651706268831, -25.161421195544495, -3.7695300081855683, 44.52740473405018), 9.093908786773682)
Day:1 
(1, 39, 200, -34.39012695994557, 676.0, (-11.54651706268831, -5.1873975683400415, 69.7363337685859, 6.502584446568288), 9.273901224136353)
Day:1 
(1, 40, 200, -31.385870837777244, 0.0, (-11.54651706268831, -5.1873975683400415, 17.773718748521365, 18.974346404019016), 9.761600971221924)
Day:1 
(1, 41, 200, -36.333232874548216, 2704.0, (-35.08202061656529, -11.80690989667394, 17.773718748521365, 57.93189239764583), 8.796234846115112)
Day:1 
(1, 42, 200, -33.982000399269005, 0.0, (-46.22154690904204, 31.3882975560972, -37.55651462376572, 31.2525293379733), 9.199284076690674)
Day:1 
(1, 43, 200, -34.022878315473505, 4.0, (-46.22154690904204, 31.3882975560972, -14.501287157095202, 47.38604109334246), 9.45177698135376)
Day:1 
(1, 44, 200, -33.44522638888293, 81.0, (-46.22154690904204, 31.3882975560972, -26.209153990268383, 23.268552487002513), 9.471956014633179)
Day:1 
(1, 45, 200, -34.65238461821224, 1600.0, (-11.90196690501207, 17.366180042506894, 54.24598075358916, 23.268552487002513), 9.305077075958252)
Day:1 
(1, 46, 200, -32.37285569800834, 841.0, (-10.507405856430475, 9.996668357964845, -19.86032031234519, 23.268552487002513), 8.806274890899658)
Day:1 
(1, 47, 200, -32.249482746836264, 121.0, (-20.589045143375003, 6.9984721701221595, -33.858876760588686, 23.268552487002513), 9.213886976242065)
Day:1 
(1, 48, 200, -32.00166720437393, 121.0, (-33.17632710926709, -0.6494766379777621, -8.55091804555727, 23.268552487002513), 9.128262996673584)
Day:1 
(1, 49, 200, -32.28772722008465, 100.0, (31.995969189372833, -23.97192077682861, 9.930514750979535, 23.927857017928968), 9.450162172317505)
Day:1 
(1, 50, 200, -34.45060195399046, 1296.0, (31.995969189372833, -23.97192077682861, 47.83432665286451, 14.331225009701049), 9.53560996055603)
Day:2 
(2, 0, 200, -9724.480615627179, 795991.0, (31.995969189372833, -23.97192077682861, 47.83432665286451, 14.331225009701049), 11.245712041854858)
Day:2 
(2, 1, 200, -9338.666976293978, 600782.0, (31.995969189372833, -23.97192077682861, 47.83432665286451, 28.86039338539308), 49.23531794548035)
Day:2 
(2, 2, 200, -9339.46112984301, 600722.0, (31.995969189372833, -23.97192077682861, 47.83432665286451, 28.86039338539308), 45.797377824783325)
Day:2 
(2, 3, 200, -9338.619480619593, 600743.0, (31.995969189372833, -23.97192077682861, 47.83432665286451, 28.86039338539308), 47.13103222846985)
Day:2 
(2, 4, 200, -3588.7164805267403, 320057.0, (31.995969189372833, 36.93007518658389, 24.249778539899793, 28.86039338539308), 52.758487939834595)
Day:2 
(2, 5, 200, -3329.101208817724, 216250.0, (31.995969189372833, 33.01654675134179, 25.837122928769652, 28.86039338539308), 52.98830485343933)
Day:2 
(2, 6, 200, -1143.5346289312774, 104557.0, (17.269203501233374, 33.01654675134179, 25.837122928769652, 29.28571918122558), 47.211897134780884)
Day:2 
(2, 7, 200, -978.4778495102385, 104202.0, (17.269203501233374, 33.01654675134179, 25.837122928769652, 29.28571918122558), 45.71697688102722)
Day:2 
(2, 8, 200, -978.4778495102385, 104202.0, (17.269203501233374, 33.01654675134179, 25.837122928769652, 29.28571918122558), 56.26454997062683)
Day:2 
(2, 9, 200, -968.4202404761501, 103870.0, (17.269203501233374, 33.01654675134179, 25.837122928769652, 29.28571918122558), 56.99005913734436)
Day:2 
(2, 10, 200, -968.4202404761501, 103870.0, (17.269203501233374, 33.01654675134179, 25.837122928769652, 29.28571918122558), 53.63698101043701)
Day:2 
(2, 11, 200, -968.7193202709519, 104530.0, (17.269203501233374, 33.01654675134179, 25.837122928769652, 29.28571918122558), 56.47494697570801)
Day:2 
(2, 12, 200, -963.2831202119961, 104481.0, (17.269203501233374, 33.01654675134179, 25.837122928769652, 29.28571918122558), 56.68478798866272)
Day:2 
(2, 13, 200, -963.2831202119961, 104481.0, (17.269203501233374, 33.01654675134179, 25.837122928769652, 29.28571918122558), 55.17458510398865)
Day:2 
(2, 14, 200, -957.4953526199694, 104763.0, (17.269203501233374, 33.01654675134179, 25.837122928769652, 29.28571918122558), 54.384917974472046)
Day:2 
(2, 15, 200, -957.4953526199694, 104763.0, (17.269203501233374, 33.01654675134179, 25.837122928769652, 29.28571918122558), 54.49008584022522)
Day:2 
(2, 16, 200, -956.9906564611566, 103851.0, (17.269203501233374, 33.01654675134179, 25.837122928769652, 29.28571918122558), 45.696014165878296)
Day:2 
(2, 17, 200, -845.0710473999145, 104518.0, (17.269203501233374, 33.01654675134179, 25.837122928769652, 29.28571918122558), 53.28966498374939)
Day:2 
(2, 18, 200, -837.5591934323851, 104381.0, (17.269203501233374, 33.01654675134179, 25.837122928769652, 29.28571918122558), 49.69682598114014)
Day:2 
(2, 19, 200, -837.4997799084668, 104173.0, (17.269203501233374, 33.01654675134179, 25.837122928769652, 29.28571918122558), 54.28633904457092)
Day:2 
(2, 20, 200, -825.2528085797466, 103905.0, (17.269203501233374, 33.01654675134179, 25.837122928769652, 29.28571918122558), 50.444281816482544)
Day:2 
(2, 21, 200, -822.7316018818739, 102596.0, (17.269203501233374, 33.01654675134179, 25.837122928769652, 29.28571918122558), 61.47729015350342)
Day:2 
(2, 22, 200, -822.7910154057921, 102804.0, (17.269203501233374, 33.01654675134179, 25.837122928769652, 29.28571918122558), 49.82789397239685)
Day:2 
(2, 23, 200, -822.7910154057921, 102804.0, (17.269203501233374, 33.01654675134179, 25.837122928769652, 29.28571918122558), 49.008967876434326)
Day:2 
(2, 24, 200, -822.7910154057921, 102804.0, (17.269203501233374, 33.01654675134179, 25.837122928769652, 29.28571918122558), 51.14497900009155)
Day:2 
(2, 25, 200, -822.9306486647198, 103131.0, (17.269203501233374, 33.01654675134179, 25.837122928769652, 29.28571918122558), 55.235305070877075)
Day:2 
(2, 26, 200, -823.2096266149734, 103595.0, (17.269203501233374, 33.01654675134179, 25.837122928769652, 29.28571918122558), 48.484007120132446)
Day:2 
(2, 27, 200, -823.2096266149734, 103595.0, (17.269203501233374, 33.01654675134179, 25.837122928769652, 29.28571918122558), 58.1675238609314)
Day:2 
(2, 28, 200, -823.2096266149734, 103595.0, (17.269203501233374, 33.01654675134179, 25.837122928769652, 29.28571918122558), 60.9865620136261)
Day:2 
(2, 29, 200, -811.6063972043581, 103592.0, (17.269203501233374, 33.01654675134179, 25.837122928769652, 29.28571918122558), 52.668811082839966)
Day:2 
(2, 30, 200, -811.0904958225339, 102296.0, (17.269203501233374, 33.01654675134179, 25.837122928769652, 29.28571918122558), 50.06802582740784)
Day:2 
(2, 31, 200, -796.224580404548, 102229.0, (17.269203501233374, 33.01654675134179, 25.837122928769652, 29.28571918122558), 48.750033140182495)
Day:2 
(2, 32, 200, -796.224580404548, 102229.0, (17.269203501233374, 33.01654675134179, 25.837122928769652, 29.28571918122558), 55.177008867263794)
Day:2 
(2, 33, 200, -785.1183676258702, 101746.0, (17.269203501233374, 33.01654675134179, 25.837122928769652, 29.28571918122558), 48.82195520401001)
Day:2 
(2, 34, 200, -785.1183676258702, 101746.0, (17.269203501233374, 33.01654675134179, 25.837122928769652, 29.28571918122558), 48.463626861572266)
Day:2 
(2, 35, 200, -785.3252383405954, 101042.0, (17.269203501233374, 33.01654675134179, 25.837122928769652, 29.28571918122558), 55.806281089782715)
Day:2 
(2, 36, 200, -785.3252383405954, 101042.0, (17.269203501233374, 33.01654675134179, 25.837122928769652, 29.28571918122558), 57.302387952804565)
Day:2 
(2, 37, 200, -785.3252383405954, 101042.0, (17.269203501233374, 33.01654675134179, 25.837122928769652, 29.28571918122558), 61.51518893241882)
Day:2 
(2, 38, 200, -785.3252383405954, 101042.0, (17.269203501233374, 33.01654675134179, 25.837122928769652, 29.28571918122558), 53.804134130477905)
Day:2 
(2, 39, 200, -785.3252383405954, 101042.0, (17.269203501233374, 33.01654675134179, 25.837122928769652, 29.28571918122558), 50.29330492019653)
Day:2 
(2, 40, 200, -785.3252383405954, 101042.0, (17.269203501233374, 33.01654675134179, 25.837122928769652, 29.28571918122558), 51.10578203201294)
Day:2 
(2, 41, 200, -785.3252383405954, 101042.0, (17.269203501233374, 33.01654675134179, 25.837122928769652, 29.28571918122558), 49.714763879776)
Day:2 
(2, 42, 200, -782.3292010523576, 97622.0, (17.269203501233374, 33.01654675134179, 25.837122928769652, 29.28571918122558), 49.854382038116455)
Day:2 
(2, 43, 200, -782.2783953828741, 97703.0, (17.269203501233374, 33.01654675134179, 25.837122928769652, 29.28571918122558), 53.71588206291199)
Day:2 
(2, 44, 200, -782.2783953828741, 97703.0, (17.269203501233374, 33.01654675134179, 25.837122928769652, 29.28571918122558), 55.093843936920166)
Day:2 
(2, 45, 200, -782.2783953828741, 97703.0, (17.269203501233374, 33.01654675134179, 25.837122928769652, 29.28571918122558), 51.92750096321106)
Day:2 
(2, 46, 200, -782.2783953828741, 97703.0, (17.269203501233374, 33.01654675134179, 25.837122928769652, 29.28571918122558), 50.40537714958191)
Day:2 
(2, 47, 200, -782.2783953828741, 97703.0, (17.269203501233374, 33.01654675134179, 25.837122928769652, 29.28571918122558), 53.371986865997314)
Day:2 
(2, 48, 200, -782.2783953828741, 97703.0, (17.269203501233374, 33.01654675134179, 25.837122928769652, 29.28571918122558), 50.444876194000244)
Day:2 
(2, 49, 200, -782.2783953828741, 97703.0, (17.269203501233374, 33.01654675134179, 25.837122928769652, 29.28571918122558), 47.62888193130493)
Day:2 
(2, 50, 200, -782.2783953828741, 97703.0, (17.269203501233374, 33.01654675134179, 25.837122928769652, 29.28571918122558), 49.794594049453735)
Day:3 
(3, 0, 200, -1467.0662084736473, 109167.0, (17.269203501233374, 33.01654675134179, 25.837122928769652, 29.28571918122558), 15.057750940322876)
Day:3 
(3, 1, 200, -1443.2209138572425, 108082.0, (17.269203501233374, 33.01654675134179, 25.837122928769652, 29.28571918122558), 109.51874685287476)
Day:3 
(3, 2, 200, -1401.3813976115257, 79641.0, (17.269203501233374, 33.01654675134179, 25.837122928769652, 29.28571918122558), 108.44131016731262)
Day:3 
(3, 3, 200, -1357.8434441891677, 76095.0, (17.269203501233374, 33.01654675134179, 25.837122928769652, 29.28571918122558), 119.14907002449036)
Day:3 
(3, 4, 200, -1357.8434441891677, 76095.0, (17.269203501233374, 33.01654675134179, 25.837122928769652, 29.28571918122558), 108.40815091133118)
Day:3 
(3, 5, 200, -1356.5557287828753, 76094.0, (17.269203501233374, 33.01654675134179, 25.837122928769652, 29.28571918122558), 101.72644901275635)
Day:3 
(3, 6, 200, -1345.9746462234998, 75959.0, (17.269203501233374, 33.01654675134179, 25.837122928769652, 29.28571918122558), 111.33265995979309)
Day:3 
(3, 7, 200, -1345.9746462234998, 75959.0, (17.269203501233374, 33.01654675134179, 25.837122928769652, 29.28571918122558), 106.51799702644348)
Day:3 
(3, 8, 200, -1334.2718149872715, 75303.0, (17.269203501233374, 33.01654675134179, 25.837122928769652, 29.28571918122558), 108.77332210540771)
Day:3 
(3, 9, 200, -1334.2718149872715, 75303.0, (17.269203501233374, 33.01654675134179, 25.837122928769652, 29.28571918122558), 119.7299427986145)
Day:3 
(3, 10, 200, -1334.2718149872715, 75303.0, (17.269203501233374, 33.01654675134179, 25.837122928769652, 29.28571918122558), 108.26005220413208)
Day:3 
(3, 11, 200, -1317.2306405651177, 75420.0, (17.269203501233374, 33.01654675134179, 25.837122928769652, 29.28571918122558), 127.15738892555237)
Day:3 
(3, 12, 200, -1317.2306405651177, 75420.0, (17.269203501233374, 33.01654675134179, 25.837122928769652, 29.28571918122558), 110.73326396942139)
Day:3 
(3, 13, 200, -1317.2306405651177, 75420.0, (17.269203501233374, 33.01654675134179, 25.837122928769652, 29.28571918122558), 122.86762809753418)
Day:3 
(3, 14, 200, -1312.178014518119, 75359.0, (17.269203501233374, 33.01654675134179, 25.837122928769652, 29.28571918122558), 121.01931500434875)
Day:3 
(3, 15, 200, -1312.178014518119, 75359.0, (17.269203501233374, 33.01654675134179, 25.837122928769652, 29.28571918122558), 109.92885184288025)
Day:3 
(3, 16, 200, -1312.178014518119, 75359.0, (17.269203501233374, 33.01654675134179, 25.837122928769652, 29.28571918122558), 124.69634199142456)
Day:3 
(3, 17, 200, -1312.178014518119, 75359.0, (17.269203501233374, 33.01654675134179, 25.837122928769652, 29.28571918122558), 123.5393590927124)
Day:3 
(3, 18, 200, -1312.178014518119, 75359.0, (17.269203501233374, 33.01654675134179, 25.837122928769652, 29.28571918122558), 120.64522004127502)
Day:3 
(3, 19, 200, -1311.4907349758544, 74819.0, (17.269203501233374, 33.01654675134179, 25.837122928769652, 29.28571918122558), 116.12616896629333)
Day:3 
(3, 20, 200, -1311.4907349758544, 74819.0, (17.269203501233374, 33.01654675134179, 25.837122928769652, 29.28571918122558), 115.71277689933777)
Day:3 
(3, 21, 200, -1305.1290174636986, 74772.0, (17.269203501233374, 33.01654675134179, 25.837122928769652, 29.28571918122558), 117.87781596183777)
Day:3 
(3, 22, 200, -1305.1290174636986, 74772.0, (17.269203501233374, 33.01654675134179, 25.837122928769652, 29.28571918122558), 111.1980299949646)
Day:3 
(3, 23, 200, -1305.1290174636986, 74772.0, (17.269203501233374, 33.01654675134179, 25.837122928769652, 29.28571918122558), 121.20687317848206)
Day:3 
(3, 24, 200, -1305.1290174636986, 74772.0, (17.269203501233374, 33.01654675134179, 25.837122928769652, 29.28571918122558), 123.71016597747803)
Day:3 
(3, 25, 200, -1305.307104540403, 74607.0, (17.269203501233374, 33.01654675134179, 25.837122928769652, 29.28571918122558), 150.24826192855835)
Day:3 
(3, 26, 200, -1302.5403355328936, 74596.0, (17.269203501233374, 33.01654675134179, 25.837122928769652, 29.28571918122558), 131.862163066864)
Day:3 
(3, 27, 200, -1302.5403355328936, 74596.0, (17.269203501233374, 33.01654675134179, 25.837122928769652, 29.28571918122558), 116.55331707000732)
Day:3 
(3, 28, 200, -1302.5403355328936, 74596.0, (17.269203501233374, 33.01654675134179, 25.837122928769652, 29.28571918122558), 118.52621483802795)
Day:3 
(3, 29, 200, -1302.5403355328936, 74596.0, (17.269203501233374, 33.01654675134179, 25.837122928769652, 29.28571918122558), 132.16911602020264)
Day:3 
(3, 30, 200, -1302.5403355328936, 74596.0, (17.269203501233374, 33.01654675134179, 25.837122928769652, 29.28571918122558), 116.76257014274597)
Day:3 
(3, 31, 200, -1303.0122690912526, 75424.0, (17.269203501233374, 33.01654675134179, 25.837122928769652, 29.28571918122558), 122.2114839553833)
Day:3 
(3, 32, 200, -1303.0122690912526, 75424.0, (17.269203501233374, 33.01654675134179, 25.837122928769652, 29.28571918122558), 122.54157590866089)
Day:3 
(3, 33, 200, -1303.949041469798, 74800.0, (17.269203501233374, 33.01654675134179, 25.837122928769652, 29.28571918122558), 122.7903950214386)
Day:3 
(3, 34, 200, -1303.949041469798, 74800.0, (17.269203501233374, 33.01654675134179, 25.837122928769652, 29.28571918122558), 125.38798093795776)
Day:3 
(3, 35, 200, -1303.949041469798, 74800.0, (17.269203501233374, 33.01654675134179, 25.837122928769652, 29.28571918122558), 116.98401308059692)
Day:3 
(3, 36, 200, -1303.949041469798, 74800.0, (17.269203501233374, 33.01654675134179, 25.837122928769652, 29.28571918122558), 118.60462307929993)
Day:3 
(3, 37, 200, -1303.949041469798, 74800.0, (17.269203501233374, 33.01654675134179, 25.837122928769652, 29.28571918122558), 114.42849087715149)
Day:3 
(3, 38, 200, -1297.957580072384, 74610.0, (17.269203501233374, 33.01654675134179, 25.837122928769652, 29.28571918122558), 118.62490510940552)
Day:3 
(3, 39, 200, -1297.957580072384, 74610.0, (17.269203501233374, 33.01654675134179, 25.837122928769652, 29.28571918122558), 112.38480496406555)
Day:3 
(3, 40, 200, -1297.957580072384, 74610.0, (17.269203501233374, 33.01654675134179, 25.837122928769652, 29.28571918122558), 125.75197005271912)
Day:3 
(3, 41, 200, -1297.957580072384, 74610.0, (17.269203501233374, 33.01654675134179, 25.837122928769652, 29.28571918122558), 110.34593296051025)
Day:3 
(3, 42, 200, -1298.4465180599038, 75026.0, (17.269203501233374, 33.01654675134179, 25.837122928769652, 29.28571918122558), 112.95746183395386)
Day:3 
(3, 43, 200, -1299.516349728091, 74651.0, (17.269203501233374, 33.01654675134179, 25.837122928769652, 29.28571918122558), 120.885498046875)
Day:3 
(3, 44, 200, -1299.516349728091, 74651.0, (17.269203501233374, 33.01654675134179, 25.837122928769652, 29.28571918122558), 114.66991710662842)
Day:3 
(3, 45, 200, -1296.8634557915202, 74530.0, (17.269203501233374, 33.01654675134179, 25.837122928769652, 29.28571918122558), 126.38231492042542)
Day:3 
(3, 46, 200, -1296.775542763934, 74471.0, (17.269203501233374, 33.01654675134179, 25.837122928769652, 29.28571918122558), 111.69188094139099)
Day:3 
(3, 47, 200, -1290.5664516535426, 74282.0, (17.269203501233374, 33.01654675134179, 25.837122928769652, 29.28571918122558), 119.70121312141418)
Day:3 
(3, 48, 200, -1289.504495191876, 74618.0, (17.269203501233374, 33.01654675134179, 25.837122928769652, 29.28571918122558), 118.80275297164917)
Day:3 
(3, 49, 200, -1290.0188199705985, 74933.0, (17.269203501233374, 33.01654675134179, 25.837122928769652, 29.28571918122558), 127.69025707244873)
Day:3 
(3, 50, 200, -1289.2289415838798, 74402.0, (17.269203501233374, 33.01654675134179, 25.837122928769652, 29.28571918122558), 110.40452289581299)