
Day:1 
(1, 0, 200, -16169.394135501747, 1869989.0, (-8.624321054934125, 144.72015887127776, -56.320108922425064, -110.98300798085003), 4.231062889099121)
Day:1 
(1, 1, 200, -39.5590344458808, 64.0, (124.35653094639197, -4.260687676181271, 50.01764705877185, 238.9271970788592), 8.162060976028442)
Day:1 
(1, 2, 200, -40.18417769469981, 841.0, (1.7084456977863955, 82.19609589601055, -87.92435081762576, 238.9271970788592), 8.763328075408936)
Day:1 
(1, 3, 200, -37.29776301416446, 196.0, (-70.53180093046693, -144.5203058542196, -8.15287859558444, -34.564463468796205), 8.299468994140625)
Day:1 
(1, 4, 200, -37.860716040232575, 484.0, (-70.53180093046693, -38.65540467755079, -8.15287859558444, 161.00872018419744), 8.989313125610352)
Day:1 
(1, 5, 200, -42.69073026760877, 6400.0, (-77.87649230479448, -38.65540467755079, -84.97512290567616, 43.84305606735966), 8.615888833999634)
Day:1 
(1, 6, 200, -36.61160329785184, 484.0, (47.869283828119066, -38.65540467755079, 49.21527606866871, 43.84305606735966), 8.819067001342773)
Day:1 
(1, 7, 200, -38.14130387760612, 441.0, (72.80290740287904, -41.72485770361411, 11.196483861740736, 179.9835814705315), 8.155874967575073)
Day:1 
(1, 8, 200, -38.68486113271791, 841.0, (-56.626005458174205, 50.16988551272993, 67.3810034736145, 179.9835814705315), 8.61031699180603)
Day:1 
(1, 9, 200, -39.73666477625726, 25.0, (120.66761557138315, -65.25600290270285, -168.30553911190052, 179.9835814705315), 8.11780309677124)
Day:1 
(1, 10, 200, -37.22433550301756, 484.0, (-83.28103080307602, -107.82293534906842, 17.967565864283547, 29.10829798747626), 8.48427700996399)
Day:1 
(1, 11, 200, -36.96911313126877, 676.0, (32.25506739482458, -75.11244115149661, -52.19965471199418, 46.260993091671914), 8.204371929168701)
Day:1 
(1, 12, 200, -37.13275487903297, 1225.0, (6.842012422934278, -14.590519694377848, -13.114743084780702, 46.728675004180495), 8.436691045761108)
Day:1 
(1, 13, 200, -36.575185620064886, 36.0, (-41.23252796695575, -88.51185710020532, -66.20492108329648, 46.728675004180495), 8.399122953414917)
Day:1 
(1, 14, 200, -36.35952805118643, 0.0, (-23.78015078088287, -81.40064809811508, 64.46887600257114, 33.13928643075315), 8.010497093200684)
Day:1 
(1, 15, 200, -36.596197620599156, 4.0, (-45.22047717157466, -63.39901384107417, 99.78437343789591, 33.13928643075315), 8.479235887527466)
Day:1 
(1, 16, 200, -38.250873937828075, 961.0, (-5.72432597720582, 93.40997657178944, 35.55689537792138, 147.0633111928477), 8.255438089370728)
Day:1 
(1, 17, 200, -38.05709252602679, 196.0, (-135.4277292435822, -51.65034107699533, -2.73216964977945, 147.0633111928477), 8.338511943817139)
Day:1 
(1, 18, 200, -38.33543700347158, 144.0, (69.5691677684738, -66.93872087504496, 193.29257438740171, 47.5748505033286), 8.559476137161255)
Day:1 
(1, 19, 200, -36.41933628051892, 121.0, (-8.180285367047096, -56.457679843567234, 74.70211979164122, 47.5748505033286), 8.226224899291992)
Day:1 
(1, 20, 200, -37.84134369562207, 196.0, (22.75509494585151, -105.2937113231362, -109.0657106465036, 120.38999007850747), 7.958400011062622)
Day:1 
(1, 21, 200, -38.60124312564993, 729.0, (2.696108991904875, 48.47578179688419, 13.752705813476185, 201.52858678140427), 8.280325889587402)
Day:1 
(1, 22, 200, -36.63887430358602, 400.0, (2.696108991904875, -86.1351517167718, -37.24673434603327, 38.67881336126071), 8.476875066757202)
Day:1 
(1, 23, 200, -39.39449635916387, 1156.0, (2.696108991904875, 106.5366775282457, -100.04348945198844, 171.4002102427359), 8.656481981277466)
Day:1 
(1, 24, 200, -38.616973073594735, 121.0, (83.64721083182891, 115.0614876777047, 73.73507813440874, 171.4002102427359), 8.363919019699097)
Day:1 
(1, 25, 200, -37.29202071664692, 49.0, (-143.50196207280163, -61.52567880326523, 73.73507813440874, -19.337697229872077), 8.759598970413208)
Day:1 
(1, 26, 200, -37.044284207498976, 256.0, (-143.50196207280163, -15.362019879743404, -4.196350921144779, -19.337697229872077), 8.49878215789795)
Day:1 
(1, 27, 200, -38.74322959928651, 169.0, (-155.79393743647998, -111.88877367366074, -4.196350921144779, 141.71281425791065), 8.678258895874023)
Day:1 
(1, 28, 200, -38.277663363403676, 64.0, (-19.883976006703506, 125.12282209290737, 115.36738830788704, 141.71281425791065), 8.504740953445435)
Day:1 
(1, 29, 200, -37.44226100191541, 1.0, (-50.347507866193965, -94.78579595500997, 115.36738830788704, 96.23835040265791), 8.635749101638794)
Day:1 
(1, 30, 200, -36.901231484631225, 49.0, (-50.347507866193965, -89.51553710092345, -33.25780491632228, 103.53386592617159), 8.233569860458374)
Day:1 
(1, 31, 200, -37.270649747322295, 0.0, (110.72607585238659, 57.46904827907827, 66.2285928089125, 103.53386592617159), 8.76578402519226)
Day:1 
(1, 32, 200, -36.2365613559895, 121.0, (47.17053072686086, 6.1803237515518585, 66.2285928089125, 31.94749250973288), 8.571897983551025)
Day:1 
(1, 33, 200, -36.110196750512834, 100.0, (43.05467331389374, 6.1803237515518585, 24.446753740851065, 55.49118939185817), 8.241162061691284)
Day:1 
(1, 34, 200, -38.53564352634173, 121.0, (-192.95356791657625, -13.939780902081644, -113.6645755579738, 55.49118939185817), 8.429620027542114)
Day:1 
(1, 35, 200, -42.21205103449831, 1600.0, (21.973189084281, -41.74093128929408, -113.6645755579738, 55.49118939185817), 8.771854877471924)
Day:1 
(1, 36, 200, -36.98700922362721, 0.0, (-41.03859771930587, -91.41811780810235, -111.15014812477281, 50.98861259570568), 8.22788405418396)
Day:1 
(1, 37, 200, -39.1519769199992, 400.0, (25.31043863078428, -183.76543603599328, 63.0843165802554, 147.04386691104048), 8.6265230178833)
Day:1 
(1, 38, 200, -40.822476734639125, 361.0, (49.32173619388328, -37.85139178418201, -219.15623191280082, 205.73982221228832), 8.480404138565063)
Day:1 
(1, 39, 200, -42.57763597570343, 3364.0, (3.9358127570726813, -58.96144824365677, 145.18906948387502, 205.73982221228832), 8.314169883728027)
Day:1 
(1, 40, 200, -38.11694986231707, 0.0, (-87.62540884035927, 1.4100862059702661, 145.18906948387502, 137.2384023063237), 8.586796045303345)
Day:1 
(1, 41, 200, -38.320867464785195, 169.0, (-65.80419100993281, 112.35837548089349, -111.13420809069754, 137.2384023063237), 8.638047933578491)
Day:1 
(1, 42, 200, -42.21558055256954, 225.0, (62.91312950422693, -74.05144697090027, 311.40536135211823, 137.2384023063237), 8.414683103561401)
Day:1 
(1, 43, 200, -39.027747117082335, 400.0, (-91.24036204147298, -206.13314992363232, 29.580445856030618, -76.39768016085887), 8.128000020980835)
Day:1 
(1, 44, 200, -38.941381339845336, 225.0, (-115.65248740630243, -206.13314992363232, 28.081605521105296, 52.3727277257583), 8.771812915802002)
Day:1 
(1, 45, 200, -37.225500791229834, 1156.0, (-0.22094686942520914, -62.972588395547895, 28.081605521105296, 33.81134125077777), 8.630045890808105)
Day:1 
(1, 46, 200, -37.21779946153728, 144.0, (67.49652798683378, -127.10665808865059, -50.22866077581767, 57.95251631592538), 8.052097082138062)
Day:1 
(1, 47, 200, -39.64525755383204, 49.0, (-249.72579076902147, 111.94037453072524, 45.77249097818889, 10.870620003409877), 8.315274000167847)
Day:1 
(1, 48, 200, -39.70882325873816, 729.0, (-249.72579076902147, 11.37589562345921, 45.77249097818889, 26.91057016832754), 8.521564960479736)
Day:1 
(1, 49, 200, -42.86344827341155, 3249.0, (-249.72579076902147, 101.762518333475, 39.86638651087776, 26.91057016832754), 9.116197109222412)
Day:1 
(1, 50, 200, -37.22173221040787, 484.0, (-18.078918250054457, 8.766399864760146, 39.86638651087776, 135.42384588708185), 8.678982019424438)
Day:2 
(2, 0, 200, -14382.651045833982, 1048014.0, (-18.078918250054457, 8.766399864760146, 39.86638651087776, 135.42384588708185), 10.405356884002686)
Day:2 
(2, 1, 200, -14301.647757467872, 887725.0, (-18.078918250054457, 8.766399864760146, -5.276384226955359, 135.42384588708185), 42.24383306503296)
Day:2 
(2, 2, 200, -14282.398094848948, 852214.0, (-18.078918250054457, 8.766399864760146, -5.276384226955359, 135.42384588708185), 44.28136396408081)
Day:2 
(2, 3, 200, -14272.524334685517, 833965.0, (-18.078918250054457, 8.766399864760146, -5.276384226955359, 135.42384588708185), 60.22986602783203)
Day:2 
(2, 4, 200, -14272.524334685517, 833965.0, (-18.078918250054457, 8.766399864760146, -5.276384226955359, 135.42384588708185), 59.97311997413635)
Day:2 
(2, 5, 200, -14272.524334685517, 833965.0, (-18.078918250054457, 8.766399864760146, -5.276384226955359, 135.42384588708185), 68.63898992538452)
Day:2 
(2, 6, 200, -14272.524334685517, 833965.0, (-18.078918250054457, 8.766399864760146, -5.276384226955359, 135.42384588708185), 62.19749307632446)
Day:2 
(2, 7, 200, -14272.524334685517, 833965.0, (-18.078918250054457, 8.766399864760146, -5.276384226955359, 135.42384588708185), 45.12283110618591)
Day:2 
(2, 8, 200, -14272.524334685517, 833965.0, (-18.078918250054457, 8.766399864760146, -5.276384226955359, 135.42384588708185), 44.64591097831726)
Day:2 
(2, 9, 200, -14272.524334685517, 833965.0, (-18.078918250054457, 8.766399864760146, -5.276384226955359, 135.42384588708185), 75.96265983581543)
Day:2 
(2, 10, 200, -14272.524334685517, 833965.0, (-18.078918250054457, 8.766399864760146, -5.276384226955359, 135.42384588708185), 53.67437505722046)
Day:2 
(2, 11, 200, -14272.524334685517, 833965.0, (-18.078918250054457, 8.766399864760146, -5.276384226955359, 135.42384588708185), 44.7404260635376)
Day:2 
(2, 12, 200, -14272.524334685517, 833965.0, (-18.078918250054457, 8.766399864760146, -5.276384226955359, 135.42384588708185), 53.09321308135986)
Day:2 
(2, 13, 200, -14272.524334685517, 833965.0, (-18.078918250054457, 8.766399864760146, -5.276384226955359, 135.42384588708185), 44.84580397605896)
Day:2 
(2, 14, 200, -14268.084557847069, 825750.0, (-18.078918250054457, 8.766399864760146, -5.276384226955359, 135.42384588708185), 45.1146399974823)
Day:2 
(2, 15, 200, -14268.084557847069, 825750.0, (-18.078918250054457, 8.766399864760146, -5.276384226955359, 135.42384588708185), 69.42629289627075)
Day:2 
(2, 16, 200, -14268.084557847069, 825750.0, (-18.078918250054457, 8.766399864760146, -5.276384226955359, 135.42384588708185), 60.40488910675049)
Day:2 
(2, 17, 200, -12799.408550439435, 380716.0, (-18.078918250054457, 8.766399864760146, -6.593040872752695, 4.020601755746452), 128.6313259601593)
Day:2 
(2, 18, 200, -12793.521173155768, 380715.0, (-18.078918250054457, 8.766399864760146, -6.593040872752695, 4.020601755746452), 172.41986393928528)
Day:2 
(2, 19, 200, -12772.311984036749, 373915.0, (-18.078918250054457, 8.766399864760146, -6.593040872752695, 4.020601755746452), 167.6079421043396)
Day:2 
(2, 20, 200, -6217.697627916151, 398712.0, (-7.950301276131248, 8.766399864760146, 57.29504504303772, 4.020601755746452), 68.45158982276917)
Day:2 
(2, 21, 200, -5501.255729213924, 452884.0, (-7.950301276131248, 8.766399864760146, 29.4709739872854, 4.020601755746452), 96.56215620040894)
Day:2 
(2, 22, 200, -5265.546933713394, 451922.0, (-7.950301276131248, 8.766399864760146, 29.4709739872854, 4.020601755746452), 94.19097685813904)
Day:2 
(2, 23, 200, -5207.085523090064, 396698.0, (-7.950301276131248, 8.766399864760146, 29.4709739872854, 4.020601755746452), 73.8687150478363)
Day:2 
(2, 24, 200, -5175.750648074942, 395637.0, (-7.950301276131248, 8.766399864760146, 29.4709739872854, 4.020601755746452), 95.73157691955566)
Day:2 
(2, 25, 200, -5164.144756660079, 389640.0, (-7.950301276131248, 8.766399864760146, 29.4709739872854, 4.020601755746452), 89.37923407554626)
Day:2 
(2, 26, 200, -5150.4107151968, 377502.0, (-7.950301276131248, 8.766399864760146, 29.4709739872854, 4.020601755746452), 96.45404195785522)
Day:2 
(2, 27, 200, -4777.34423032609, 372688.0, (-7.950301276131248, 8.766399864760146, 29.4709739872854, 4.020601755746452), 92.363361120224)
Day:2 
(2, 28, 200, -4779.173161252948, 372691.0, (-7.950301276131248, 8.766399864760146, 29.4709739872854, 4.020601755746452), 91.3485279083252)
Day:2 
(2, 29, 200, -4776.64894652284, 373537.0, (-7.950301276131248, 8.766399864760146, 29.4709739872854, 4.020601755746452), 84.06119203567505)
Day:2 
(2, 30, 200, -2950.2137591572196, 235312.0, (-7.950301276131248, 8.766399864760146, 3.9266859736411486, 4.020601755746452), 99.95968008041382)
Day:2 
(2, 31, 200, -2872.3169744466472, 226189.0, (-7.950301276131248, 8.766399864760146, 3.9266859736411486, 4.020601755746452), 166.50961685180664)
Day:2 
(2, 32, 200, -2544.921225475983, 136990.0, (-3.0810416819289315, 8.766399864760146, 3.9266859736411486, 4.020601755746452), 198.49395608901978)
Day:2 
(2, 33, 200, -2529.396720788528, 137255.0, (-3.0810416819289315, 8.766399864760146, 3.9266859736411486, 4.020601755746452), 209.70848298072815)
Day:2 
(2, 34, 200, -1979.0305929504166, 160533.0, (-3.0810416819289315, 8.766399864760146, 10.140892455356132, 4.020601755746452), 185.28247594833374)
Day:2 
(2, 35, 200, -1937.7931476300967, 159960.0, (-3.0810416819289315, 8.766399864760146, 10.140892455356132, 4.020601755746452), 192.87734413146973)
Day:2 
(2, 36, 200, -1919.8717320273838, 159847.0, (-3.0810416819289315, 8.766399864760146, 10.140892455356132, 4.020601755746452), 177.88229393959045)
Day:2 
(2, 37, 200, -1908.3781314250348, 159135.0, (-3.0810416819289315, 8.766399864760146, 10.140892455356132, 4.020601755746452), 179.63814687728882)
Day:2 
(2, 38, 200, -1894.0077826809904, 155459.0, (-3.0810416819289315, 8.766399864760146, 10.140892455356132, 4.020601755746452), 146.71703219413757)
Day:2 
(2, 39, 200, -1901.5361953483145, 156462.0, (-3.0810416819289315, 8.766399864760146, 10.140892455356132, 4.020601755746452), 174.72155380249023)
Day:2 
(2, 40, 200, -1905.6212238927249, 156475.0, (-3.0810416819289315, 8.766399864760146, 10.140892455356132, 4.020601755746452), 167.22499418258667)
Day:2 
(2, 41, 200, -1669.1581194365406, 156429.0, (-3.0810416819289315, 8.766399864760146, 10.140892455356132, 4.020601755746452), 152.61613297462463)
Day:2 
(2, 42, 200, -1676.6563312397009, 156425.0, (-3.0810416819289315, 8.766399864760146, 10.140892455356132, 4.020601755746452), 183.62258100509644)
Day:2 
(2, 43, 200, -1656.0510480117198, 151437.0, (-3.0810416819289315, 8.766399864760146, 10.140892455356132, 4.020601755746452), 161.79934000968933)
Day:2 
(2, 44, 200, -1630.9742527529118, 150547.0, (-3.0810416819289315, 8.766399864760146, 10.140892455356132, 4.020601755746452), 163.36074686050415)
Day:2 
(2, 45, 200, -1621.4897486005818, 150612.0, (-3.0810416819289315, 8.766399864760146, 10.140892455356132, 4.020601755746452), 161.42201614379883)
Day:2 
(2, 46, 200, -1626.3617433320926, 149025.0, (-3.0810416819289315, 8.766399864760146, 10.140892455356132, 4.020601755746452), 165.0817928314209)
Day:2 
(2, 47, 200, -1619.7027193662811, 149001.0, (-3.0810416819289315, 8.766399864760146, 10.140892455356132, 4.020601755746452), 182.15812516212463)
Day:2 
(2, 48, 200, -1576.4292584648977, 148020.0, (-3.0810416819289315, 8.766399864760146, 10.140892455356132, 4.020601755746452), 146.68862080574036)
Day:2 
(2, 49, 200, -1578.9946077926804, 147947.0, (-3.0810416819289315, 8.766399864760146, 10.140892455356132, 4.020601755746452), 153.67323803901672)
Day:2 
(2, 50, 200, -1557.7018757083472, 147200.0, (-3.0810416819289315, 8.766399864760146, 10.140892455356132, 4.020601755746452), 164.81519317626953)
Day:3 
(3, 0, 200, -3603.1852797088927, 127543.0, (-3.0810416819289315, 8.766399864760146, 10.140892455356132, 4.020601755746452), 23.58218479156494)
Day:3 
(3, 1, 200, -3564.7547603967446, 125957.0, (-3.0810416819289315, 8.766399864760146, 10.140892455356132, 4.020601755746452), 252.29985117912292)
Day:3 
(3, 2, 200, -3504.386528556059, 125512.0, (-3.0810416819289315, 8.766399864760146, 10.140892455356132, 4.020601755746452), 230.78775882720947)
Day:3 
(3, 3, 200, -3483.7816448302124, 125488.0, (-3.0810416819289315, 8.766399864760146, 10.140892455356132, 4.020601755746452), 203.79615306854248)
Day:3 
(3, 4, 200, -3443.7410609709673, 124398.0, (-3.0810416819289315, 8.766399864760146, 10.140892455356132, 4.020601755746452), 263.4388470649719)
Day:3 
(3, 5, 200, -3424.1548114101056, 124367.0, (-3.0810416819289315, 8.766399864760146, 10.140892455356132, 4.020601755746452), 234.26208996772766)
Day:3 
(3, 6, 200, -3398.4350963605034, 123764.0, (-3.0810416819289315, 8.766399864760146, 10.140892455356132, 4.020601755746452), 219.83127188682556)
Day:3 
(3, 7, 200, -3379.0372610353584, 123601.0, (-3.0810416819289315, 8.766399864760146, 10.140892455356132, 4.020601755746452), 232.74480819702148)
Day:3 
(3, 8, 200, -2811.315461239909, 153858.0, (-3.0810416819289315, 8.766399864760146, 10.140892455356132, 5.715317149398653), 200.75193881988525)
Day:3 
(3, 9, 200, -2775.631189232218, 151591.0, (-3.0810416819289315, 8.766399864760146, 10.140892455356132, 5.715317149398653), 153.26580715179443)
Day:3 
(3, 10, 200, -2749.349959205479, 149622.0, (-3.0810416819289315, 8.766399864760146, 10.140892455356132, 5.715317149398653), 202.6037130355835)
Day:3 
(3, 11, 200, -2749.819110426873, 150128.0, (-3.0810416819289315, 8.766399864760146, 10.140892455356132, 5.715317149398653), 235.5560269355774)
Day:3 
(3, 12, 200, -2744.5965268197892, 149615.0, (-3.0810416819289315, 8.766399864760146, 10.140892455356132, 5.715317149398653), 171.83700585365295)
Day:3 
(3, 13, 200, -2751.7334087998247, 149621.0, (-3.0810416819289315, 8.766399864760146, 10.140892455356132, 5.715317149398653), 195.2480092048645)
Day:3 
(3, 14, 200, -2719.627169239968, 149135.0, (-3.0810416819289315, 8.766399864760146, 10.140892455356132, 5.715317149398653), 153.84787583351135)
Day:3 
(3, 15, 200, -2604.2816875607864, 146401.0, (-3.0810416819289315, 8.766399864760146, 10.140892455356132, 5.715317149398653), 196.6925880908966)
Day:3 
(3, 16, 200, -2608.1540060968814, 145359.0, (-3.0810416819289315, 8.766399864760146, 10.140892455356132, 5.715317149398653), 162.84255290031433)
Day:3 
(3, 17, 200, -2586.1797063856134, 143886.0, (-3.0810416819289315, 8.766399864760146, 10.140892455356132, 5.715317149398653), 170.14499616622925)
Day:3 
(3, 18, 200, -2594.020904176163, 143959.0, (-3.0810416819289315, 8.766399864760146, 10.140892455356132, 5.715317149398653), 155.9164478778839)
Day:3 
(3, 19, 200, -2583.2165358460447, 143950.0, (-3.0810416819289315, 8.766399864760146, 10.140892455356132, 5.715317149398653), 162.8115360736847)
Day:3 
(3, 20, 200, -2576.104235401585, 143956.0, (-3.0810416819289315, 8.766399864760146, 10.140892455356132, 5.715317149398653), 147.08217597007751)
Day:3 
(3, 21, 200, -2575.8238189089393, 143940.0, (-3.0810416819289315, 8.766399864760146, 10.140892455356132, 5.715317149398653), 195.59316205978394)
Day:3 
(3, 22, 200, -2575.8303193454863, 143931.0, (-3.0810416819289315, 8.766399864760146, 10.140892455356132, 5.715317149398653), 204.27172183990479)
Day:3 
(3, 23, 200, -2568.7379574342035, 143856.0, (-3.0810416819289315, 8.766399864760146, 10.140892455356132, 5.715317149398653), 131.31025409698486)
Day:3 
(3, 24, 200, -2571.1319334100876, 143857.0, (-3.0810416819289315, 8.766399864760146, 10.140892455356132, 5.715317149398653), 149.38717103004456)
Day:3 
(3, 25, 200, -2557.5468146182734, 143506.0, (-3.0810416819289315, 8.766399864760146, 10.140892455356132, 5.715317149398653), 142.72221302986145)
Day:3 
(3, 26, 200, -2560.575547859706, 143547.0, (-3.0810416819289315, 8.766399864760146, 10.140892455356132, 5.715317149398653), 197.97759699821472)
Day:3 
(3, 27, 200, -2562.662742270873, 143531.0, (-3.0810416819289315, 8.766399864760146, 10.140892455356132, 5.715317149398653), 147.92046093940735)
Day:3 
(3, 28, 200, -2534.7046442593723, 142219.0, (-3.0810416819289315, 8.766399864760146, 10.140892455356132, 5.715317149398653), 144.63379192352295)
Day:3 
(3, 29, 200, -2530.8321149293447, 142205.0, (-3.0810416819289315, 8.766399864760146, 10.140892455356132, 5.715317149398653), 184.39361810684204)
Day:3 
(3, 30, 200, -2528.383590586576, 141973.0, (-3.0810416819289315, 8.766399864760146, 10.140892455356132, 5.715317149398653), 228.64741897583008)
Day:3 
(3, 31, 200, -2519.4979230200265, 135222.0, (-3.0810416819289315, 8.766399864760146, 10.140892455356132, 5.715317149398653), 173.81034588813782)
Day:3 
(3, 32, 200, -2514.8971149511567, 135219.0, (-3.0810416819289315, 8.766399864760146, 10.140892455356132, 5.715317149398653), 167.85043120384216)
Day:3 
(3, 33, 200, -2522.068043827859, 134295.0, (-3.0810416819289315, 8.766399864760146, 10.140892455356132, 5.715317149398653), 182.1711130142212)
Day:3 
(3, 34, 200, -2513.249211711674, 133838.0, (-3.0810416819289315, 8.766399864760146, 10.140892455356132, 5.715317149398653), 200.05576992034912)
Day:3 
(3, 35, 200, -2514.1741347068805, 133843.0, (-3.0810416819289315, 8.766399864760146, 10.140892455356132, 5.715317149398653), 154.0206949710846)
Day:3 
(3, 36, 200, -2487.5672986810846, 123238.0, (-3.0810416819289315, 8.766399864760146, 10.140892455356132, 5.715317149398653), 198.4887890815735)
Day:3 
(3, 37, 200, -2495.9459933958547, 123241.0, (-3.0810416819289315, 8.766399864760146, 10.140892455356132, 5.715317149398653), 221.42609691619873)
Day:3 
(3, 38, 200, -2472.151095374304, 123250.0, (-3.0810416819289315, 8.766399864760146, 10.140892455356132, 5.715317149398653), 179.73826599121094)
Day:3 
(3, 39, 200, -2472.3344272416084, 123256.0, (-3.0810416819289315, 8.766399864760146, 10.140892455356132, 5.715317149398653), 165.31175589561462)
Day:3 
(3, 40, 200, -2474.7859921528357, 122933.0, (-3.0810416819289315, 8.766399864760146, 10.140892455356132, 5.715317149398653), 148.5177071094513)
Day:3 
(3, 41, 200, -2473.2775520641458, 122927.0, (-3.0810416819289315, 8.766399864760146, 10.140892455356132, 5.715317149398653), 191.11939907073975)
Day:3 
(3, 42, 200, -2464.800476592793, 122831.0, (-3.0810416819289315, 8.766399864760146, 10.140892455356132, 5.715317149398653), 146.1623020172119)
Day:3 
(3, 43, 200, -2459.24972980929, 122844.0, (-3.0810416819289315, 8.766399864760146, 10.140892455356132, 5.715317149398653), 217.51749396324158)
Day:3 
(3, 44, 200, -2471.026469093272, 122832.0, (-3.0810416819289315, 8.766399864760146, 10.140892455356132, 5.715317149398653), 153.319895029068)
Day:3 
(3, 45, 200, -2459.993764894591, 122829.0, (-3.0810416819289315, 8.766399864760146, 10.140892455356132, 5.715317149398653), 168.32074785232544)
Day:3 
(3, 46, 200, -2454.571455963673, 122541.0, (-3.0810416819289315, 8.766399864760146, 10.140892455356132, 5.715317149398653), 183.0735900402069)
Day:3 
(3, 47, 200, -2455.5336143736263, 122531.0, (-3.0810416819289315, 8.766399864760146, 10.140892455356132, 5.715317149398653), 190.3821120262146)