
Day:1 
(1, 0, 200, -32.68564114454763, 0.0, (18.873379938430105, 22.439635250453694, -17.128718827012637, 44.97347987959251), 4.0805158615112305)
Day:1 
(1, 1, 200, -35.000079031994204, 1.0, (-44.785186084799534, -54.93009816608148, -17.128718827012637, 44.97347987959251), 8.396796941757202)
Day:1 
(1, 2, 200, -33.06238246879143, 361.0, (-10.025555275290479, -54.93009816608148, -0.05972914388264854, 7.920580632665466), 8.757741212844849)
Day:1 
(1, 3, 200, -33.27986016997154, 0.0, (-12.061623055444374, -36.18835281235964, 46.00400019383048, 25.959491203304207), 8.445310831069946)
Day:1 
(1, 4, 200, -31.56542218037103, 121.0, (-14.511830336676136, 5.914006236801375, -5.755466790212183, 25.959491203304207), 8.946030139923096)
Day:1 
(1, 5, 200, -31.88735139245648, 484.0, (11.710506382792122, -4.591052222334737, 2.402428061214568, 25.959491203304207), 8.786008834838867)
Day:1 
(1, 6, 200, -35.7017256808885, 25.0, (11.710506382792122, 46.503416950431614, 68.51638649502942, 25.959491203304207), 9.055215120315552)
Day:1 
(1, 7, 200, -33.950716166734466, 49.0, (1.5689063850211256, 0.6456639393281681, 68.51638649502942, 25.959491203304207), 9.242204904556274)
Day:1 
(1, 8, 200, -33.716858611888895, 784.0, (-17.543457963992367, -16.367970954751332, 49.1468196186021, 25.959491203304207), 8.78693699836731)
Day:1 
(1, 9, 200, -32.12956492481544, 625.0, (19.17085914809569, -16.367970954751332, 0.03574130128579088, 21.223403677678633), 8.709519147872925)
Day:1 
(1, 10, 200, -32.78259307471265, 196.0, (35.12580960245996, -16.367970954751332, 28.434163806408673, 26.498800326493605), 9.02402400970459)
Day:1 
(1, 11, 200, -32.177699055671795, 9.0, (-12.78444450616665, -5.108287104816501, -29.65503940674692, 34.33678756467767), 8.956645965576172)
Day:1 
(1, 12, 200, -32.50798491747357, 169.0, (-10.319588111594223, 20.01053938618132, -29.65503940674692, 34.33678756467767), 8.976816892623901)
Day:1 
(1, 13, 200, -32.01979371793287, 225.0, (-8.492022729829683, 15.696288982806276, -9.54605067389342, 34.33678756467767), 8.847727060317993)
Day:1 
(1, 14, 200, -31.964606021370184, 225.0, (-24.120291054881864, 15.696288982806276, -14.229578703111738, 21.4160969810583), 8.847579002380371)
Day:1 
(1, 15, 200, -31.91185728221176, 361.0, (6.542393066012045, -5.93712074501344, 24.889177382750365, 21.4160969810583), 8.8314790725708)
Day:1 
(1, 16, 200, -37.23639909174187, 225.0, (-64.7339954153441, -42.176453191319055, 67.21198029455755, 21.4160969810583), 9.059826850891113)
Day:1 
(1, 17, 200, -38.4661804460863, 1024.0, (-64.7339954153441, 51.26552758672941, 67.21198029455755, 21.4160969810583), 9.021666049957275)
Day:1 
(1, 18, 200, -34.40952645587426, 100.0, (-64.7339954153441, -38.00430393751145, 17.979623441072935, 11.432715334573068), 8.62866997718811)
Day:1 
(1, 19, 200, -32.539769186516565, 121.0, (-35.042518653866644, -38.00430393751145, -4.219366985786526, 4.038018439384257), 8.32905101776123)
Day:1 
(1, 20, 200, -34.42410387641711, 25.0, (-35.042518653866644, -30.994153201515147, -31.691349109842694, 55.42224307891551), 8.806704044342041)
Day:1 
(1, 21, 200, -37.91174181746152, 4356.0, (34.36807174204728, -5.608029195215195, -35.59963589934671, 50.66950183526304), 8.213736057281494)
Day:1 
(1, 22, 200, -33.27249101834377, 400.0, (-25.109783332138726, -5.608029195215195, -35.59963589934671, 39.46281545627903), 8.909390926361084)
Day:1 
(1, 23, 200, -33.429932320746175, 64.0, (-53.4734681321315, -17.56603310899103, -26.931506550848766, 22.34496311968957), 8.430953025817871)
Day:1 
(1, 24, 200, -31.58291022892489, 256.0, (8.39292240831306, 11.744074276681284, -6.348313429243392, 22.34496311968957), 8.630080938339233)
Day:1 
(1, 25, 200, -32.91771116559784, 1444.0, (8.39292240831306, -10.415791584311188, -15.182529134709986, 22.34496311968957), 8.78065800666809)
Day:1 
(1, 26, 200, -32.34991843598307, 324.0, (-38.02273121760336, -7.825989243652247, 13.860864916986165, 16.35513021515482), 8.698877096176147)
Day:1 
(1, 27, 200, -32.966075511514674, 676.0, (-11.866131369058593, -23.27174147442633, 40.724186907805894, 12.70990548240227), 8.857993841171265)
Day:1 
(1, 28, 200, -33.247444620887464, 256.0, (-10.560786287771181, 23.6818162465251, 40.724186907805894, 37.59401435378444), 8.842282056808472)
Day:1 
(1, 29, 200, -33.54122452910181, 169.0, (-20.72473514123125, 16.53263678817653, -42.9732980531718, 42.99163521978703), 8.57337999343872)
Day:1 
(1, 30, 200, -34.46883276721697, 36.0, (-20.72473514123125, 20.2119110168941, 60.23923609970694, 42.99163521978703), 9.207245111465454)
Day:1 
(1, 31, 200, -33.18845457875178, 25.0, (31.43105765770202, -11.958513842104562, -32.57630134134878, 42.99163521978703), 8.79252290725708)
Day:1 
(1, 32, 200, -35.42340206371326, 25.0, (-62.094047974464395, 30.782371451647542, -47.17176515911542, 29.774763199905365), 8.792801141738892)
Day:1 
(1, 33, 200, -34.594227623179364, 625.0, (-11.195552232437125, -46.718294651359024, -47.17176515911542, 31.45066674440405), 9.062249898910522)
Day:1 
(1, 34, 200, -31.35853743493452, 64.0, (-11.195552232437125, -9.269633767409212, -15.609738517948621, 14.461653144245963), 8.819797992706299)
Day:1 
(1, 35, 200, -32.65164966679882, 1089.0, (-17.556009647011198, -21.312332849784585, -15.609738517948621, 14.461653144245963), 9.660253047943115)
Day:1 
(1, 36, 200, -34.90554168158391, 1225.0, (-44.596270703652905, -21.312332849784585, 50.16149456756385, 8.719032006110881), 9.28958797454834)
Day:1 
(1, 37, 200, -33.744916842481004, 289.0, (-44.596270703652905, -6.025681189194642, 50.16149456756385, 1.0146050158781195), 9.163956880569458)
Day:1 
(1, 38, 200, -34.917893120222246, 1225.0, (-6.255657485949618, -26.26149596720802, 50.16149456756385, 42.57343749133843), 8.74461817741394)
Day:1 
(1, 39, 200, -34.118570024456915, 484.0, (45.06219067828701, 7.886044379474074, 20.848182782957146, 48.84068748287437), 8.585611820220947)
Day:1 
(1, 40, 200, -33.36558296657566, 289.0, (45.06219067828701, 2.044387406950871, 30.989365695183317, 29.366249917658646), 9.066220998764038)
Day:1 
(1, 41, 200, -32.325765927987064, 81.0, (-29.548302513280245, -24.48322599299772, -6.202385159510484, 29.366249917658646), 8.97898006439209)
Day:1 
(1, 42, 200, -34.261671766144104, 81.0, (16.017516066680614, -32.41762830138275, 13.056465151256726, 66.18211641476516), 8.861191034317017)
Day:1 
(1, 43, 200, -33.55079319235234, 1521.0, (20.583657105006903, -32.41762830138275, -14.123078476219746, 15.18370993543871), 9.592665910720825)
Day:1 
(1, 44, 200, -33.345340408519604, 1521.0, (-5.447158287964078, 2.8506760095495354, 35.58715651741285, 15.18370993543871), 9.131453037261963)
Day:1 
(1, 45, 200, -34.17134363154345, 2116.0, (-20.223747338781223, -36.14538728136025, 12.380721981854474, 6.298867192076281), 8.52166199684143)
Day:1 
(1, 46, 200, -31.97714707425149, 16.0, (-40.880645549711794, 6.645676702937441, 12.380721981854474, 2.4841049383635307), 9.589482069015503)
Day:1 
(1, 47, 200, -32.641549731987524, 121.0, (-40.880645549711794, -6.922482862479672, 28.07993512392597, 18.968185949759437), 8.95868992805481)
Day:1 
(1, 48, 200, -32.63914079325613, 9.0, (-40.880645549711794, -15.925377167225585, 28.07993512392597, 18.968185949759437), 9.231848001480103)
Day:1 
(1, 49, 200, -33.94118883166957, 400.0, (-33.02244264076959, -15.925377167225585, 22.1726130459425, 53.42781138287217), 8.894448041915894)
Day:1 
(1, 50, 200, -33.98600931905991, 289.0, (43.010508984372855, -15.925377167225585, -7.596175629755309, 53.42781138287217), 9.07337498664856)
Day:2 
(2, 0, 200, -14412.319040698458, 1115389.0, (43.010508984372855, -15.925377167225585, -7.596175629755309, 53.42781138287217), 14.525461912155151)
Day:2 
(2, 1, 200, -14316.219860543684, 929389.0, (-37.08119107608544, -15.925377167225585, 9.063119303301724, 21.355799807766527), 42.10397911071777)