
Day:1 
(1, 0, 100, -1857.5829121075872, 1253368.0, (10.527672255655496, 1.0234561054377915, 17.774523867740434, 4.646408127583863), 5.09790301322937)
Day:1 
(1, 1, 100, -26.15887760141802, 36.0, (4.323400110335818, 11.600379418659497, 1.3145040218865376, 15.445976747378936), 36.111831188201904)
Day:1 
(1, 2, 100, -27.89177768291492, 81.0, (10.590320136025982, 9.686237182093342, 6.519135451234956, 22.84917375897313), 36.514864921569824)
Day:1 
(1, 3, 100, -30.885858860014572, 484.0, (0.06982456142381877, 2.4585407598279176, 17.055571488568347, 56.08459666418366), 37.034700870513916)
Day:1 
(1, 4, 100, -26.25630920572677, 196.0, (6.507419110950146, 3.7654247741812754, 7.963692466225951, 13.938245478031128), 38.35816407203674)
Day:1 
(1, 5, 100, -24.546796505406295, 64.0, (0.9851337244025593, 1.3077283333234393, 5.9978274385265795, 7.955541006890605), 36.66275596618652)
Day:1 
(1, 6, 100, -27.868011456956225, 841.0, (3.099832018935795, 12.619591357730506, 13.881670111707463, 11.66841211228455), 37.74976205825806)
Day:1 
(1, 7, 100, -27.360295455177326, 1156.0, (1.5232323922126818, 10.407437360579477, 7.538866437824263, 14.421350169414204), 38.701515913009644)
Day:1 
(1, 8, 100, -26.8245903892105, 64.0, (0.3931085691332494, 0.9760979265175559, 5.245978336100558, 32.521774222127725), 36.12559199333191)
Day:1 
(1, 9, 100, -26.761737157339976, 324.0, (8.2022213274588, 2.1669786132298916, 7.97378753085437, 17.64106460346005), 35.10527014732361)
Day:1 
(1, 10, 100, -26.826272373091328, 400.0, (9.080777101583694, 2.2973606087330753, 12.291913038766053, 11.922856764542914), 34.68995189666748)
Day:1 
(1, 11, 100, -26.950777280189367, 256.0, (14.96367466278541, 4.247206780770417, 5.048323844310013, 13.919648711430181), 34.75647807121277)
Day:1 
(1, 12, 100, -32.336635096457584, 625.0, (5.346649635801226, 24.979135875007447, 35.025036176687316, 15.171425704771323), 36.47221302986145)
Day:1 
(1, 13, 100, -29.86314474199621, 17.0, (3.023884820719314, 2.781286277521642, 14.3311437185952, 7.476450181824213), 34.672910928726196)
Day:1 
(1, 14, 100, -27.001486062961913, 576.0, (6.867965123575186, 13.429694747648307, 0.10443062741870535, 14.773250574951092), 35.00759696960449)
Day:1 
(1, 15, 100, -26.455275023714925, 441.0, (0.605059860365545, 8.27749039004302, 2.935848996603348, 19.659941965000076), 34.27023196220398)
Day:1 
(1, 16, 100, -27.486227889661468, 400.0, (20.124534824180436, 1.786004800919952, 1.3920404301618425, 19.186520938010034), 34.17081809043884)
Day:1 
(1, 17, 100, -33.02868580021436, 1225.0, (11.612884174939428, 5.415496049977997, 52.824525888924406, 20.054123065327538), 36.03812599182129)
Day:1 
(1, 18, 100, -27.145053000503424, 1024.0, (7.6235971199546775, 1.8069398540428496, 5.1000526707012925, 17.838577791176135), 35.000808000564575)
Day:1 
(1, 19, 100, -26.441976297010218, 484.0, (0.20222872995494193, 4.507647222207111, 5.880766930733814, 20.31253106184591), 35.08193492889404)
Day:1 
(1, 20, 100, -26.502340005443514, 25.0, (1.013824357693557, 2.1318837587488235, 23.204817517919153, 9.936252791788794), 35.04452705383301)
Day:1 
(1, 21, 100, -26.689561141244354, 64.0, (0.44855065445740083, 6.161527246464931, 17.009101450968906, 14.16748509505395), 35.02261805534363)
Day:1 
(1, 22, 100, -24.62023673572308, 121.0, (0.6928152625329651, 0.2510069172110912, 5.558709912414713, 4.876271233995913), 34.54217004776001)
Day:1 
(1, 23, 100, -25.67445759113037, 256.0, (0.5586175880018639, 2.004530639569799, 15.914435287910091, 6.3162372445834825), 35.26244401931763)
Day:1 
(1, 24, 100, -26.500278799847102, 256.0, (6.921935443369117, 1.6450985317557523, 7.251310635247266, 18.21274083927805), 35.929139852523804)
Day:1 
(1, 25, 100, -27.100150125264438, 576.0, (1.4231174356426919, 3.7467035978251997, 22.338956120816828, 9.397289103008521), 35.50349998474121)
Day:1 
(1, 26, 100, -24.572111647778602, 16.0, (1.9204396915266924, 4.393418900864215, 1.0366525553350663, 9.609631657538296), 36.09238004684448)
Day:1 
(1, 27, 100, -28.159119834069138, 4.0, (5.407277339244302, 19.797211158335504, 10.227843466427274, 17.615086061426197), 35.18924808502197)
Day:1 
(1, 28, 100, -27.910343605489448, 1764.0, (1.1085636186558374, 14.75740394471126, 4.30004777700714, 13.283454701934563), 36.24505686759949)
Day:1 
(1, 29, 100, -29.413961224911017, 529.0, (9.494081858898998, 16.573084780047623, 7.676425738756499, 26.768300749665965), 35.19334101676941)
Day:1 
(1, 30, 100, -32.917695368260866, 484.0, (16.875451048152687, 13.458927308040291, 37.68983298981728, 27.962687209541244), 34.81661510467529)
Day:1 
(1, 31, 100, -26.495462764008316, 1444.0, (2.135127548503858, 3.301112139700482, 8.59895603178849, 8.291447381768608), 36.20101499557495)
Day:1 
(1, 32, 100, -25.542982346017673, 625.0, (4.0337719967077765, 1.1611263912349694, 6.75408561478971, 6.921998685630213), 35.2464439868927)
Day:1 
(1, 33, 100, -25.09012258857687, 64.0, (0.8888065668361351, 1.94670855645992, 2.294368730058678, 16.662397192171433), 36.45988583564758)
Day:1 
(1, 34, 100, -26.04914430217075, 64.0, (2.510894849182969, 9.113165565945964, 4.740366348586194, 14.93291829914658), 35.59562706947327)
Day:1 
(1, 35, 100, -25.43020907901008, 16.0, (3.2101087836889417, 0.9915217252970019, 10.877910817515318, 6.091178059357302), 36.42101216316223)
Day:1 
(1, 36, 100, -24.876616732333854, 169.0, (0.3462122714989477, 5.868118501258395, 3.169159624710537, 8.970065582398636), 35.23027586936951)
Day:1 
(1, 37, 100, -27.020624006555003, 1.0, (0.8184211474775603, 7.084033072738466, 19.00190657657249, 14.775539607030975), 34.53824591636658)
Day:1 
(1, 38, 100, -31.45824428674673, 1156.0, (21.731284233228504, 0.7743479562145, 14.190713651932622, 38.174110740126686), 35.09080219268799)
Day:1 
(1, 39, 100, -29.169791292364387, 16.0, (6.692419952240625, 2.8262308895219697, 2.718979222165462, 50.76859178635278), 36.53878593444824)
Day:1 
(1, 40, 100, -27.14415711539812, 529.0, (7.9524369080410295, 6.863756585630618, 6.6032807305652454, 16.39435563832588), 35.81959104537964)
Day:1 
(1, 41, 100, -29.24894798070084, 16.0, (0.5837710874453775, 22.955352547370268, 7.904623904649892, 32.35404119417981), 35.17094302177429)
Day:1 
(1, 42, 100, -29.629114144316546, 1.0, (1.8068086035304711, 0.22643735734548143, 3.8242119151264955, 61.91735511414804), 35.55725979804993)
Day:1 
(1, 43, 100, -29.091119933504487, 49.0, (11.532907361930025, 18.38733362915324, 3.8672257897555204, 28.085556830823215), 36.52911019325256)
Day:1 
(1, 44, 100, -31.301653692160727, 16.0, (1.2172357512737066, 36.239867970717675, 8.626422529346822, 38.28195847398672), 33.79432201385498)
Day:1 
(1, 45, 100, -25.93718393033108, 1.0, (3.0473044121472315, 3.8013642565357584, 8.97475563483862, 15.032086041559642), 36.05881881713867)
Day:1 
(1, 46, 100, -26.70483453031318, 169.0, (6.585477494518108, 0.7463042555968623, 14.588205604005658, 15.002495605459938), 34.328795194625854)
Day:1 
(1, 47, 100, -27.456941549104304, 2116.0, (0.3852453308705095, 2.5205631491290914, 8.123764922892839, 13.130920619863318), 35.67789387702942)
Day:1 
(1, 48, 100, -25.713365963889856, 625.0, (2.4984178582795042, 1.695281797854431, 0.40169107467658516, 17.570901385746193), 35.26478409767151)
Day:1 
(1, 49, 100, -27.29684699477585, 4.0, (16.786943751971034, 2.5944289503159474, 8.264981455366438, 16.77884239310931), 34.11506485939026)
Day:1 
(1, 50, 100, -28.372100040667043, 324.0, (5.994150689343702, 0.5311631786620521, 23.29843604856949, 22.025588213450916), 35.684427976608276)
Day:2 
(2, 0, 100, -14417.020959560401, 1135089.0, (5.994150689343702, 0.5311631786620521, 23.29843604856949, 22.025588213450916), 11.760218143463135)
Day:2 
(2, 1, 100, -2264.792605170162, 93474.0, (1.1404381866915176, 2.798549601989639, 6.433979231762912, 1.9357608003440907), 322.8720898628235)
Day:2 
(2, 2, 100, -659.5402640389726, 69013.0, (1.2128832817515018, 3.573960647638942, 4.197460414137251, 4.170086118642692), 494.2376940250397)
Day:2 
(2, 3, 100, -661.6156207017549, 69010.0, (1.2128832817515018, 3.573960647638942, 4.197460414137251, 4.170086118642692), 452.78246307373047)
Day:2 
(2, 4, 100, -613.8198784239328, 64631.0, (1.2128832817515018, 3.573960647638942, 4.197460414137251, 4.170086118642692), 456.62337589263916)
Day:2 
(2, 5, 100, -613.4317641651951, 65235.0, (1.2128832817515018, 3.573960647638942, 4.197460414137251, 4.170086118642692), 409.57014513015747)
Day:2 
(2, 6, 100, -607.6424698565268, 65242.0, (1.2128832817515018, 3.573960647638942, 4.197460414137251, 4.170086118642692), 412.79227685928345)
Day:2 
(2, 7, 100, -600.6202848807612, 65126.0, (1.2128832817515018, 3.573960647638942, 4.197460414137251, 4.170086118642692), 422.95166516304016)
Day:2 
(2, 8, 100, -590.2177989976989, 64501.0, (1.2128832817515018, 3.573960647638942, 4.197460414137251, 4.170086118642692), 394.72266602516174)
Day:2 
(2, 9, 100, -576.3625699235417, 64277.0, (1.2128832817515018, 3.573960647638942, 4.197460414137251, 4.170086118642692), 418.86239290237427)
Day:2 
(2, 10, 100, -522.7826909280667, 15847.0, (5.380852755209131, 12.337032059046685, 9.826270504759961, 8.035413583829179), 463.02061009407043)
Day:2 
(2, 11, 100, -514.9305810971649, 15551.0, (5.380852755209131, 12.337032059046685, 9.826270504759961, 8.035413583829179), 415.18832898139954)
Day:2 
(2, 12, 100, -521.7042638203907, 16356.0, (5.380852755209131, 12.337032059046685, 9.826270504759961, 8.035413583829179), 443.86789894104004)
Day:2 
(2, 13, 100, -518.9112499343335, 16362.0, (5.380852755209131, 12.337032059046685, 9.826270504759961, 8.035413583829179), 411.690927028656)
Day:2 
(2, 14, 100, -519.0401925246797, 16290.0, (5.380852755209131, 12.337032059046685, 9.826270504759961, 8.035413583829179), 457.22519397735596)
Day:2 
(2, 15, 100, -510.6372939520125, 16109.0, (5.380852755209131, 12.337032059046685, 9.826270504759961, 8.035413583829179), 410.14660000801086)
Day:2 
(2, 16, 100, -242.29403104854646, 23690.0, (3.1728821584672033, 5.339682260500678, 10.628644140543184, 7.002715399066828), 328.0486390590668)
Day:2 
(2, 17, 100, -231.53477156667077, 21112.0, (3.1728821584672033, 5.339682260500678, 10.628644140543184, 7.002715399066828), 230.1224389076233)
Day:2 
(2, 18, 100, -229.39984500249966, 21007.0, (3.1728821584672033, 5.339682260500678, 10.628644140543184, 7.002715399066828), 190.56482410430908)
Day:2 
(2, 19, 100, -235.9457530244189, 18771.0, (3.1728821584672033, 5.339682260500678, 10.628644140543184, 7.002715399066828), 200.04362177848816)
Day:2 
(2, 20, 100, -229.7723221978294, 20320.0, (3.1728821584672033, 5.339682260500678, 10.628644140543184, 7.002715399066828), 237.09257411956787)
Day:2 
(2, 21, 100, -227.0959395364106, 19607.0, (3.1728821584672033, 5.339682260500678, 10.628644140543184, 7.002715399066828), 171.56077790260315)
Day:2 
(2, 22, 100, -227.98962043926863, 19976.0, (3.1728821584672033, 5.339682260500678, 10.628644140543184, 7.002715399066828), 228.68962216377258)
Day:2 
(2, 23, 100, -229.35732419562578, 21350.0, (3.1728821584672033, 5.339682260500678, 10.628644140543184, 7.002715399066828), 183.92538785934448)
Day:2 
(2, 24, 100, -228.94195144567144, 20252.0, (3.1728821584672033, 5.339682260500678, 10.628644140543184, 7.002715399066828), 192.1739661693573)
Day:2 
(2, 25, 100, -227.45169699709118, 19513.0, (3.1728821584672033, 5.339682260500678, 10.628644140543184, 7.002715399066828), 203.89632892608643)
Day:2 
(2, 26, 100, -229.79005268875275, 21708.0, (3.1728821584672033, 5.339682260500678, 10.628644140543184, 7.002715399066828), 183.61171197891235)
Day:2 
(2, 27, 100, -234.63162397400086, 21880.0, (3.1728821584672033, 5.339682260500678, 10.628644140543184, 7.002715399066828), 204.56789088249207)
Day:2 
(2, 28, 100, -226.95233334061226, 21399.0, (3.1728821584672033, 5.339682260500678, 10.628644140543184, 7.002715399066828), 180.71177101135254)