
Day:1 
(1, 0, 200, -30.78618450742504, 1225.0, (-1.358584468893433, -3.5755374496765926, 4.205832451269207, 12.051400330693356), 4.362235069274902)
Day:1 
(1, 1, 200, -30.17902404844274, 81.0, (-4.021866323029002, -12.479464549863883, 18.043376538934538, 12.051400330693356), 7.997801065444946)
Day:1 
(1, 2, 200, -31.752417622393562, 1156.0, (18.446392401008328, 3.045043213572022, -12.685121759726208, 22.12222024800394), 7.85699987411499)
Day:1 
(1, 3, 200, -32.90592713542104, 4.0, (-26.57274965644444, -15.355449378090823, 38.09816075620444, 22.12222024800394), 7.95613694190979)
Day:1 
(1, 4, 200, -34.10265341504551, 729.0, (-36.351468195513895, 3.9295005919616726, 38.09816075620444, 22.12222024800394), 8.140932083129883)
Day:1 
(1, 5, 200, -31.186315255878082, 676.0, (19.958155744047748, 3.9295005919616726, -8.996792716741243, 22.12222024800394), 8.465365886688232)
Day:1 
(1, 6, 200, -30.143203737295405, 225.0, (-1.868962529771531, -0.9810732385536689, 2.9027548276589106, 22.12222024800394), 7.942010164260864)
Day:1 
(1, 7, 200, -30.14783735792372, 144.0, (0.543119174842423, -7.7362715455755025, 2.9027548276589106, 22.12222024800394), 8.293335914611816)
Day:1 
(1, 8, 200, -30.056338803445158, 49.0, (0.543119174842423, 3.757807561893532, -8.08753896376031, 22.12222024800394), 8.397480010986328)
Day:1 
(1, 9, 200, -30.24378313871703, 4.0, (0.543119174842423, -26.3359163478175, 4.693609731613267, 6.0944805707619665), 8.431697130203247)
Day:1 
(1, 10, 200, -29.992949231314483, 9.0, (4.9376221584160565, -19.298970514816578, 10.60151457064827, 6.0944805707619665), 8.436248779296875)
Day:1 
(1, 11, 200, -29.7826809843366, 4.0, (-10.69335276651404, -10.891194242112562, 10.60151457064827, -0.7562927380302583), 8.422547101974487)
Day:1 
(1, 12, 200, -33.088950136158196, 2025.0, (-6.340348588750861, -36.213444320624326, 10.60151457064827, -0.7562927380302583), 8.588599920272827)
Day:1 
(1, 13, 200, -29.82344876632223, 36.0, (-10.36910173039304, -12.730257335575713, 1.0896982514155005, -1.6981678222069083), 8.34788703918457)
Day:1 
(1, 14, 200, -31.98232045053847, 81.0, (-36.75764989473085, -10.104317621319025, 24.9286425543586, -1.6981678222069083), 8.362782955169678)
Day:1 
(1, 15, 200, -35.20731665364485, 64.0, (-25.92181407727518, -10.104317621319025, -42.69865409655289, 45.546033586737295), 8.137242078781128)
Day:1 
(1, 16, 200, -33.83559139568494, 3025.0, (4.8415238037399515, -2.24710654396374, 3.0231372335859534, 32.85635927918047), 8.128607034683228)
Day:1 
(1, 17, 200, -30.227098667017884, 289.0, (-5.1707557619702555, 1.2708428888210466, 20.504601066534054, 7.283064313256515), 8.146458864212036)
Day:1 
(1, 18, 200, -31.985153955909805, 484.0, (-33.81642460898629, -20.828113909426463, -11.99335409059854, 7.283064313256515), 8.410548210144043)
Day:1 
(1, 19, 200, -30.170293234400248, 324.0, (6.391459443644176, 9.184324669830428, 9.853147514923174, 14.985737086664113), 8.574842929840088)
Day:1 
(1, 20, 200, -29.7730330375665, 0.0, (11.830472876518673, 3.650722445821057, -0.6461302858276016, 14.985737086664113), 8.347997903823853)
Day:1 
(1, 21, 200, -31.411064072617457, 1024.0, (11.830472876518673, 3.650722445821057, -0.6461302858276016, 11.52509286590649), 8.855944156646729)
Day:1 
(1, 22, 200, -30.53229823173823, 4.0, (-5.111393333162769, -15.888655321869143, 25.849653952529398, -1.3064113356755531), 8.343021869659424)
Day:1 
(1, 23, 200, -31.347050677643583, 400.0, (-13.785464762136225, 5.904313328286403, 26.73485300625245, 19.15941933467046), 8.178956985473633)
Day:1 
(1, 24, 200, -34.16086710760436, 1681.0, (-45.72038918074852, -7.223714644378978, -0.022921768103425295, 18.886115831485885), 8.08118200302124)
Day:1 
(1, 25, 200, -30.66415432439224, 169.0, (-26.256784571723472, -2.665580230065393, -3.2619948241405776, 15.59671882359683), 8.227934122085571)
Day:1 
(1, 26, 200, -32.56034660522443, 729.0, (-20.40477659995606, 20.31214869133104, -23.063614689166872, 25.40964417437167), 8.347178936004639)
Day:1 
(1, 27, 200, -30.93300205616536, 4.0, (-9.938862422007807, -6.294062437508144, 22.77653824524002, 25.40964417437167), 8.464746952056885)
Day:1 
(1, 28, 200, -32.46782624459193, 484.0, (-20.333490749145753, 11.402549741853868, 22.77653824524002, 33.138235022963876), 8.2340829372406)
Day:1 
(1, 29, 200, -34.52371792109552, 676.0, (44.144309296543945, 2.7839258738448542, 24.51852282648114, 33.138235022963876), 8.485340118408203)
Day:1 
(1, 30, 200, -33.34416196688818, 841.0, (24.31292392480393, -11.791281482085337, -26.7008251875752, 33.138235022963876), 8.348895072937012)
Day:1 
(1, 31, 200, -32.75912552468184, 784.0, (0.7166715104052845, 5.721108138728704, -26.7008251875752, 37.60328271355037), 8.31158185005188)
Day:1 
(1, 32, 200, -31.695918013105384, 625.0, (-2.043353979733935, 3.6693261809814857, -1.2377434550551254, 37.60328271355037), 8.364819049835205)
Day:1 
(1, 33, 200, -37.91213856346545, 3025.0, (-2.043353979733935, 39.09983449869382, 40.10950937787729, 37.60328271355037), 8.364650964736938)
Day:1 
(1, 34, 200, -33.78037094741221, 9.0, (-2.043353979733935, 32.55300497502945, -33.173255365762664, 37.60328271355037), 8.507812023162842)
Day:1 
(1, 35, 200, -34.028808757046335, 1444.0, (-8.155797965519753, 32.55300497502945, 7.072993169983345, 37.60328271355037), 8.638181924819946)
Day:1 
(1, 36, 200, -33.26880542673604, 529.0, (3.595693275359023, 32.55300497502945, 16.71880718657853, 37.60328271355037), 8.28876805305481)
Day:1 
(1, 37, 200, -33.84030078319288, 841.0, (-7.023124551814557, 32.55300497502945, -21.397107338372876, 37.60328271355037), 8.68328595161438)
Day:1 
(1, 38, 200, -32.46970463811668, 4.0, (-8.642661231468672, 31.15945517509749, 8.612271649480807, 37.60328271355037), 8.397298097610474)
Day:1 
(1, 39, 200, -32.654114903566935, 4.0, (-8.642661231468672, 31.15945517509749, -14.889574719398961, 37.60328271355037), 8.914521932601929)
Day:1 
(1, 40, 200, -30.81824604078154, 676.0, (-20.075853121166478, -2.596902979455654, -7.273070765486172, 13.92274486484448), 8.41808795928955)
Day:1 
(1, 41, 200, -30.33101958766915, 144.0, (-10.794283773467301, 2.568540244621425, -19.084303109086544, 13.92274486484448), 8.544808149337769)
Day:1 
(1, 42, 200, -34.58995265455093, 2401.0, (-11.186844395673553, -3.102138792906283, 45.25130707357268, 13.92274486484448), 8.286664962768555)
Day:1 
(1, 43, 200, -30.3368292691604, 121.0, (-11.186844395673553, 2.9441147582918137, -15.45817979023103, 19.110687292593994), 8.175770998001099)
Day:1 
(1, 44, 200, -35.54633892061809, 2704.0, (1.523195902623376, -48.25157162307569, -7.675014286819372, 19.110687292593994), 8.158499002456665)
Day:1 
(1, 45, 200, -32.96404660956061, 225.0, (-2.571003800983029, -48.25157162307569, -7.675014286819372, 19.110687292593994), 8.812910079956055)
Day:1 
(1, 46, 200, -33.3670831160846, 1024.0, (-2.571003800983029, -48.25157162307569, 8.077663578573981, -2.9000571228069827), 8.686180830001831)
Day:1 
(1, 47, 200, -32.359296645174304, 64.0, (-2.571003800983029, -48.25157162307569, 7.071304951054564, -2.9000571228069827), 8.94283413887024)
Day:1 
(1, 48, 200, -35.15225470727688, 64.0, (-43.48139306153142, -48.25157162307569, -20.062811656485405, -2.498445926237955), 8.690460920333862)
Day:1 
(1, 49, 200, -30.80028342183628, 64.0, (6.101471659236, -30.692583898022747, 12.028035765575684, -2.498445926237955), 8.601432085037231)
Day:1 
(1, 50, 200, -33.904216297469816, 3136.0, (-16.396753863253952, -26.676820062381683, -8.890617578730156, -2.498445926237955), 8.85688304901123)
Day:2 
(2, 0, 200, -14369.517140798367, 1031085.0, (-16.396753863253952, -26.676820062381683, -8.890617578730156, -2.498445926237955), 10.711054801940918)
Day:2 
(2, 1, 200, -5574.438128233413, 350395.0, (-2.672194969216053, -26.676820062381683, 17.126693783722967, -2.498445926237955), 47.13886904716492)
Day:2 
(2, 2, 200, -5519.995999903117, 322958.0, (-2.672194969216053, -26.676820062381683, 17.126693783722967, -2.498445926237955), 55.6410551071167)
Day:2 
(2, 3, 200, -5524.316131224458, 323823.0, (-2.672194969216053, -26.676820062381683, 17.126693783722967, -2.498445926237955), 52.547487020492554)
Day:2 
(2, 4, 200, -5512.597725996606, 321303.0, (-2.672194969216053, -26.676820062381683, 17.126693783722967, -2.498445926237955), 55.87354898452759)
Day:2 
(2, 5, 200, -5501.808464184051, 311730.0, (-2.672194969216053, -26.676820062381683, 17.126693783722967, -2.498445926237955), 60.37489104270935)
Day:2 
(2, 6, 200, -5500.1914034496085, 310782.0, (-2.672194969216053, -26.676820062381683, 17.126693783722967, -2.498445926237955), 59.83297085762024)
Day:2 
(2, 7, 200, -5500.941943241593, 310727.0, (-2.672194969216053, -26.676820062381683, 17.126693783722967, -2.498445926237955), 62.58832502365112)
Day:2 
(2, 8, 200, -5349.444684893285, 310301.0, (-2.672194969216053, -26.676820062381683, 17.126693783722967, -2.498445926237955), 54.65256309509277)
Day:2 
(2, 9, 200, -5347.716430364036, 308210.0, (-2.672194969216053, -26.676820062381683, 17.126693783722967, -2.498445926237955), 66.29633092880249)
Day:2 
(2, 10, 200, -5346.424582044626, 308018.0, (-2.672194969216053, -26.676820062381683, 17.126693783722967, -2.498445926237955), 50.962810039520264)
Day:2 
(2, 11, 200, -5347.7592453865445, 308501.0, (-2.672194969216053, -26.676820062381683, 17.126693783722967, -2.498445926237955), 54.020787954330444)
Day:2 
(2, 12, 200, -5346.5493710238925, 307985.0, (-2.672194969216053, -26.676820062381683, 17.126693783722967, -2.498445926237955), 60.05124592781067)
Day:2 
(2, 13, 200, -5341.146920066508, 303762.0, (-2.672194969216053, -26.676820062381683, 17.126693783722967, -2.498445926237955), 59.44523310661316)
Day:2 
(2, 14, 200, -4906.055377403835, 287903.0, (-2.672194969216053, -26.676820062381683, 17.126693783722967, -2.498445926237955), 58.11611485481262)
Day:2 
(2, 15, 200, -4904.81717355805, 287792.0, (-2.672194969216053, -26.676820062381683, 17.126693783722967, -2.498445926237955), 71.70759701728821)
Day:2 
(2, 16, 200, -4904.169530901997, 287728.0, (-2.672194969216053, -26.676820062381683, 17.126693783722967, -2.498445926237955), 58.5999231338501)
Day:2 
(2, 17, 200, -4904.306369656383, 287648.0, (-2.672194969216053, -26.676820062381683, 17.126693783722967, -2.498445926237955), 58.01008486747742)
Day:2 
(2, 18, 200, -4902.071252416958, 286231.0, (-2.672194969216053, -26.676820062381683, 17.126693783722967, -2.498445926237955), 50.86408710479736)
Day:2 
(2, 19, 200, -4881.648640796481, 286069.0, (-2.672194969216053, -26.676820062381683, 17.126693783722967, -2.498445926237955), 55.38232398033142)
Day:2 
(2, 20, 200, -4877.341870498835, 285136.0, (-2.672194969216053, -26.676820062381683, 17.126693783722967, -2.498445926237955), 59.463457107543945)
Day:2 
(2, 21, 200, -4877.197784495259, 285113.0, (-2.672194969216053, -26.676820062381683, 17.126693783722967, -2.498445926237955), 72.68925189971924)
Day:2 
(2, 22, 200, -4877.197784495259, 285113.0, (-2.672194969216053, -26.676820062381683, 17.126693783722967, -2.498445926237955), 72.6776270866394)
Day:2 
(2, 23, 200, -4877.755824835837, 285188.0, (-2.672194969216053, -26.676820062381683, 17.126693783722967, -2.498445926237955), 57.81217885017395)
Day:2 
(2, 24, 200, -4878.328138744706, 285248.0, (-2.672194969216053, -26.676820062381683, 17.126693783722967, -2.498445926237955), 62.65586495399475)
Day:2 
(2, 25, 200, -4878.500374974738, 284993.0, (-2.672194969216053, -26.676820062381683, 17.126693783722967, -2.498445926237955), 68.04723501205444)
Day:2 
(2, 26, 200, -4878.500374974738, 284993.0, (-2.672194969216053, -26.676820062381683, 17.126693783722967, -2.498445926237955), 79.37070107460022)
Day:2 
(2, 27, 200, -4878.500374974738, 284993.0, (-2.672194969216053, -26.676820062381683, 17.126693783722967, -2.498445926237955), 74.35949611663818)
Day:2 
(2, 28, 200, -4878.500374974738, 284993.0, (-2.672194969216053, -26.676820062381683, 17.126693783722967, -2.498445926237955), 59.21362900733948)
Day:2 
(2, 29, 200, -4877.036290425296, 285056.0, (-2.672194969216053, -26.676820062381683, 17.126693783722967, -2.498445926237955), 58.84386992454529)
Day:2 
(2, 30, 200, -4877.043253875655, 285073.0, (-2.672194969216053, -26.676820062381683, 17.126693783722967, -2.498445926237955), 77.84421706199646)
Day:2 
(2, 31, 200, -4877.524170073609, 285008.0, (-2.672194969216053, -26.676820062381683, 17.126693783722967, -2.498445926237955), 77.1243588924408)
Day:2 
(2, 32, 200, -4877.197784495259, 285113.0, (-2.672194969216053, -26.676820062381683, 17.126693783722967, -2.498445926237955), 73.13545894622803)
Day:2 
(2, 33, 200, -4877.097685660906, 285092.0, (-2.672194969216053, -26.676820062381683, 17.126693783722967, -2.498445926237955), 57.89026498794556)
Day:2 
(2, 34, 200, -4877.172659838535, 285028.0, (-2.672194969216053, -26.676820062381683, 17.126693783722967, -2.498445926237955), 62.92912197113037)
Day:2 
(2, 35, 200, -4877.036290425296, 285056.0, (-2.672194969216053, -26.676820062381683, 17.126693783722967, -2.498445926237955), 76.21433711051941)
Day:2 
(2, 36, 200, -4877.036290425296, 285056.0, (-2.672194969216053, -26.676820062381683, 17.126693783722967, -2.498445926237955), 61.58257007598877)
Day:2 
(2, 37, 200, -4877.036290425296, 285056.0, (-2.672194969216053, -26.676820062381683, 17.126693783722967, -2.498445926237955), 59.99898982048035)
Day:2 
(2, 38, 200, -4877.036290425296, 285056.0, (-2.672194969216053, -26.676820062381683, 17.126693783722967, -2.498445926237955), 58.7358341217041)
Day:2 
(2, 39, 200, -4878.328138744706, 285248.0, (-2.672194969216053, -26.676820062381683, 17.126693783722967, -2.498445926237955), 54.9259250164032)
Day:2 
(2, 40, 200, -4877.341870498835, 285136.0, (-2.672194969216053, -26.676820062381683, 17.126693783722967, -2.498445926237955), 71.72799587249756)
Day:2 
(2, 41, 200, -4877.078730888093, 285041.0, (-2.672194969216053, -26.676820062381683, 17.126693783722967, -2.498445926237955), 59.93336796760559)
Day:2 
(2, 42, 200, -4877.078730888093, 285041.0, (-2.672194969216053, -26.676820062381683, 17.126693783722967, -2.498445926237955), 53.95230317115784)
Day:2 
(2, 43, 200, -4877.078730888093, 285041.0, (-2.672194969216053, -26.676820062381683, 17.126693783722967, -2.498445926237955), 65.19462990760803)
Day:2 
(2, 44, 200, -4877.043253875655, 285073.0, (-2.672194969216053, -26.676820062381683, 17.126693783722967, -2.498445926237955), 59.57771301269531)
Day:2 
(2, 45, 200, -4877.528373861571, 285161.0, (-2.672194969216053, -26.676820062381683, 17.126693783722967, -2.498445926237955), 61.50091600418091)
Day:2 
(2, 46, 200, -4877.043253875655, 285073.0, (-2.672194969216053, -26.676820062381683, 17.126693783722967, -2.498445926237955), 62.8636679649353)
Day:2 
(2, 47, 200, -4567.881845217888, 285511.0, (-2.672194969216053, -26.676820062381683, 17.126693783722967, -2.498445926237955), 59.31264901161194)
Day:2 
(2, 48, 200, -4562.945098253909, 284984.0, (-2.672194969216053, -26.676820062381683, 17.126693783722967, -2.498445926237955), 60.0618040561676)
Day:2 
(2, 49, 200, -4547.808346385177, 284803.0, (-2.672194969216053, -26.676820062381683, 17.126693783722967, -2.498445926237955), 59.81195592880249)
Day:2 
(2, 50, 200, -4547.808346385177, 284803.0, (-2.672194969216053, -26.676820062381683, 17.126693783722967, -2.498445926237955), 66.37528204917908)
Day:3 
(3, 0, 200, -11356.776006710837, 243222.0, (-2.672194969216053, -26.676820062381683, 17.126693783722967, -2.498445926237955), 14.770859956741333)
Day:3 
(3, 1, 200, -11324.241705051376, 230981.0, (-2.672194969216053, -26.676820062381683, 17.126693783722967, -2.498445926237955), 102.04696202278137)
Day:3 
(3, 2, 200, -11326.111105082346, 232145.0, (-2.672194969216053, -26.676820062381683, 17.126693783722967, -2.498445926237955), 118.0819890499115)
Day:3 
(3, 3, 200, -11325.028357929918, 229715.0, (-2.672194969216053, -26.676820062381683, 17.126693783722967, -2.498445926237955), 148.13677287101746)
Day:3 
(3, 4, 200, -11323.410302274942, 230630.0, (-2.672194969216053, -26.676820062381683, 17.126693783722967, -2.498445926237955), 131.40556120872498)
Day:3 
(3, 5, 200, -11147.436396569465, 228491.0, (-2.672194969216053, -26.676820062381683, 17.126693783722967, -2.498445926237955), 112.62686681747437)
Day:3 
(3, 6, 200, -11144.025960337236, 229034.0, (-2.672194969216053, -26.676820062381683, 17.126693783722967, -2.498445926237955), 134.19699001312256)
Day:3 
(3, 7, 200, -11143.406294564116, 228799.0, (-2.672194969216053, -26.676820062381683, 17.126693783722967, -2.498445926237955), 139.40052700042725)
Day:3 
(3, 8, 200, -11144.196932403389, 230767.0, (-2.672194969216053, -26.676820062381683, 17.126693783722967, -2.498445926237955), 126.82757902145386)
Day:3 
(3, 9, 200, -11141.275434945053, 230742.0, (-2.672194969216053, -26.676820062381683, 17.126693783722967, -2.498445926237955), 127.90887808799744)
Day:3 
(3, 10, 200, -11098.468154525133, 234455.0, (-2.672194969216053, -26.676820062381683, 17.126693783722967, -2.498445926237955), 127.18756294250488)
Day:3 
(3, 11, 200, -11098.409895807863, 233324.0, (-2.672194969216053, -26.676820062381683, 17.126693783722967, -2.498445926237955), 140.02980709075928)
Day:3 
(3, 12, 200, -11088.155771778847, 230775.0, (-2.672194969216053, -26.676820062381683, 17.126693783722967, -2.498445926237955), 136.9051489830017)
Day:3 
(3, 13, 200, -11086.975583534946, 230772.0, (-2.672194969216053, -26.676820062381683, 17.126693783722967, -2.498445926237955), 121.94716095924377)
Day:3 
(3, 14, 200, -9010.443407135564, 188682.0, (-2.672194969216053, -4.824134499585577, 17.126693783722967, -2.498445926237955), 165.9608120918274)
Day:3 
(3, 15, 200, -8985.313888194565, 188659.0, (-2.672194969216053, -4.824134499585577, 17.126693783722967, -2.498445926237955), 230.43292093276978)
Day:3 
(3, 16, 200, -8975.659335031603, 188662.0, (-2.672194969216053, -4.824134499585577, 17.126693783722967, -2.498445926237955), 225.68723797798157)
Day:3 
(3, 17, 200, -8950.92186344798, 186494.0, (-2.672194969216053, -4.824134499585577, 17.126693783722967, -2.498445926237955), 215.10734701156616)
Day:3 
(3, 18, 200, -8873.762104691352, 182468.0, (-2.672194969216053, -4.824134499585577, 17.126693783722967, -2.498445926237955), 206.06719398498535)
Day:3 
(3, 19, 200, -8378.048138725564, 300413.0, (-9.012349465926489, -4.824134499585577, 17.126693783722967, -2.498445926237955), 194.33966302871704)
Day:3 
(3, 20, 200, -8307.469736516061, 299787.0, (-9.012349465926489, -4.824134499585577, 17.126693783722967, -2.498445926237955), 207.12479996681213)
Day:3 
(3, 21, 200, -8302.266353085904, 299471.0, (-9.012349465926489, -4.824134499585577, 17.126693783722967, -2.498445926237955), 188.48229098320007)
Day:3 
(3, 22, 200, -8279.7549498974, 300315.0, (-9.012349465926489, -4.824134499585577, 17.126693783722967, -2.498445926237955), 193.80946493148804)
Day:3 
(3, 23, 200, -6078.900512584362, 205369.0, (-9.012349465926489, -4.824134499585577, 3.950511781279317, -2.498445926237955), 287.34021401405334)
Day:3 
(3, 24, 200, -5745.082223846601, 205703.0, (-9.012349465926489, -4.824134499585577, 3.950511781279317, -2.498445926237955), 317.83528304100037)
Day:3 
(3, 25, 200, -5584.448894315498, 177884.0, (-4.165497613456364, -4.824134499585577, 3.950511781279317, -2.498445926237955), 305.7520549297333)
Day:3 
(3, 26, 200, -5555.365089592649, 177399.0, (-4.165497613456364, -4.824134499585577, 3.950511781279317, -2.498445926237955), 455.26093006134033)
Day:3 
(3, 27, 200, -5519.377469611825, 177371.0, (-4.165497613456364, -4.824134499585577, 3.950511781279317, -2.498445926237955), 365.52324295043945)
Day:3 
(3, 28, 200, -5508.07468221172, 177824.0, (-4.165497613456364, -4.824134499585577, 3.950511781279317, -2.498445926237955), 454.9311430454254)
Day:3 
(3, 29, 200, -5298.319891182086, 182245.0, (-4.165497613456364, -4.824134499585577, 2.1574452042229018, -2.498445926237955), 444.70384192466736)
Day:3 
(3, 30, 200, -5207.716496921485, 181139.0, (-4.165497613456364, -4.824134499585577, 2.1574452042229018, -2.498445926237955), 451.10857009887695)
Day:3 
(3, 31, 200, -5192.942430368502, 181130.0, (-4.165497613456364, -4.824134499585577, 2.1574452042229018, -2.498445926237955), 537.1632599830627)
Day:3 
(3, 32, 200, -5159.964708383885, 179150.0, (-4.165497613456364, -4.824134499585577, 2.1574452042229018, -2.498445926237955), 383.9270861148834)
Day:3 
(3, 33, 200, -5154.613950382058, 179170.0, (-4.165497613456364, -4.824134499585577, 2.1574452042229018, -2.498445926237955), 409.7122538089752)
Day:3 
(3, 34, 200, -5146.610490719599, 179093.0, (-4.165497613456364, -4.824134499585577, 2.1574452042229018, -2.498445926237955), 435.75816202163696)
Day:3 
(3, 35, 200, -5123.413459813448, 178387.0, (-4.165497613456364, -4.824134499585577, 2.1574452042229018, -2.498445926237955), 421.57789301872253)
Day:3 
(3, 36, 200, -5078.9298434498605, 177584.0, (-4.165497613456364, -4.824134499585577, 2.1574452042229018, -2.498445926237955), 396.9792220592499)
Day:3 
(3, 37, 200, -5034.512410371113, 177618.0, (-4.165497613456364, -4.824134499585577, 2.1574452042229018, -2.498445926237955), 425.65256094932556)
Day:3 
(3, 38, 200, -5024.719864154041, 177608.0, (-4.165497613456364, -4.824134499585577, 2.1574452042229018, -2.498445926237955), 428.6073501110077)
Day:3 
(3, 39, 200, -4551.822019355143, 190162.0, (-4.165497613456364, -6.153679139266451, 2.1574452042229018, -2.498445926237955), 380.98070883750916)
Day:3 
(3, 40, 200, -4525.476792682488, 188880.0, (-4.165497613456364, -6.153679139266451, 2.1574452042229018, -2.498445926237955), 350.28081607818604)
Day:3 
(3, 41, 200, -4520.097705728255, 188844.0, (-4.165497613456364, -6.153679139266451, 2.1574452042229018, -2.498445926237955), 387.6167140007019)
Day:3 
(3, 42, 200, -4335.310292315738, 188350.0, (-4.165497613456364, -6.153679139266451, 2.1574452042229018, -2.498445926237955), 409.96302700042725)
Day:3 
(3, 43, 200, -4252.405944965976, 188603.0, (-4.165497613456364, -6.153679139266451, 2.1574452042229018, -2.498445926237955), 288.7460000514984)
Day:3 
(3, 44, 200, -4211.202418775588, 188119.0, (-4.165497613456364, -6.153679139266451, 2.1574452042229018, -2.498445926237955), 371.93595790863037)
Day:3 
(3, 45, 200, -4197.6278897178545, 186821.0, (-4.165497613456364, -6.153679139266451, 2.1574452042229018, -2.498445926237955), 330.49015712738037)
Day:3 
(3, 46, 200, -4200.303339851223, 186809.0, (-4.165497613456364, -6.153679139266451, 2.1574452042229018, -2.498445926237955), 328.0963649749756)
Day:3 
(3, 47, 200, -4132.899383081954, 186272.0, (-4.165497613456364, -6.153679139266451, 2.1574452042229018, -2.498445926237955), 352.4455659389496)
Day:3 
(3, 48, 200, -4126.506310433387, 186238.0, (-4.165497613456364, -6.153679139266451, 2.1574452042229018, -2.498445926237955), 389.54210901260376)
Day:3 
(3, 49, 200, -4098.091178982446, 184714.0, (-4.165497613456364, -6.153679139266451, 2.1574452042229018, -2.498445926237955), 344.32633090019226)
Day:3 
(3, 50, 200, -4079.302245276143, 184832.0, (-4.165497613456364, -6.153679139266451, 2.1574452042229018, -2.498445926237955), 304.52813601493835)