
Day:1 
(1, 0, 100, -16159.944341844286, 1954785.0, (21.426171281875895, 5.214478706584106, 35.45892939223988, 5.46151213956994), 4.345386028289795)
Day:1 
(1, 1, 100, -26.88601164914193, 9.0, (13.90727389523446, 0.07904689792012658, 9.066663063419012, 17.190635363097197), 30.79824709892273)
Day:1 
(1, 2, 100, -29.769763715887365, 2601.0, (15.50327654132123, 0.39560179715428595, 11.279232936159477, 16.888328531498058), 30.662950038909912)
Day:1 
(1, 3, 100, -26.720199634166885, 625.0, (2.9853092590880648, 10.246347538396776, 1.250505806678217, 17.752464035450945), 30.776082038879395)
Day:1 
(1, 4, 100, -29.25411144064522, 49.0, (10.102716469751245, 3.8800811914732645, 16.16953774908647, 33.424032153920784), 31.942015886306763)
Day:1 
(1, 5, 100, -26.965964469560298, 289.0, (4.460744922281262, 7.198388646043763, 10.776182490249775, 15.712418487677025), 31.013978004455566)
Day:1 
(1, 6, 100, -28.218115318202543, 25.0, (2.636125992797825, 1.1282763099735318, 15.182208147299733, 34.49877174595038), 31.23940396308899)
Day:1 
(1, 7, 100, -27.8618100615579, 576.0, (12.148417783891066, 5.847265372142434, 5.919848567024957, 20.23953231703444), 31.185611963272095)
Day:1 
(1, 8, 100, -25.32320591299385, 25.0, (1.1780027428374773, 7.056901142405612, 6.012758392221482, 7.983301832416363), 30.165630102157593)
Day:1 
(1, 9, 100, -28.626263973239993, 1600.0, (3.042785586900729, 4.253984286568465, 19.741899422048178, 14.17973535817954), 31.133570909500122)
Day:1 
(1, 10, 100, -28.614820791124167, 730.0, (3.7036296834482676, 4.319157018304969, 8.008976284575011, 7.29546273340949), 30.94381308555603)
Day:1 
(1, 11, 100, -28.09117181528334, 1.0, (17.185299197163715, 0.8561076223955811, 15.668710848853195, 18.675243412141057), 30.169720888137817)
Day:1 
(1, 12, 100, -25.993059860827998, 9.0, (1.5202417806396278, 11.181205654576273, 3.6963018971570905, 14.916198728711564), 30.75051522254944)
Day:1 
(1, 13, 100, -30.510579635301397, 9.0, (17.960294686699942, 29.05457966441766, 1.2156228289248137, 26.658619333533398), 30.60053277015686)
Day:1 
(1, 14, 100, -28.22575543938398, 2209.0, (10.047088929308929, 2.868153524648363, 4.164403081440793, 15.309532726760416), 30.261146068572998)
Day:1 
(1, 15, 100, -27.065985862481966, 529.0, (2.31792998382507, 0.9027873522485933, 24.849167695897044, 8.59725349786581), 30.30551815032959)
Day:1 
(1, 16, 100, -26.037623329670748, 256.0, (5.250739553007055, 0.15763114715624413, 5.539195682763131, 18.456964370020607), 31.538988828659058)
Day:1 
(1, 17, 100, -30.362286268690042, 484.0, (6.214210990277347, 0.966237909093002, 53.17876836718103, 7.754396378807835), 32.55500817298889)
Day:1 
(1, 18, 100, -26.056678519269763, 4.0, (1.3989890358735444, 7.618055615901825, 4.372575013798752, 18.615785009225863), 30.745818853378296)
Day:1 
(1, 19, 100, -26.507410629145344, 64.0, (2.036523642206235, 1.692176943087978, 8.223025415741123, 24.013435452192216), 31.13414216041565)
Day:1 
(1, 20, 100, -25.840690956263742, 100.0, (4.427379117583944, 6.990300787279411, 6.822820098827479, 9.40278000821143), 32.21155285835266)
Day:1 
(1, 21, 100, -26.940057276123433, 361.0, (0.07426479923328576, 16.88901771698051, 6.938736978869598, 11.755400819162906), 31.145951986312866)
Day:1 
(1, 22, 100, -26.976042991643542, 16.0, (3.93272886058759, 3.5850715266339144, 16.95346459292304, 16.638112705330805), 32.486757040023804)
Day:1 
(1, 23, 100, -24.32616727283366, 324.0, (0.06600994853466702, 0.03287151123817664, 5.256833215966981, 5.755290582247373), 32.07434797286987)
Day:1 
(1, 24, 100, -28.09515171078153, 9.0, (3.5824752695377065, 6.795321004251951, 2.9432759477103487, 39.04422587647608), 31.78951406478882)
Day:1 
(1, 25, 100, -28.172816517241696, 9.0, (22.802644933543124, 6.199116729113104, 5.153015047159853, 17.76074686762126), 30.641263008117676)
Day:1 
(1, 26, 100, -30.655381824439516, 1521.0, (11.418490727565121, 11.091540056208279, 10.138579772052053, 30.664266446086074), 31.604131937026978)
Day:1 
(1, 27, 100, -25.76161655847691, 0.0, (6.319470667142048, 2.0117761657400512, 10.666007399275149, 10.060754368900032), 32.927894115448)
Day:1 
(1, 28, 100, -25.65467338802759, 324.0, (8.564935997399262, 0.9906351637086169, 4.319472738677854, 11.009584290190398), 31.790958881378174)
Day:1 
(1, 29, 100, -27.316202389639678, 1764.0, (2.2372415526931, 8.320035820986854, 0.1926508358029403, 16.826848799543914), 32.192058086395264)
Day:1 
(1, 30, 100, -29.367399773646778, 169.0, (18.299072733595278, 6.790937730871627, 10.645837230181593, 27.66031412723474), 31.398552894592285)
Day:1 
(1, 31, 100, -27.706205714879633, 784.0, (9.031629838333545, 12.127723742435688, 3.224773245863013, 16.56675407485813), 31.594888925552368)
Day:1 
(1, 32, 100, -27.34463966812408, 100.0, (3.4808006486587697, 5.170361495268666, 23.69512993375806, 11.531527152993942), 30.891728162765503)
Day:1 
(1, 33, 100, -25.153489127471754, 225.0, (6.309660947465534, 0.904771957893639, 3.7368410892885833, 9.678630783417738), 31.167651891708374)
Day:1 
(1, 34, 100, -27.029934036979764, 625.0, (2.990819635927472, 10.666935922103303, 6.152254396182961, 15.928288340745382), 30.55368399620056)
Day:1 
(1, 35, 100, -27.127867468186345, 676.0, (0.03304898684279841, 4.60977180024254, 6.288082092302996, 24.855292029337242), 31.433858156204224)
Day:1 
(1, 36, 100, -32.681234695275855, 225.0, (14.488104637882026, 12.898499949181637, 11.39383146327744, 57.36172882914457), 31.770846843719482)
Day:1 
(1, 37, 100, -26.361912150456128, 256.0, (5.443470837529221, 6.27268853938853, 4.8481683462273875, 16.083087860670926), 32.28369617462158)
Day:1 
(1, 38, 100, -30.24871138388147, 121.0, (9.924676884364747, 14.134864587832665, 30.92461207621146, 17.841735567127284), 32.1934118270874)
Day:1 
(1, 39, 100, -26.364279897632855, 9.0, (11.791279338131131, 3.3265394040663834, 6.4973891205491565, 11.128394908476977), 32.41766905784607)
Day:1 
(1, 40, 100, -28.99732206328672, 196.0, (2.022512955597949, 0.7960901077427096, 1.8345895908924095, 54.931802682042246), 31.656578063964844)
Day:1 
(1, 41, 100, -27.152327962758623, 1444.0, (8.303442905752188, 2.8143692761199763, 4.407124789056092, 12.568255083608207), 31.473845958709717)
Day:1 
(1, 42, 100, -26.422526444354432, 225.0, (3.2990025248987065, 13.919439033919314, 0.6341264943493207, 15.50651962878519), 32.41828203201294)
Day:1 
(1, 43, 100, -29.796229326707202, 1936.0, (1.3046981316199715, 24.122525522110134, 4.815039781216156, 20.477569666485756), 32.078325033187866)
Day:1 
(1, 44, 100, -27.435912741646327, 289.0, (7.757970080149404, 4.701591660571225, 16.324331998749518, 14.06294980120774), 31.88567280769348)
Day:1 
(1, 45, 100, -25.052001937917243, 361.0, (4.8328380327815985, 1.1678452237764514, 0.883087997705839, 11.642184820372467), 30.782335996627808)
Day:1 
(1, 46, 100, -28.290507107786006, 676.0, (2.5701954419039548, 1.7243001968775902, 6.918108821806448, 36.199986844134216), 32.80380702018738)
Day:1 
(1, 47, 100, -25.71153100580461, 0.0, (4.849085826022939, 0.08997744411012196, 14.47065840962682, 9.174962183336378), 31.91620707511902)
Day:1 
(1, 48, 100, -26.39422361523671, 529.0, (13.795313008186307, 0.8965450832556189, 3.072352571479597, 12.13230514129871), 32.84769296646118)
Day:1 
(1, 49, 100, -26.589662016034445, 784.0, (1.9335616661298505, 7.353977052000089, 7.122147757237226, 13.381339314721902), 32.17275094985962)
Day:1 
(1, 50, 100, -28.679046146455008, 1.0, (16.853084311047603, 3.245695093124084, 22.880372106179685, 15.220038831829589), 32.329282999038696)
Day:2 
(2, 0, 100, -4633.625209334637, 669100.0, (16.853084311047603, 3.245695093124084, 22.880372106179685, 15.220038831829589), 10.453613996505737)
Day:2 
(2, 1, 100, -1842.9056986747405, 67254.0, (0.9318030787392763, 9.87757616537423, 7.1903953642483565, 4.992948999303501), 364.4394931793213)
Day:2 
(2, 2, 100, -666.9602603491664, 163074.0, (9.085684080453117, 11.329826272276582, 5.667534637505264, 10.369248226781911), 294.391695022583)
Day:2 
(2, 3, 100, -591.7950637592089, 151846.0, (9.085684080453117, 11.329826272276582, 5.667534637505264, 10.369248226781911), 290.63206696510315)
Day:2 
(2, 4, 100, -551.6124476943907, 151147.0, (9.085684080453117, 11.329826272276582, 5.667534637505264, 10.369248226781911), 286.57476902008057)
Day:2 
(2, 5, 100, -442.54691856109145, 43284.0, (7.488817164107425, 6.660851558330169, 4.4774713585834185, 7.4042339008088485), 262.92521381378174)
Day:2 
(2, 6, 100, -214.47231371823852, 16243.0, (4.985133758600714, 4.66650817176707, 6.813035146031514, 6.5627593206637025), 309.4824330806732)
Day:2 
(2, 7, 100, -203.81486162779302, 15862.0, (4.985133758600714, 4.66650817176707, 6.813035146031514, 6.5627593206637025), 311.903981924057)
Day:2 
(2, 8, 100, -199.39088247658512, 15707.0, (4.985133758600714, 4.66650817176707, 6.813035146031514, 6.5627593206637025), 246.37608218193054)
Day:2 
(2, 9, 100, -197.31467672457077, 14223.0, (4.985133758600714, 4.66650817176707, 6.813035146031514, 6.5627593206637025), 301.66424202919006)
Day:2 
(2, 10, 100, -194.20020739329365, 14100.0, (4.985133758600714, 4.66650817176707, 6.813035146031514, 6.5627593206637025), 253.9637429714203)
Day:2 
(2, 11, 100, -202.36316922125144, 14079.0, (4.985133758600714, 4.66650817176707, 6.813035146031514, 6.5627593206637025), 259.50189781188965)
Day:2 
(2, 12, 100, -197.82993118891832, 14079.0, (4.985133758600714, 4.66650817176707, 6.813035146031514, 6.5627593206637025), 235.27348017692566)
Day:2 
(2, 13, 100, -195.14550046630063, 14102.0, (4.985133758600714, 4.66650817176707, 6.813035146031514, 6.5627593206637025), 243.7095170021057)
Day:2 
(2, 14, 100, -202.87801723313677, 14252.0, (4.985133758600714, 4.66650817176707, 6.813035146031514, 6.5627593206637025), 258.85813093185425)
Day:2 
(2, 15, 100, -192.9808533425124, 13812.0, (4.985133758600714, 4.66650817176707, 6.813035146031514, 6.5627593206637025), 266.9527909755707)
Day:2 
(2, 16, 100, -199.32691905329378, 13734.0, (4.985133758600714, 4.66650817176707, 6.813035146031514, 6.5627593206637025), 272.05098509788513)
Day:2 
(2, 17, 100, -193.5761382248498, 13604.0, (4.985133758600714, 4.66650817176707, 6.813035146031514, 6.5627593206637025), 240.4824299812317)
Day:2 
(2, 18, 100, -195.4691304475461, 13479.0, (4.985133758600714, 4.66650817176707, 6.813035146031514, 6.5627593206637025), 257.0621039867401)
Day:2 
(2, 19, 100, -188.86779467403898, 13537.0, (4.985133758600714, 4.66650817176707, 6.813035146031514, 6.5627593206637025), 268.08377385139465)
Day:2 
(2, 20, 100, -193.50880168436933, 10185.0, (4.985133758600714, 4.66650817176707, 6.813035146031514, 6.5627593206637025), 245.27095198631287)
Day:2 
(2, 21, 100, -194.47123801015724, 10227.0, (4.985133758600714, 4.66650817176707, 6.813035146031514, 6.5627593206637025), 261.44852113723755)
Day:2 
(2, 22, 100, -185.81212501804868, 9031.0, (4.985133758600714, 4.66650817176707, 6.813035146031514, 6.5627593206637025), 291.73100900650024)
Day:2 
(2, 23, 100, -183.73592359271166, 9033.0, (4.985133758600714, 4.66650817176707, 6.813035146031514, 6.5627593206637025), 282.54588294029236)
Day:2 
(2, 24, 100, -186.36508483779463, 8871.0, (4.985133758600714, 4.66650817176707, 6.813035146031514, 6.5627593206637025), 265.37087202072144)
Day:2 
(2, 25, 100, -189.85160574739217, 8901.0, (4.985133758600714, 4.66650817176707, 6.813035146031514, 6.5627593206637025), 241.35262393951416)
Day:2 
(2, 26, 100, -187.24046234005374, 9159.0, (4.985133758600714, 4.66650817176707, 6.813035146031514, 6.5627593206637025), 244.12108516693115)
Day:2 
(2, 27, 100, -191.0879848902105, 10074.0, (4.985133758600714, 4.66650817176707, 6.813035146031514, 6.5627593206637025), 261.62928795814514)
Day:2 
(2, 28, 100, -192.58539629183755, 10082.0, (4.985133758600714, 4.66650817176707, 6.813035146031514, 6.5627593206637025), 285.18816804885864)
Day:2 
(2, 29, 100, -184.59708154213743, 10056.0, (4.985133758600714, 4.66650817176707, 6.813035146031514, 6.5627593206637025), 242.0123908519745)
Day:2 
(2, 30, 100, -190.0403373386824, 10064.0, (4.985133758600714, 4.66650817176707, 6.813035146031514, 6.5627593206637025), 243.00578212738037)
Day:2 
(2, 31, 100, -186.9067808414399, 10106.0, (4.985133758600714, 4.66650817176707, 6.813035146031514, 6.5627593206637025), 268.56475591659546)
Day:2 
(2, 32, 100, -194.41781589582615, 9174.0, (4.985133758600714, 4.66650817176707, 6.813035146031514, 6.5627593206637025), 240.91374492645264)
Day:2 
(2, 33, 100, -195.28217476424004, 9186.0, (4.985133758600714, 4.66650817176707, 6.813035146031514, 6.5627593206637025), 216.66266107559204)
Day:2 
(2, 34, 100, -198.86683537760152, 9146.0, (4.985133758600714, 4.66650817176707, 6.813035146031514, 6.5627593206637025), 276.56158900260925)
Day:2 
(2, 35, 100, -196.43745242878057, 9081.0, (4.985133758600714, 4.66650817176707, 6.813035146031514, 6.5627593206637025), 275.14838099479675)
Day:2 
(2, 36, 100, -183.59785018210746, 8642.0, (4.985133758600714, 4.66650817176707, 6.813035146031514, 6.5627593206637025), 313.94739389419556)
Day:2 
(2, 37, 100, -186.11973570285883, 8050.0, (4.985133758600714, 4.66650817176707, 6.813035146031514, 6.5627593206637025), 281.5525040626526)
Day:2 
(2, 38, 100, -186.73827650444187, 8066.0, (4.985133758600714, 4.66650817176707, 6.813035146031514, 6.5627593206637025), 288.7455110549927)
Day:2 
(2, 39, 100, -181.84380607832097, 9064.0, (4.985133758600714, 4.66650817176707, 6.813035146031514, 6.5627593206637025), 319.34048295021057)
Day:2 
(2, 40, 100, -187.05166322559197, 9402.0, (4.985133758600714, 4.66650817176707, 6.813035146031514, 6.5627593206637025), 285.20847511291504)
Day:2 
(2, 41, 100, -186.37157028324012, 8734.0, (4.985133758600714, 4.66650817176707, 6.813035146031514, 6.5627593206637025), 275.3640308380127)
Day:2 
(2, 42, 100, -188.8793209948651, 8763.0, (4.985133758600714, 4.66650817176707, 6.813035146031514, 6.5627593206637025), 292.4224531650543)
Day:2 
(2, 43, 100, -195.29152622356122, 9048.0, (4.985133758600714, 4.66650817176707, 6.813035146031514, 6.5627593206637025), 305.75269198417664)
Day:2 
(2, 44, 100, -200.43967540098532, 9057.0, (4.985133758600714, 4.66650817176707, 6.813035146031514, 6.5627593206637025), 279.67699694633484)
Day:2 
(2, 45, 100, -184.46228550963923, 8423.0, (4.985133758600714, 4.66650817176707, 6.813035146031514, 6.5627593206637025), 296.4626638889313)
Day:2 
(2, 46, 100, -186.3208788583152, 8426.0, (4.985133758600714, 4.66650817176707, 6.813035146031514, 6.5627593206637025), 256.54450511932373)
Day:2 
(2, 47, 100, -185.63278081920498, 8376.0, (4.985133758600714, 4.66650817176707, 6.813035146031514, 6.5627593206637025), 293.89998388290405)
Day:2 
(2, 48, 100, -190.09627826221177, 8390.0, (4.985133758600714, 4.66650817176707, 6.813035146031514, 6.5627593206637025), 220.511332988739)
Day:2 
(2, 49, 100, -185.20739673557844, 8350.0, (4.985133758600714, 4.66650817176707, 6.813035146031514, 6.5627593206637025), 258.29077410697937)
Day:2 
(2, 50, 100, -187.34562808994158, 8189.0, (4.985133758600714, 4.66650817176707, 6.813035146031514, 6.5627593206637025), 246.44196009635925)