
Day:1 
(1, 0, 200, -16176.819192352683, 1614844.0, (26.486212889002584, -4.419454032824938, 1.2555935893876706, 1.4325446077804456), 4.1468870639801025)
Day:1 
(1, 1, 200, -31.98856532428742, 961.0, (10.33941635356363, -7.959538599912296, 1.2555935893876706, 35.13579664669349), 7.451047897338867)
Day:1 
(1, 2, 200, -31.537946155124004, 729.0, (-15.151938835901463, -27.444201709568038, -2.390418794278003, 15.410623889614813), 7.454801082611084)
Day:1 
(1, 3, 200, -32.316168962581784, 36.0, (8.516839746841619, -27.444201709568038, -1.8661021577256707, -1.3604638177672943), 7.778388977050781)
Day:1 
(1, 4, 200, -31.314163912736955, 441.0, (-6.384964879155414, -27.444201709568038, 21.796954596394336, -1.3604638177672943), 7.8012800216674805)
Day:1 
(1, 5, 200, -30.437117827691452, 144.0, (4.965074036830203, -27.40768908440396, -0.44526029261509903, -1.3604638177672943), 7.946994066238403)
Day:1 
(1, 6, 200, -31.946555170123585, 64.0, (-14.28476287621352, -11.552440472489485, 40.478753228832936, 9.68563218009685), 7.876608848571777)
Day:1 
(1, 7, 200, -30.094807253792602, 49.0, (-17.440525328378236, -12.766235650500839, 10.896385294535424, 3.756564045943594), 7.645171165466309)
Day:1 
(1, 8, 200, -30.854963848006175, 36.0, (-17.440525328378236, 3.03091080155209, -0.08658711367895339, 30.07828610350353), 7.8869829177856445)
Day:1 
(1, 9, 200, -31.873044809565364, 100.0, (10.114799973077849, 13.580526801942302, 36.60787723051253, 18.642439858441385), 7.43511700630188)
Day:1 
(1, 10, 200, -34.435584974814525, 484.0, (-16.944249437207954, 16.054659017406415, 24.661379506586737, 50.80891635716975), 7.655551910400391)
Day:1 
(1, 11, 200, -33.14739930961683, 2500.0, (-19.446478013918245, 2.9079549773120905, 18.42558124071504, 1.4186569196883823), 7.569197177886963)
Day:1 
(1, 12, 200, -30.56432103735085, 289.0, (-3.028245535813298, 2.9079549773120905, 17.66403629969808, 21.028205815856722), 7.582221031188965)
Day:1 
(1, 13, 200, -31.27818061390084, 324.0, (-7.2630909141395765, 2.9079549773120905, 0.5485752088882231, 35.660833232865116), 7.985127925872803)
Day:1 
(1, 14, 200, -30.631597997013408, 36.0, (-4.705543525294226, 0.5336684371688111, 8.214785092880406, 30.732623053312057), 7.805970907211304)
Day:1 
(1, 15, 200, -31.03797177065088, 324.0, (-5.2871586032379785, 2.196884933190095, -10.353673303055063, 31.3367396193439), 7.47314715385437)
Day:1 
(1, 16, 200, -31.961157463377567, 1024.0, (-12.761880482785301, -5.6291463583214645, -10.353673303055063, 31.3367396193439), 7.707944869995117)
Day:1 
(1, 17, 200, -32.70736130001341, 441.0, (13.733168288881288, -34.44847035149417, -5.3090586733581695, 31.3367396193439), 7.83464503288269)
Day:1 
(1, 18, 200, -32.873212679060856, 16.0, (-28.785710773497602, 12.074475084960854, 29.856495779239758, 31.3367396193439), 7.959913969039917)
Day:1 
(1, 19, 200, -31.792197393311444, 4.0, (-28.785710773497602, 12.074475084960854, 5.947957182363603, 31.3367396193439), 8.075968980789185)
Day:1 
(1, 20, 200, -30.12101759088024, 4.0, (11.921460639226108, -11.15263528891547, 5.947957182363603, 18.74429660411663), 7.997280120849609)
Day:1 
(1, 21, 200, -32.215780641037775, 289.0, (-29.925508122848232, -15.502133058735462, -24.966553138521448, 18.74429660411663), 8.219327926635742)
Day:1 
(1, 22, 200, -30.31453515211167, 196.0, (-14.227293342751178, 9.009402722625705, 3.6832287633602774, 18.74429660411663), 8.373985052108765)
Day:1 
(1, 23, 200, -32.60343764003247, 4.0, (-13.936945634511664, -48.1663971401674, 3.1744535246173164, 10.791399957354061), 8.088980913162231)
Day:1 
(1, 24, 200, -36.08566494011744, 900.0, (5.4923427523077955, -48.1663971401674, -43.861851801570936, 20.29081718147074), 8.3209810256958)
Day:1 
(1, 25, 200, -36.45629124093287, 1521.0, (-42.18601078773341, -48.1663971401674, -5.97535168518685, 20.29081718147074), 8.340928077697754)
Day:1 
(1, 26, 200, -31.37362772272063, 361.0, (13.139231882433343, -20.732209358570003, -18.598077668157977, 20.29081718147074), 8.236616849899292)
Day:1 
(1, 27, 200, -32.42581413677586, 16.0, (15.876539110127553, -20.732209358570003, -26.711180134840554, 33.08348086994805), 8.33403205871582)
Day:1 
(1, 28, 200, -35.86792488519063, 121.0, (-4.009852574971326, -26.573082946322458, -57.76049024163468, 33.08348086994805), 8.11255407333374)
Day:1 
(1, 29, 200, -31.68333301718218, 289.0, (19.924790675179352, -26.573082946322458, 2.4483732884117897, 23.988558627360863), 9.144742965698242)
Day:1 
(1, 30, 200, -30.5318311921846, 484.0, (-4.0250946286835205, -3.7335500615297046, 2.4483732884117897, 23.988558627360863), 8.471719026565552)
Day:1 
(1, 31, 200, -30.374363164994243, 0.0, (-4.215120351920136, -9.422583497204048, -6.260121179096899, 26.72392839237494), 8.199200868606567)
Day:1 
(1, 32, 200, -31.753577322261794, 196.0, (2.1475688456507136, -15.228400795344726, -32.96012174569848, 21.836690407625937), 7.8488450050354)
Day:1 
(1, 33, 200, -30.88500421879035, 4.0, (-15.50284463509357, 17.79482613044351, -10.115470254050441, 24.63144800315218), 8.10487699508667)
Day:1 
(1, 34, 200, -31.79838201437199, 1849.0, (-0.09232216726262711, 17.79482613044351, 8.096403265460136, 12.954794428705032), 8.596338987350464)
Day:1 
(1, 35, 200, -30.200485418300932, 4.0, (-14.560325862493723, 17.79482613044351, -2.3668901325476557, 12.954794428705032), 8.327250003814697)
Day:1 
(1, 36, 200, -30.555431029307545, 49.0, (5.12822998874756, -15.00220498532279, 23.31147540743936, 12.954794428705032), 8.461759090423584)
Day:1 
(1, 37, 200, -34.05733515386273, 529.0, (-31.129688084808503, -46.2122534946304, 11.158842113495766, 12.954794428705032), 8.47366189956665)
Day:1 
(1, 38, 200, -30.067222048280463, 16.0, (6.818723442956228, -14.449456476855008, 17.904171164151887, 4.205282673256721), 8.097529172897339)
Day:1 
(1, 39, 200, -31.179732169153723, 625.0, (-30.804473932967785, 6.178539808464845, -1.543909756361585, 4.205282673256721), 8.505003929138184)
Day:1 
(1, 40, 200, -33.75526935652921, 144.0, (24.337911096364195, -37.007255851313786, 38.09675911819079, 4.205282673256721), 8.245889902114868)
Day:1 
(1, 41, 200, -30.307855204361985, 225.0, (10.37064512813348, 7.002051444013033, -1.3148809391539327, 21.81025885531998), 8.64383316040039)
Day:1 
(1, 42, 200, -30.91828282650864, 400.0, (10.37064512813348, 18.932325163116154, 4.694776793902622, 21.81025885531998), 8.771965980529785)
Day:1 
(1, 43, 200, -31.996241621169172, 9.0, (-13.60093284479981, 25.40760746780876, 29.030685186835772, 21.81025885531998), 8.149256944656372)
Day:1 
(1, 44, 200, -31.789892650349692, 25.0, (35.21558065014853, -12.270068422667988, 10.19261277003281, 21.81025885531998), 8.535340070724487)
Day:1 
(1, 45, 200, -33.6124205417707, 1369.0, (11.791459976269833, 2.634848498033752, 0.8459092425840257, 47.35785422320956), 8.670634984970093)
Day:1 
(1, 46, 200, -33.038165793283795, 484.0, (4.402255423595572, -4.61958051664637, 18.252868456699403, 47.35785422320956), 8.263498067855835)
Day:1 
(1, 47, 200, -32.32630728333477, 0.0, (4.402255423595572, -12.616209846960587, -0.38745266684123875, 47.35785422320956), 8.276362895965576)
Day:1 
(1, 48, 200, -32.73479386226576, 81.0, (9.140949776979301, -12.616209846960587, -14.206896625687273, 47.35785422320956), 8.614967107772827)
Day:1 
(1, 49, 200, -33.098232463920475, 121.0, (-42.368492809325296, -31.45075196733335, -2.6143333750471527, 12.491431498313027), 8.396596908569336)
Day:1 
(1, 50, 200, -34.90212906178124, 784.0, (27.80677778327887, -31.45075196733335, 13.355500768464186, 43.975588362468514), 8.552201986312866)
Day:2 
(2, 0, 200, -14430.73843111229, 1150993.0, (27.80677778327887, -31.45075196733335, 13.355500768464186, 43.975588362468514), 10.59232211112976)
Day:2 
(2, 1, 200, -14272.188411168545, 842230.0, (27.80677778327887, 9.676830504577003, 13.355500768464186, 43.975588362468514), 42.11897683143616)
Day:2 
(2, 2, 200, -14272.188411168545, 842230.0, (27.80677778327887, 9.676830504577003, 13.355500768464186, 43.975588362468514), 45.22901201248169)
Day:2 
(2, 3, 200, -14272.188411168545, 842230.0, (27.80677778327887, 9.676830504577003, 13.355500768464186, 43.975588362468514), 46.400861978530884)
Day:2 
(2, 4, 200, -14272.188411168545, 842230.0, (27.80677778327887, 9.676830504577003, 13.355500768464186, 43.975588362468514), 44.50425910949707)
Day:2 
(2, 5, 200, -14272.188411168545, 842230.0, (27.80677778327887, 9.676830504577003, 13.355500768464186, 43.975588362468514), 44.64206886291504)
Day:2 
(2, 6, 200, -14272.188411168545, 842230.0, (27.80677778327887, 9.676830504577003, 13.355500768464186, 43.975588362468514), 46.16332721710205)
Day:2 
(2, 7, 200, -3416.651478691637, 369432.0, (27.80677778327887, 9.676830504577003, 13.355500768464186, 17.48190330312401), 48.35569095611572)
Day:2 
(2, 8, 200, -2322.294767842355, 115324.0, (27.80677778327887, 9.676830504577003, 3.2683078661952023, 17.48190330312401), 77.35488295555115)
Day:2 
(2, 9, 200, -2194.9200111362475, 123333.0, (27.80677778327887, 9.676830504577003, 3.2683078661952023, 17.48190330312401), 84.50798201560974)
Day:2 
(2, 10, 200, -2194.6230971613145, 125361.0, (27.80677778327887, 9.676830504577003, 3.2683078661952023, 17.48190330312401), 81.62580704689026)
Day:2 
(2, 11, 200, -2173.57818227938, 124818.0, (27.80677778327887, 9.676830504577003, 3.2683078661952023, 17.48190330312401), 79.48073601722717)
Day:2 
(2, 12, 200, -2175.3759909750306, 124924.0, (27.80677778327887, 9.676830504577003, 3.2683078661952023, 17.48190330312401), 77.45921683311462)
Day:2 
(2, 13, 200, -2179.712404845604, 126423.0, (27.80677778327887, 9.676830504577003, 3.2683078661952023, 17.48190330312401), 83.4689691066742)
Day:2 
(2, 14, 200, -1766.03747864122, 124810.0, (27.80677778327887, 9.676830504577003, 3.2683078661952023, 17.48190330312401), 88.74037885665894)
Day:2 
(2, 15, 200, -1741.2208219377685, 124155.0, (27.80677778327887, 9.676830504577003, 3.2683078661952023, 17.48190330312401), 78.43003916740417)
Day:2 
(2, 16, 200, -1729.3200982820254, 126393.0, (27.80677778327887, 9.676830504577003, 3.2683078661952023, 17.48190330312401), 80.00274300575256)
Day:2 
(2, 17, 200, -1322.0358002016008, 125686.0, (27.80677778327887, 9.676830504577003, 3.2683078661952023, 17.48190330312401), 94.37657690048218)
Day:2 
(2, 18, 200, -1322.6131794409068, 116693.0, (27.80677778327887, 9.676830504577003, 3.2683078661952023, 17.48190330312401), 80.38840007781982)
Day:2 
(2, 19, 200, -1321.3629334276093, 114706.0, (27.80677778327887, 9.676830504577003, 3.2683078661952023, 17.48190330312401), 83.08087086677551)
Day:2 
(2, 20, 200, -1300.7088889826127, 115345.0, (27.80677778327887, 9.676830504577003, 3.2683078661952023, 17.48190330312401), 83.9567620754242)
Day:2 
(2, 21, 200, -1304.5554872729888, 115746.0, (27.80677778327887, 9.676830504577003, 3.2683078661952023, 17.48190330312401), 87.78749990463257)
Day:2 
(2, 22, 200, -1303.9636144019535, 117372.0, (27.80677778327887, 9.676830504577003, 3.2683078661952023, 17.48190330312401), 77.03704500198364)
Day:2 
(2, 23, 200, -1308.312144759454, 114642.0, (27.80677778327887, 9.676830504577003, 3.2683078661952023, 17.48190330312401), 83.89477205276489)
Day:2 
(2, 24, 200, -1302.3215631118194, 114479.0, (27.80677778327887, 9.676830504577003, 3.2683078661952023, 17.48190330312401), 87.18670415878296)
Day:2 
(2, 25, 200, -1301.0364911337438, 114683.0, (27.80677778327887, 9.676830504577003, 3.2683078661952023, 17.48190330312401), 81.15346479415894)
Day:2 
(2, 26, 200, -1304.1473865908501, 115595.0, (27.80677778327887, 9.676830504577003, 3.2683078661952023, 17.48190330312401), 80.95008611679077)
Day:2 
(2, 27, 200, -1300.200419638574, 116670.0, (27.80677778327887, 9.676830504577003, 3.2683078661952023, 17.48190330312401), 75.19842886924744)
Day:2 
(2, 28, 200, -1299.401901823171, 117039.0, (27.80677778327887, 9.676830504577003, 3.2683078661952023, 17.48190330312401), 76.32965517044067)
Day:2 
(2, 29, 200, -1300.9246795370652, 116311.0, (27.80677778327887, 9.676830504577003, 3.2683078661952023, 17.48190330312401), 84.94992804527283)
Day:2 
(2, 30, 200, -1299.0552700304886, 116613.0, (27.80677778327887, 9.676830504577003, 3.2683078661952023, 17.48190330312401), 76.8687469959259)
Day:2 
(2, 31, 200, -1303.9737757802382, 116151.0, (27.80677778327887, 9.676830504577003, 3.2683078661952023, 17.48190330312401), 80.89490985870361)
Day:2 
(2, 32, 200, -1300.7791266307677, 116042.0, (27.80677778327887, 9.676830504577003, 3.2683078661952023, 17.48190330312401), 85.2025260925293)
Day:2 
(2, 33, 200, -1300.0310078567286, 115803.0, (27.80677778327887, 9.676830504577003, 3.2683078661952023, 17.48190330312401), 77.41917586326599)
Day:2 
(2, 34, 200, -1301.475903043905, 115655.0, (27.80677778327887, 9.676830504577003, 3.2683078661952023, 17.48190330312401), 86.27806615829468)
Day:2 
(2, 35, 200, -1297.8959513917196, 115277.0, (27.80677778327887, 9.676830504577003, 3.2683078661952023, 17.48190330312401), 83.08757185935974)
Day:2 
(2, 36, 200, -1302.4021758497447, 116073.0, (27.80677778327887, 9.676830504577003, 3.2683078661952023, 17.48190330312401), 85.39352202415466)
Day:2 
(2, 37, 200, -1310.050876299887, 116495.0, (27.80677778327887, 9.676830504577003, 3.2683078661952023, 17.48190330312401), 87.00080895423889)
Day:2 
(2, 38, 200, -1303.1305844341607, 117156.0, (27.80677778327887, 9.676830504577003, 3.2683078661952023, 17.48190330312401), 96.10283303260803)
Day:2 
(2, 39, 200, -1302.8596145213662, 117162.0, (27.80677778327887, 9.676830504577003, 3.2683078661952023, 17.48190330312401), 84.07523703575134)
Day:2 
(2, 40, 200, -1301.5233543164709, 115661.0, (27.80677778327887, 9.676830504577003, 3.2683078661952023, 17.48190330312401), 76.82349491119385)
Day:2 
(2, 41, 200, -1303.4515325837956, 114757.0, (27.80677778327887, 9.676830504577003, 3.2683078661952023, 17.48190330312401), 84.72978806495667)
Day:2 
(2, 42, 200, -1308.9211872763394, 113217.0, (27.80677778327887, 9.676830504577003, 3.2683078661952023, 17.48190330312401), 86.10885405540466)
Day:2 
(2, 43, 200, -1301.8617937398576, 113085.0, (27.80677778327887, 9.676830504577003, 3.2683078661952023, 17.48190330312401), 78.09396505355835)
Day:2 
(2, 44, 200, -1303.608738833063, 113504.0, (27.80677778327887, 9.676830504577003, 3.2683078661952023, 17.48190330312401), 86.3590259552002)
Day:2 
(2, 45, 200, -1304.5058174778635, 114799.0, (27.80677778327887, 9.676830504577003, 3.2683078661952023, 17.48190330312401), 79.09685492515564)
Day:2 
(2, 46, 200, -1298.9110757645417, 115534.0, (27.80677778327887, 9.676830504577003, 3.2683078661952023, 17.48190330312401), 83.97410702705383)
Day:2 
(2, 47, 200, -1308.1248599141486, 115864.0, (27.80677778327887, 9.676830504577003, 3.2683078661952023, 17.48190330312401), 81.13446712493896)
Day:2 
(2, 48, 200, -1302.7929245817406, 116069.0, (27.80677778327887, 9.676830504577003, 3.2683078661952023, 17.48190330312401), 92.00224590301514)
Day:2 
(2, 49, 200, -1293.7692206629408, 114554.0, (27.80677778327887, 9.676830504577003, 3.2683078661952023, 17.48190330312401), 79.81655597686768)
Day:2 
(2, 50, 200, -1288.374651833708, 114828.0, (27.80677778327887, 9.676830504577003, 3.2683078661952023, 17.48190330312401), 80.52130794525146)
Day:3 
(3, 0, 200, -2401.6052950139647, 50065.0, (27.80677778327887, 9.676830504577003, 3.2683078661952023, 17.48190330312401), 15.944305181503296)
Day:3 
(3, 1, 200, -2354.1450931708937, 49171.0, (27.80677778327887, 9.676830504577003, 3.2683078661952023, 17.48190330312401), 135.92437291145325)
Day:3 
(3, 2, 200, -2319.3705860079413, 49151.0, (27.80677778327887, 9.676830504577003, 3.2683078661952023, 17.48190330312401), 128.64529299736023)
Day:3 
(3, 3, 200, -2314.1472138295735, 49326.0, (27.80677778327887, 9.676830504577003, 3.2683078661952023, 17.48190330312401), 128.21449398994446)
Day:3 
(3, 4, 200, -2298.835322296742, 47185.0, (27.80677778327887, 9.676830504577003, 3.2683078661952023, 17.48190330312401), 131.70992493629456)
Day:3 
(3, 5, 200, -1936.456385776036, 44934.0, (27.80677778327887, 9.676830504577003, 3.2683078661952023, 17.48190330312401), 128.69713807106018)
Day:3 
(3, 6, 200, -1935.3224818661506, 44955.0, (27.80677778327887, 9.676830504577003, 3.2683078661952023, 17.48190330312401), 131.9538209438324)
Day:3 
(3, 7, 200, -1916.4128736408707, 43282.0, (27.80677778327887, 9.676830504577003, 3.2683078661952023, 17.48190330312401), 134.0234899520874)
Day:3 
(3, 8, 200, -1917.5608397093217, 42880.0, (27.80677778327887, 9.676830504577003, 3.2683078661952023, 17.48190330312401), 121.19001412391663)
Day:3 
(3, 9, 200, -1914.160471497777, 41680.0, (27.80677778327887, 9.676830504577003, 3.2683078661952023, 17.48190330312401), 142.93850588798523)
Day:3 
(3, 10, 200, -1905.4681050511676, 40730.0, (27.80677778327887, 9.676830504577003, 3.2683078661952023, 17.48190330312401), 125.71630811691284)
Day:3 
(3, 11, 200, -1909.9311727415582, 40735.0, (27.80677778327887, 9.676830504577003, 3.2683078661952023, 17.48190330312401), 118.87585997581482)
Day:3 
(3, 12, 200, -1913.490329225149, 40737.0, (27.80677778327887, 9.676830504577003, 3.2683078661952023, 17.48190330312401), 130.0816249847412)
Day:3 
(3, 13, 200, -1915.1523640051946, 37787.0, (27.80677778327887, 9.676830504577003, 3.2683078661952023, 17.48190330312401), 146.2633159160614)
Day:3 
(3, 14, 200, -1909.586933240473, 37778.0, (27.80677778327887, 9.676830504577003, 3.2683078661952023, 17.48190330312401), 123.70645904541016)
Day:3 
(3, 15, 200, -1905.9673595231077, 37150.0, (27.80677778327887, 9.676830504577003, 3.2683078661952023, 17.48190330312401), 129.9359791278839)
Day:3 
(3, 16, 200, -1908.7282092302885, 37523.0, (27.80677778327887, 9.676830504577003, 3.2683078661952023, 17.48190330312401), 127.10383296012878)
Day:3 
(3, 17, 200, -1898.495499540346, 37466.0, (27.80677778327887, 9.676830504577003, 3.2683078661952023, 17.48190330312401), 126.24093699455261)
Day:3 
(3, 18, 200, -1900.6468657653097, 37589.0, (27.80677778327887, 9.676830504577003, 3.2683078661952023, 17.48190330312401), 138.40674805641174)
Day:3 
(3, 19, 200, -1895.8729501280513, 37438.0, (27.80677778327887, 9.676830504577003, 3.2683078661952023, 17.48190330312401), 130.19685578346252)
Day:3 
(3, 20, 200, -1895.8472299019386, 37201.0, (27.80677778327887, 9.676830504577003, 3.2683078661952023, 17.48190330312401), 131.11955618858337)
Day:3 
(3, 21, 200, -1895.3586219551519, 37020.0, (27.80677778327887, 9.676830504577003, 3.2683078661952023, 17.48190330312401), 133.395929813385)
Day:3 
(3, 22, 200, -1890.2215451290735, 36847.0, (27.80677778327887, 9.676830504577003, 3.2683078661952023, 17.48190330312401), 145.2541790008545)
Day:3 
(3, 23, 200, -1895.2713389966564, 36438.0, (27.80677778327887, 9.676830504577003, 3.2683078661952023, 17.48190330312401), 137.78377509117126)
Day:3 
(3, 24, 200, -1895.9980413452784, 36403.0, (27.80677778327887, 9.676830504577003, 3.2683078661952023, 17.48190330312401), 113.64915895462036)
Day:3 
(3, 25, 200, -1895.9980413452784, 36403.0, (27.80677778327887, 9.676830504577003, 3.2683078661952023, 17.48190330312401), 126.27952408790588)
Day:3 
(3, 26, 200, -1891.1289387009467, 36394.0, (27.80677778327887, 9.676830504577003, 3.2683078661952023, 17.48190330312401), 133.94413304328918)
Day:3 
(3, 27, 200, -1887.9577362441985, 36201.0, (27.80677778327887, 9.676830504577003, 3.2683078661952023, 17.48190330312401), 138.13487696647644)
Day:3 
(3, 28, 200, -1881.7160423032255, 35872.0, (27.80677778327887, 9.676830504577003, 3.2683078661952023, 17.48190330312401), 136.3741419315338)
Day:3 
(3, 29, 200, -1877.7692919322699, 35902.0, (27.80677778327887, 9.676830504577003, 3.2683078661952023, 17.48190330312401), 129.85409712791443)
Day:3 
(3, 30, 200, -1880.5469913782986, 35661.0, (27.80677778327887, 9.676830504577003, 3.2683078661952023, 17.48190330312401), 136.46171379089355)
Day:3 
(3, 31, 200, -1876.735420682331, 35643.0, (27.80677778327887, 9.676830504577003, 3.2683078661952023, 17.48190330312401), 122.63974809646606)
Day:3 
(3, 32, 200, -1880.8410428856, 35581.0, (27.80677778327887, 9.676830504577003, 3.2683078661952023, 17.48190330312401), 127.71407198905945)
Day:3 
(3, 33, 200, -1874.565077352781, 34207.0, (27.80677778327887, 9.676830504577003, 3.2683078661952023, 17.48190330312401), 117.6958520412445)
Day:3 
(3, 34, 200, -1871.9230575493334, 34334.0, (27.80677778327887, 9.676830504577003, 3.2683078661952023, 17.48190330312401), 133.51926493644714)
Day:3 
(3, 35, 200, -1876.1321580169067, 34446.0, (27.80677778327887, 9.676830504577003, 3.2683078661952023, 17.48190330312401), 124.16511011123657)
Day:3 
(3, 36, 200, -1874.507098836643, 34548.0, (27.80677778327887, 9.676830504577003, 3.2683078661952023, 17.48190330312401), 136.5008099079132)
Day:3 
(3, 37, 200, -1874.9032111532447, 34358.0, (27.80677778327887, 9.676830504577003, 3.2683078661952023, 17.48190330312401), 129.95463514328003)
Day:3 
(3, 38, 200, -1877.1364481263981, 34728.0, (27.80677778327887, 9.676830504577003, 3.2683078661952023, 17.48190330312401), 125.83391690254211)
Day:3 
(3, 39, 200, -1870.9850491020272, 34715.0, (27.80677778327887, 9.676830504577003, 3.2683078661952023, 17.48190330312401), 122.31646704673767)
Day:3 
(3, 40, 200, -1872.9349770315202, 34976.0, (27.80677778327887, 9.676830504577003, 3.2683078661952023, 17.48190330312401), 126.2800509929657)
Day:3 
(3, 41, 200, -1870.5340967452703, 34991.0, (27.80677778327887, 9.676830504577003, 3.2683078661952023, 17.48190330312401), 135.1205928325653)
Day:3 
(3, 42, 200, -1872.4419617454041, 34933.0, (27.80677778327887, 9.676830504577003, 3.2683078661952023, 17.48190330312401), 132.4003210067749)
Day:3 
(3, 43, 200, -1871.3709059117227, 34625.0, (27.80677778327887, 9.676830504577003, 3.2683078661952023, 17.48190330312401), 127.70129013061523)
Day:3 
(3, 44, 200, -1872.7919352346955, 34700.0, (27.80677778327887, 9.676830504577003, 3.2683078661952023, 17.48190330312401), 122.78030586242676)
Day:3 
(3, 45, 200, -1875.7800881202895, 34746.0, (27.80677778327887, 9.676830504577003, 3.2683078661952023, 17.48190330312401), 125.4260082244873)
Day:3 
(3, 46, 200, -1871.4518839171567, 35177.0, (27.80677778327887, 9.676830504577003, 3.2683078661952023, 17.48190330312401), 132.6448199748993)
Day:3 
(3, 47, 200, -1875.935527071946, 35226.0, (27.80677778327887, 9.676830504577003, 3.2683078661952023, 17.48190330312401), 127.8626458644867)
Day:3 
(3, 48, 200, -1875.2486534633738, 35227.0, (27.80677778327887, 9.676830504577003, 3.2683078661952023, 17.48190330312401), 133.21141695976257)
Day:3 
(3, 49, 200, -1869.150138982489, 34567.0, (27.80677778327887, 9.676830504577003, 3.2683078661952023, 17.48190330312401), 145.4615089893341)
Day:3 
(3, 50, 200, -1867.7916240976745, 34790.0, (27.80677778327887, 9.676830504577003, 3.2683078661952023, 17.48190330312401), 135.63117504119873)