
Day:1 
(1, 0, 200, -1556.3003782250664, 1166973.0, (12.275255492871361, 2.3561642573906547, 22.68109132505366, 6.168565537134678), 4.130933046340942)
Day:1 
(1, 1, 200, -30.95807184181763, 49.0, (-23.287958946701387, -18.090831723424845, -16.780731906326633, 11.806915511613692), 7.578583002090454)
Day:1 
(1, 2, 200, -30.9843699501746, 16.0, (-31.173812074102234, -5.197345986292578, -16.780731906326633, 6.407842567854442), 7.828558921813965)
Day:1 
(1, 3, 200, -31.10476159996391, 9.0, (-31.173812074102234, -11.768057311811207, -16.86223927184819, 6.407842567854442), 8.024927139282227)
Day:1 
(1, 4, 200, -31.458731821057608, 1225.0, (-15.561431053638746, -5.023235632466088, 15.52605748878235, -0.4966982696790304), 7.738339900970459)
Day:1 
(1, 5, 200, -30.038858034657217, 9.0, (8.843907150224666, -5.023235632466088, 14.770795812316445, 16.17000605963427), 7.857161045074463)
Day:1 
(1, 6, 200, -29.977964781421086, 64.0, (10.676606873292208, -6.082296283728817, -7.239720027353071, 16.875231924998193), 7.260615825653076)
Day:1 
(1, 7, 200, -30.997611017232348, 676.0, (16.629406268403628, -6.082296283728817, 2.35324622067164, 21.930501571540553), 7.635623216629028)
Day:1 
(1, 8, 200, -35.351576795006594, 1764.0, (25.853286925431693, -40.179464742012996, -26.684038640670565, 21.930501571540553), 7.989937782287598)
Day:1 
(1, 9, 200, -30.525776495265035, 1.0, (-5.389211492279151, -1.6623768028203323, 21.612169399683992, 21.930501571540553), 7.6545250415802)
Day:1 
(1, 10, 200, -30.706384012460592, 289.0, (-13.58086062326918, 9.85369065551745, 21.612169399683992, 5.43049191434606), 8.00679898262024)
Day:1 
(1, 11, 200, -33.351410666965414, 9.0, (-21.62385514399676, -0.7559423397961484, 21.241234996962216, 48.12695818802998), 8.022893190383911)
Day:1 
(1, 12, 200, -31.008674888149855, 256.0, (-21.572247126377196, 5.996195915150517, -17.745109743298528, 18.82349991373038), 7.555564880371094)
Day:1 
(1, 13, 200, -30.457052000574695, 121.0, (4.39603430974521, 20.626011348187298, 5.916638598275936, 18.82349991373038), 7.676752090454102)
Day:1 
(1, 14, 200, -33.75933313254484, 144.0, (6.455241968914705, 31.563496911360453, 18.656842357508076, 45.399976398107746), 7.678920030593872)
Day:1 
(1, 15, 200, -35.299218926614074, 0.0, (-9.055745551809864, -4.358536938157365, 65.74426404543179, 19.403163863672134), 7.693018913269043)
Day:1 
(1, 16, 200, -35.10529469022117, 121.0, (-9.055745551809864, -4.491306134709074, 65.74426404543179, 10.881535976779945), 7.934877872467041)
Day:1 
(1, 17, 200, -39.842209055992065, 1024.0, (-9.055745551809864, 8.298144135352631, 65.74426404543179, 55.815857770376475), 8.065186023712158)
Day:1 
(1, 18, 200, -30.253810800377092, 16.0, (4.746649968576978, -17.89269374921784, -0.7208943088865869, 20.145476074140664), 7.853257179260254)
Day:1 
(1, 19, 200, -31.329714662513936, 361.0, (4.746649968576978, -17.89269374921784, -0.7208943088865869, 31.332736810099785), 8.24172592163086)
Day:1 
(1, 20, 200, -33.73196943075821, 225.0, (-11.529936897037041, -5.122057814172169, -4.304261955803375, 56.39932890722609), 7.651854991912842)
Day:1 
(1, 21, 200, -33.71326960372633, 4.0, (-11.529936897037041, -6.74004505111445, 13.0148128273944, 56.39932890722609), 7.925827980041504)
Day:1 
(1, 22, 200, -35.458773183854305, 400.0, (-28.411695618864343, 14.88412660933572, -20.22054839648749, 56.39932890722609), 7.417531967163086)
Day:1 
(1, 23, 200, -34.17799282124833, 121.0, (19.59738208487345, 14.88412660933572, 3.817595190070418, 56.39932890722609), 7.664204120635986)
Day:1 
(1, 24, 200, -31.57397955915594, 1024.0, (11.125113728470238, 4.764744185206144, 3.817595190070418, 29.40733070340558), 8.005664825439453)
Day:1 
(1, 25, 200, -31.945929171263668, 1.0, (18.276078966240785, 25.770180173253525, 15.932806889473845, 29.40733070340558), 8.038913011550903)
Day:1 
(1, 26, 200, -34.61551999722893, 1156.0, (-25.631765989346434, 25.770180173253525, -34.175605886615664, 29.40733070340558), 8.152487993240356)
Day:1 
(1, 27, 200, -33.321273004907525, 1849.0, (-21.466683121569936, 25.770180173253525, 3.6284420119638727, 23.448375465507493), 8.129930019378662)
Day:1 
(1, 28, 200, -31.912327857732418, 576.0, (14.771136714224495, -12.660787715126848, -13.625201368361152, 32.40396514607453), 7.800318002700806)
Day:1 
(1, 29, 200, -32.32414896856395, 36.0, (-9.761372400698374, 30.887149531710428, 17.003740130962548, 32.40396514607453), 7.915220022201538)
Day:1 
(1, 30, 200, -31.89610219854735, 25.0, (-11.643126941049653, 27.67931693248191, -10.374095040284152, 32.40396514607453), 7.918030023574829)
Day:1 
(1, 31, 200, -32.493456474347695, 36.0, (7.264405280970879, 3.0177582946053736, -37.6424220672829, 32.40396514607453), 7.8997039794921875)
Day:1 
(1, 32, 200, -32.10868312401289, 225.0, (-18.95946921272656, -7.211528652744354, -24.46369294176727, 32.40396514607453), 7.809988021850586)
Day:1 
(1, 33, 200, -34.34326537607308, 1600.0, (-37.159552457635726, 16.77388788989709, 0.432295677667537, 32.40396514607453), 7.692531108856201)
Day:1 
(1, 34, 200, -31.89988135619917, 529.0, (3.0718596334382338, 6.725778843286514, -12.33757309377512, 38.2638881803999), 7.828467845916748)
Day:1 
(1, 35, 200, -33.37118462592149, 2116.0, (-21.85528714732327, 9.341217237876792, -20.88228370186784, 24.886827159975724), 7.976600170135498)
Day:1 
(1, 36, 200, -31.245362273672104, 144.0, (27.303143207844037, 8.994880787377438, 1.0718746588165673, 24.886827159975724), 8.077855825424194)
Day:1 
(1, 37, 200, -34.7699708690768, 1089.0, (-7.559678900108927, 17.675600429727325, 18.64846417015117, 52.533168533311176), 7.857181072235107)
Day:1 
(1, 38, 200, -34.558998475911764, 676.0, (4.891280249497538, 8.749690080784912, 28.70157078029083, 52.533168533311176), 8.077156066894531)
Day:1 
(1, 39, 200, -34.60265181497026, 49.0, (-7.644271796270959, -13.475743762038196, 34.73475295963602, 52.533168533311176), 7.845608949661255)
Day:1 
(1, 40, 200, -34.43566909206736, 1681.0, (4.44576771220801, -0.7613573302217169, -5.194776494049632, 52.533168533311176), 7.854337930679321)
Day:1 
(1, 41, 200, -33.35623509233477, 289.0, (-14.766928300651267, -0.7613573302217169, -5.194776494049632, 52.533168533311176), 7.967489957809448)
Day:1 
(1, 42, 200, -32.044528409794054, 36.0, (-29.870944512696273, -26.653962144818518, -0.5836610267416177, 23.700219443301002), 7.847353219985962)
Day:1 
(1, 43, 200, -31.636643913425296, 1225.0, (4.596411220953196, 3.1710290179234986, -3.2082384475992343, 29.64421255346958), 7.858043909072876)
Day:1 
(1, 44, 200, -33.606408915146815, 441.0, (45.948527150792174, -10.683299011715242, -0.7298075711480337, 29.64421255346958), 7.999466896057129)
Day:1 
(1, 45, 200, -31.276667461131183, 4.0, (9.798134401289353, 20.435111722542032, -10.5903511190445, 30.88045996831701), 7.992402076721191)
Day:1 
(1, 46, 200, -31.19399110646215, 0.0, (0.8352189433529157, -16.14665396708171, -17.33774222741245, 30.88045996831701), 7.995944976806641)
Day:1 
(1, 47, 200, -35.00034538588045, 1681.0, (15.541996920902376, -33.60823007974871, 30.563629436318273, 30.88045996831701), 7.8947601318359375)
Day:1 
(1, 48, 200, -32.0764349046262, 36.0, (-12.884418727880115, 11.895355540474274, 30.563629436318273, 30.88045996831701), 8.242708921432495)
Day:1 
(1, 49, 200, -32.66768043718523, 225.0, (-24.69084289431465, 9.687160999050635, 29.156012750452575, 30.88045996831701), 8.14694595336914)
Day:1 
(1, 50, 200, -31.090523880976054, 81.0, (-24.69084289431465, 9.687160999050635, 1.1256783411638647, 25.82955737667517), 8.279524087905884)
Day:2 
(2, 0, 200, -14410.349414562446, 1117350.0, (-24.69084289431465, 9.687160999050635, 1.1256783411638647, 25.82955737667517), 10.126912832260132)
Day:2 
(2, 1, 200, -9078.361171794892, 545048.0, (-24.69084289431465, 9.687160999050635, 14.463343230514043, 3.7201978507296234), 55.85423016548157)
Day:2 
(2, 2, 200, -3179.026631023919, 287699.0, (-7.7782522067875846, 9.687160999050635, 14.463343230514043, 3.7201978507296234), 112.63904094696045)
Day:2 
(2, 3, 200, -3105.5156632486346, 285947.0, (-7.7782522067875846, 9.687160999050635, 14.463343230514043, 3.7201978507296234), 117.16160202026367)
Day:2 
(2, 4, 200, -3079.682349626778, 280458.0, (-7.7782522067875846, 9.687160999050635, 14.463343230514043, 3.7201978507296234), 121.18553686141968)
Day:2 
(2, 5, 200, -1352.5316419590126, 171862.0, (-3.17602620912507, 9.687160999050635, 14.463343230514043, 9.440097720258153), 67.6950352191925)
Day:2 
(2, 6, 200, -283.6779517439295, 19562.0, (4.026083490378562, 9.687160999050635, 14.463343230514043, 9.440097720258153), 77.12401390075684)
Day:2 
(2, 7, 200, -270.102741278452, 16160.0, (4.026083490378562, 9.687160999050635, 14.463343230514043, 9.440097720258153), 68.28321599960327)
Day:2 
(2, 8, 200, -266.84430528099585, 16440.0, (4.026083490378562, 9.687160999050635, 14.463343230514043, 9.440097720258153), 83.86989498138428)
Day:2 
(2, 9, 200, -123.71029767171197, 678.0, (4.026083490378562, 9.687160999050635, 10.172338758546227, 9.440097720258153), 77.56777596473694)
Day:2 
(2, 10, 200, -128.13961681750774, 1980.0, (4.026083490378562, 9.687160999050635, 10.172338758546227, 9.440097720258153), 94.32841897010803)
Day:2 
(2, 11, 200, -126.78972774732112, 688.0, (4.026083490378562, 9.687160999050635, 10.172338758546227, 9.440097720258153), 46.3694121837616)
Day:2 
(2, 12, 200, -121.44525106471916, 827.0, (4.026083490378562, 9.687160999050635, 10.172338758546227, 9.440097720258153), 77.17963290214539)
Day:2 
(2, 13, 200, -125.1301783822731, 950.0, (4.026083490378562, 9.687160999050635, 10.172338758546227, 9.440097720258153), 66.18235492706299)
Day:2 
(2, 14, 200, -126.5523555259416, 1732.0, (4.026083490378562, 9.687160999050635, 10.172338758546227, 9.440097720258153), 61.6921911239624)
Day:2 
(2, 15, 200, -121.54807344789837, 1142.0, (4.026083490378562, 9.687160999050635, 10.172338758546227, 9.440097720258153), 64.34221887588501)
Day:2 
(2, 16, 200, -124.92568402156435, 931.0, (4.026083490378562, 9.687160999050635, 10.172338758546227, 9.440097720258153), 80.06200504302979)
Day:2 
(2, 17, 200, -121.55529334577679, 1140.0, (4.026083490378562, 9.687160999050635, 10.172338758546227, 9.440097720258153), 74.59838795661926)
Day:2 
(2, 18, 200, -126.04576830330335, 1435.0, (4.026083490378562, 9.687160999050635, 10.172338758546227, 9.440097720258153), 59.172152042388916)
Day:2 
(2, 19, 200, -123.5397676334207, 1109.0, (4.026083490378562, 9.687160999050635, 10.172338758546227, 9.440097720258153), 72.63058495521545)
Day:2 
(2, 20, 200, -122.22656404447048, 1028.0, (4.026083490378562, 9.687160999050635, 10.172338758546227, 9.440097720258153), 82.87039017677307)
Day:2 
(2, 21, 200, -122.21825466822617, 1079.0, (4.026083490378562, 9.687160999050635, 10.172338758546227, 9.440097720258153), 67.18665981292725)
Day:2 
(2, 22, 200, -124.1567606013652, 1101.0, (4.026083490378562, 9.687160999050635, 10.172338758546227, 9.440097720258153), 89.05743598937988)
Day:2 
(2, 23, 200, -129.18533799163788, 2192.0, (4.026083490378562, 9.687160999050635, 10.172338758546227, 9.440097720258153), 69.26656818389893)
Day:2 
(2, 24, 200, -130.11344540226133, 2295.0, (4.026083490378562, 9.687160999050635, 10.172338758546227, 9.440097720258153), 75.8022289276123)
Day:2 
(2, 25, 200, -125.75235102850708, 1303.0, (4.026083490378562, 9.687160999050635, 10.172338758546227, 9.440097720258153), 80.73442006111145)
Day:2 
(2, 26, 200, -123.91528297881328, 720.0, (4.026083490378562, 9.687160999050635, 10.172338758546227, 9.440097720258153), 86.42598700523376)
Day:2 
(2, 27, 200, -125.43422029485534, 1511.0, (4.026083490378562, 9.687160999050635, 10.172338758546227, 9.440097720258153), 85.62897896766663)
Day:2 
(2, 28, 200, -124.67506303683079, 1439.0, (4.026083490378562, 9.687160999050635, 10.172338758546227, 9.440097720258153), 69.31472897529602)
Day:2 
(2, 29, 200, -124.88951694697315, 1401.0, (4.026083490378562, 9.687160999050635, 10.172338758546227, 9.440097720258153), 89.3363778591156)
Day:2 
(2, 30, 200, -125.91239619870986, 1336.0, (4.026083490378562, 9.687160999050635, 10.172338758546227, 9.440097720258153), 89.49547719955444)
Day:2 
(2, 31, 200, -122.99156193760949, 1060.0, (4.026083490378562, 9.687160999050635, 10.172338758546227, 9.440097720258153), 88.86809396743774)
Day:2 
(2, 32, 200, -126.24219234891788, 2369.0, (4.026083490378562, 9.687160999050635, 10.172338758546227, 9.440097720258153), 101.67300200462341)
Day:2 
(2, 33, 200, -122.38862947933956, 1448.0, (4.026083490378562, 9.687160999050635, 10.172338758546227, 9.440097720258153), 68.31266784667969)
Day:2 
(2, 34, 200, -124.99270736576982, 1442.0, (4.026083490378562, 9.687160999050635, 10.172338758546227, 9.440097720258153), 87.19414806365967)
Day:2 
(2, 35, 200, -124.3205816531194, 926.0, (4.026083490378562, 9.687160999050635, 10.172338758546227, 9.440097720258153), 68.79755306243896)
Day:2 
(2, 36, 200, -121.98203189520662, 938.0, (4.026083490378562, 9.687160999050635, 10.172338758546227, 9.440097720258153), 67.31626796722412)
Day:2 
(2, 37, 200, -127.42748272502807, 1298.0, (4.026083490378562, 9.687160999050635, 10.172338758546227, 9.440097720258153), 67.66426491737366)
Day:2 
(2, 38, 200, -128.55490880282224, 1791.0, (4.026083490378562, 9.687160999050635, 10.172338758546227, 9.440097720258153), 67.5652060508728)
Day:2 
(2, 39, 200, -124.86231970526863, 1559.0, (4.026083490378562, 9.687160999050635, 10.172338758546227, 9.440097720258153), 95.0269730091095)
Day:2 
(2, 40, 200, -122.75974646099705, 1674.0, (4.026083490378562, 9.687160999050635, 10.172338758546227, 9.440097720258153), 58.75656795501709)
Day:2 
(2, 41, 200, -124.25143345764921, 1349.0, (4.026083490378562, 9.687160999050635, 10.172338758546227, 9.440097720258153), 65.01888108253479)
Day:2 
(2, 42, 200, -123.56600028937538, 1597.0, (4.026083490378562, 9.687160999050635, 10.172338758546227, 9.440097720258153), 74.22822093963623)
Day:2 
(2, 43, 200, -126.11575859549346, 1349.0, (4.026083490378562, 9.687160999050635, 10.172338758546227, 9.440097720258153), 85.07515811920166)
Day:2 
(2, 44, 200, -128.0993070886154, 2047.0, (4.026083490378562, 9.687160999050635, 10.172338758546227, 9.440097720258153), 57.60075902938843)
Day:2 
(2, 45, 200, -129.84023190288497, 1256.0, (4.026083490378562, 9.687160999050635, 10.172338758546227, 9.440097720258153), 66.39476084709167)
Day:2 
(2, 46, 200, -125.12816676817727, 2362.0, (4.026083490378562, 9.687160999050635, 10.172338758546227, 9.440097720258153), 86.02161312103271)
Day:2 
(2, 47, 200, -127.76060302901453, 1605.0, (4.026083490378562, 9.687160999050635, 10.172338758546227, 9.440097720258153), 85.1019458770752)
Day:2 
(2, 48, 200, -122.58379293445915, 1488.0, (4.026083490378562, 9.687160999050635, 10.172338758546227, 9.440097720258153), 83.91404294967651)
Day:2 
(2, 49, 200, -126.22001467402832, 1989.0, (4.026083490378562, 9.687160999050635, 10.172338758546227, 9.440097720258153), 61.04110503196716)
Day:2 
(2, 50, 200, -121.4872425150925, 1056.0, (4.026083490378562, 9.687160999050635, 10.172338758546227, 9.440097720258153), 98.06232500076294)
Day:3 
(3, 0, 200, -296.11925201829445, 1577.0, (4.026083490378562, 9.687160999050635, 10.172338758546227, 9.440097720258153), 16.7887020111084)
Day:3 
(3, 1, 200, -237.32900608239126, 719.0, (4.026083490378562, 9.687160999050635, 10.172338758546227, 9.440097720258153), 148.16568613052368)
Day:3 
(3, 2, 200, -232.80761739983416, 624.0, (4.026083490378562, 9.687160999050635, 10.172338758546227, 9.440097720258153), 137.9822678565979)
Day:3 
(3, 3, 200, -234.38871937767564, 558.0, (4.026083490378562, 9.687160999050635, 10.172338758546227, 9.440097720258153), 161.88589215278625)
Day:3 
(3, 4, 200, -232.00371025549669, 1037.0, (4.026083490378562, 9.687160999050635, 10.172338758546227, 9.440097720258153), 178.2418029308319)
Day:3 
(3, 5, 200, -217.62979346601264, 796.0, (4.026083490378562, 9.687160999050635, 10.172338758546227, 9.440097720258153), 191.66662502288818)
Day:3 
(3, 6, 200, -217.1684243554909, 919.0, (4.026083490378562, 9.687160999050635, 10.172338758546227, 9.440097720258153), 149.28696990013123)
Day:3 
(3, 7, 200, -220.65926447359175, 907.0, (4.026083490378562, 9.687160999050635, 10.172338758546227, 9.440097720258153), 154.66549396514893)
Day:3 
(3, 8, 200, -222.5737205645213, 762.0, (4.026083490378562, 9.687160999050635, 10.172338758546227, 9.440097720258153), 215.16585206985474)
Day:3 
(3, 9, 200, -224.60902836108232, 780.0, (4.026083490378562, 9.687160999050635, 10.172338758546227, 9.440097720258153), 182.55545091629028)
Day:3 
(3, 10, 200, -221.39373748485508, 561.0, (4.026083490378562, 9.687160999050635, 10.172338758546227, 9.440097720258153), 151.89216017723083)
Day:3 
(3, 11, 200, -220.5642946074277, 580.0, (4.026083490378562, 9.687160999050635, 10.172338758546227, 9.440097720258153), 139.65670895576477)
Day:3 
(3, 12, 200, -220.23768875290114, 1256.0, (4.026083490378562, 9.687160999050635, 10.172338758546227, 9.440097720258153), 159.54687094688416)
Day:3 
(3, 13, 200, -228.60192092528644, 1332.0, (4.026083490378562, 9.687160999050635, 10.172338758546227, 9.440097720258153), 143.99764108657837)
Day:3 
(3, 14, 200, -230.17391211851378, 1562.0, (4.026083490378562, 9.687160999050635, 10.172338758546227, 9.440097720258153), 159.60831093788147)
Day:3 
(3, 15, 200, -221.82153009872457, 806.0, (4.026083490378562, 9.687160999050635, 10.172338758546227, 9.440097720258153), 175.69378089904785)
Day:3 
(3, 16, 200, -224.26161357641092, 1587.0, (4.026083490378562, 9.687160999050635, 10.172338758546227, 9.440097720258153), 179.29246711730957)
Day:3 
(3, 17, 200, -221.20448363976357, 1212.0, (4.026083490378562, 9.687160999050635, 10.172338758546227, 9.440097720258153), 173.66565203666687)
Day:3 
(3, 18, 200, -221.83666756951447, 1412.0, (4.026083490378562, 9.687160999050635, 10.172338758546227, 9.440097720258153), 164.70125603675842)
Day:3 
(3, 19, 200, -215.629041602698, 1425.0, (4.026083490378562, 9.687160999050635, 10.172338758546227, 9.440097720258153), 163.9529218673706)
Day:3 
(3, 20, 200, -215.44770884230508, 1550.0, (4.026083490378562, 9.687160999050635, 10.172338758546227, 9.440097720258153), 166.81741905212402)
Day:3 
(3, 21, 200, -218.17966358437064, 1556.0, (4.026083490378562, 9.687160999050635, 10.172338758546227, 9.440097720258153), 128.6903760433197)
Day:3 
(3, 22, 200, -218.7798226595154, 1406.0, (4.026083490378562, 9.687160999050635, 10.172338758546227, 9.440097720258153), 124.56141901016235)
Day:3 
(3, 23, 200, -214.72028806843053, 949.0, (4.026083490378562, 9.687160999050635, 10.172338758546227, 9.440097720258153), 122.91952085494995)
Day:3 
(3, 24, 200, -216.68584877720792, 826.0, (4.026083490378562, 9.687160999050635, 10.172338758546227, 9.440097720258153), 142.6153621673584)
Day:3 
(3, 25, 200, -222.6325607809756, 1113.0, (4.026083490378562, 9.687160999050635, 10.172338758546227, 9.440097720258153), 166.50839400291443)
Day:3 
(3, 26, 200, -223.0494258026882, 634.0, (4.026083490378562, 9.687160999050635, 10.172338758546227, 9.440097720258153), 137.32451486587524)
Day:3 
(3, 27, 200, -220.06879235184104, 602.0, (4.026083490378562, 9.687160999050635, 10.172338758546227, 9.440097720258153), 131.04225492477417)
Day:3 
(3, 28, 200, -213.61410885852587, 600.0, (4.026083490378562, 9.687160999050635, 10.172338758546227, 9.440097720258153), 154.0972101688385)
Day:3 
(3, 29, 200, -213.7026398777981, 574.0, (4.026083490378562, 9.687160999050635, 10.172338758546227, 9.440097720258153), 202.30415606498718)
Day:3 
(3, 30, 200, -215.03617899770464, 806.0, (4.026083490378562, 9.687160999050635, 10.172338758546227, 9.440097720258153), 155.47871589660645)
Day:3 
(3, 31, 200, -217.9048363722205, 704.0, (4.026083490378562, 9.687160999050635, 10.172338758546227, 9.440097720258153), 142.73280501365662)
Day:3 
(3, 32, 200, -216.84147581230368, 636.0, (4.026083490378562, 9.687160999050635, 10.172338758546227, 9.440097720258153), 159.04713797569275)
Day:3 
(3, 33, 200, -216.20945645787916, 915.0, (4.026083490378562, 9.687160999050635, 10.172338758546227, 9.440097720258153), 121.04760408401489)
Day:3 
(3, 34, 200, -213.70658135657249, 507.0, (4.026083490378562, 9.687160999050635, 10.172338758546227, 9.440097720258153), 160.59408688545227)
Day:3 
(3, 35, 200, -225.6064360575088, 926.0, (4.026083490378562, 9.687160999050635, 10.172338758546227, 9.440097720258153), 160.30108308792114)
Day:3 
(3, 36, 200, -217.15034592652268, 926.0, (4.026083490378562, 9.687160999050635, 10.172338758546227, 9.440097720258153), 167.6021499633789)
Day:3 
(3, 37, 200, -220.28939866351823, 1048.0, (4.026083490378562, 9.687160999050635, 10.172338758546227, 9.440097720258153), 158.3224709033966)
Day:3 
(3, 38, 200, -221.91186588594314, 1046.0, (4.026083490378562, 9.687160999050635, 10.172338758546227, 9.440097720258153), 192.19779205322266)
Day:3 
(3, 39, 200, -225.34690330155428, 1047.0, (4.026083490378562, 9.687160999050635, 10.172338758546227, 9.440097720258153), 145.43756699562073)
Day:3 
(3, 40, 200, -223.82898000033083, 1043.0, (4.026083490378562, 9.687160999050635, 10.172338758546227, 9.440097720258153), 144.83666110038757)
Day:3 
(3, 41, 200, -227.99421573195661, 1615.0, (4.026083490378562, 9.687160999050635, 10.172338758546227, 9.440097720258153), 175.01488494873047)
Day:3 
(3, 42, 200, -227.99421573195661, 1615.0, (4.026083490378562, 9.687160999050635, 10.172338758546227, 9.440097720258153), 176.0903799533844)
Day:3 
(3, 43, 200, -225.10586534608882, 1579.0, (4.026083490378562, 9.687160999050635, 10.172338758546227, 9.440097720258153), 174.63843393325806)
Day:3 
(3, 44, 200, -223.23668339193966, 1595.0, (4.026083490378562, 9.687160999050635, 10.172338758546227, 9.440097720258153), 165.46125197410583)
Day:3 
(3, 45, 200, -221.79132457097342, 1890.0, (4.026083490378562, 9.687160999050635, 10.172338758546227, 9.440097720258153), 195.71595907211304)
Day:3 
(3, 46, 200, -226.40296356993275, 1891.0, (4.026083490378562, 9.687160999050635, 10.172338758546227, 9.440097720258153), 202.18028903007507)
Day:3 
(3, 47, 200, -219.6868167435308, 1600.0, (4.026083490378562, 9.687160999050635, 10.172338758546227, 9.440097720258153), 155.403333902359)
Day:3 
(3, 48, 200, -220.61435554340284, 1638.0, (4.026083490378562, 9.687160999050635, 10.172338758546227, 9.440097720258153), 128.18775701522827)
Day:3 
(3, 49, 200, -225.0322705891645, 1642.0, (4.026083490378562, 9.687160999050635, 10.172338758546227, 9.440097720258153), 134.12267112731934)
Day:3 
(3, 50, 200, -227.79298454926658, 1591.0, (4.026083490378562, 9.687160999050635, 10.172338758546227, 9.440097720258153), 197.5074598789215)