
Day:1 
(1, 0, 200, -16126.462940037745, 1815145.0, (-24.978437701225726, 142.8022805578275, -15.201269578720703, -10.756793172373545), 3.8865418434143066)
Day:1 
(1, 1, 200, -37.17675985388602, 1024.0, (-24.978437701225726, -87.64926275655486, 22.90088552138399, -10.756793172373545), 8.132910013198853)
Day:1 
(1, 2, 200, -37.18199462479078, 784.0, (-24.978437701225726, -87.64926275655486, 72.69776901233917, -10.756793172373545), 8.6405611038208)
Day:1 
(1, 3, 200, -39.88123271221216, 729.0, (-200.3936015356868, 14.693398024974341, 165.33830036223344, -10.756793172373545), 7.961884021759033)
Day:1 
(1, 4, 200, -37.87352726593955, 1089.0, (-123.81385734013139, -69.73914580835638, 2.4435711811623255, 6.6007095720338596), 7.720347881317139)
Day:1 
(1, 5, 200, -38.91452306866751, 324.0, (33.78449032002343, -169.28298562519814, 165.71132146101547, 6.6007095720338596), 7.828687906265259)
Day:1 
(1, 6, 200, -37.68976394140647, 4.0, (57.302726653260216, -90.2327648913987, 165.71132146101547, 2.1858425735680864), 8.058141231536865)
Day:1 
(1, 7, 200, -38.062232664332676, 49.0, (33.00059416838609, -129.51271990014735, 165.71132146101547, 16.44516994589354), 8.270762920379639)
Day:1 
(1, 8, 200, -38.78783768866792, 4.0, (-222.54249788184958, 45.78433818810963, -62.797438053691, 73.12465682167921), 8.013550996780396)
Day:1 
(1, 9, 200, -40.47860992072578, 36.0, (-222.54249788184958, -161.02083241537417, -115.62668202393573, 73.12465682167921), 8.169821977615356)
Day:1 
(1, 10, 200, -37.3946491440298, 361.0, (41.98635943089226, -72.31592875813507, 129.36383415446824, 49.567392284308866), 7.9262659549713135)
Day:1 
(1, 11, 200, -37.738121345422584, 729.0, (-77.22457280604175, -56.552011624038265, 129.36383415446824, 0.9363633522899425), 7.9629621505737305)
Day:1 
(1, 12, 200, -37.07968596712298, 49.0, (-77.22457280604175, -56.552011624038265, 127.07835544208858, 25.132896300368113), 7.9410178661346436)
Day:1 
(1, 13, 200, -42.24333906134797, 4624.0, (-149.36232526174769, -92.5504843959788, -46.22898546902215, 25.132896300368113), 8.178019046783447)
Day:1 
(1, 14, 200, -38.92511386925369, 49.0, (-31.651539707391134, -134.87287315635146, 185.36006576680035, 96.43665145760679), 7.8125550746917725)
Day:1 
(1, 15, 200, -38.37952670295048, 841.0, (-31.651539707391134, 86.84864465687693, -104.1716475779947, 130.97665187175792), 7.683426856994629)
Day:1 
(1, 16, 200, -40.48817883467361, 1849.0, (53.62514658544663, -101.07941177393472, 76.36395641415531, 194.56808648028925), 8.135929107666016)
Day:1 
(1, 17, 200, -37.32917368923793, 36.0, (-43.09252767045089, -54.57661922379309, 160.73190548332914, -19.55342211262101), 7.681042909622192)
Day:1 
(1, 18, 200, -39.11413007537348, 169.0, (20.820023362484733, -54.57661922379309, -202.23604941751023, 140.33367079845712), 8.082714080810547)
Day:1 
(1, 19, 200, -41.086711824943436, 1849.0, (-79.4050962832086, 43.0514760789796, -202.23604941751023, 140.33367079845712), 8.328495979309082)
Day:1 
(1, 20, 200, -37.63191133615193, 784.0, (-79.4050962832086, -19.965818500494436, 122.31144507255455, 6.48779022383333), 8.36453104019165)
Day:1 
(1, 21, 200, -38.51305148816799, 1936.0, (-24.035640206174023, -127.5509929956565, -34.14160072488598, 6.48779022383333), 8.210788011550903)
Day:1 
(1, 22, 200, -38.971596906437775, 144.0, (-24.035640206174023, -171.1059280088446, -161.00439645661393, 76.7585757501273), 7.796267986297607)
Day:1 
(1, 23, 200, -38.12383355806399, 81.0, (-33.69308434689589, -104.79430590363434, -161.00439645661393, 90.38514431271763), 7.889721870422363)
Day:1 
(1, 24, 200, -37.63929907219966, 9.0, (-33.69308434689589, -51.61917671574811, -161.00439645661393, 90.38514431271763), 8.55467700958252)
Day:1 
(1, 25, 200, -38.726063494265404, 361.0, (-76.84237117801024, -51.61917671574811, 207.52064400678418, -25.42694286095393), 7.913630962371826)
Day:1 
(1, 26, 200, -37.41511038746395, 225.0, (-76.84237117801024, -51.61917671574811, 141.45258392989814, -25.42694286095393), 8.44103217124939)
Day:1 
(1, 27, 200, -37.004332281533664, 784.0, (-76.84237117801024, -40.298622574157804, 51.234853018421084, 0.0617405152532031), 8.194553852081299)
Day:1 
(1, 28, 200, -37.29992445727756, 576.0, (-77.86287460133823, -40.298622574157804, 108.4404086515545, 25.71446404974619), 7.950938940048218)
Day:1 
(1, 29, 200, -36.48450785653988, 100.0, (50.07055196503446, -68.776854690215, -55.136420529718976, 50.57368427508918), 7.815232038497925)
Day:1 
(1, 30, 200, -36.494159574036544, 196.0, (31.05901647381007, -68.776854690215, 52.889892435750575, 50.57368427508918), 8.221322059631348)
Day:1 
(1, 31, 200, -39.89890171753146, 442.0, (31.05901647381007, 73.18560766853716, -79.53692904925177, 85.29125858451594), 8.0746750831604)
Day:1 
(1, 32, 200, -36.62071094411638, 361.0, (30.908536503105726, -13.260435047786455, -42.220831156396734, 85.29125858451594), 8.435035943984985)
Day:1 
(1, 33, 200, -39.17594787077425, 900.0, (122.9148292745058, -167.81890434283855, -28.08672214844531, 85.29125858451594), 8.24012804031372)
Day:1 
(1, 34, 200, -44.14472242851534, 2116.0, (226.19456504422809, 73.74771587235286, 122.60005376142848, 235.77667270239482), 8.115319967269897)
Day:1 
(1, 35, 200, -37.47366747980487, 64.0, (-55.88749390468113, 51.0548436890944, 122.60005376142848, 112.26107618790383), 7.913805961608887)
Day:1 
(1, 36, 200, -39.975457304773116, 1225.0, (66.60742945140636, 127.70688392527408, 166.37142654386042, 112.26107618790383), 8.174070119857788)
Day:1 
(1, 37, 200, -39.02200999202376, 36.0, (-128.58484354149334, -50.91848320472963, 200.31585854044803, 76.05538238078786), 7.722340822219849)
Day:1 
(1, 38, 200, -39.62601894789441, 169.0, (215.15787131490998, -22.940696125547184, 92.31616775791777, 138.58321224907738), 7.615345001220703)
Day:1 
(1, 39, 200, -37.81287920775869, 441.0, (76.76670351263563, 77.74755095294483, -35.26699371616557, 138.58321224907738), 7.994626045227051)
Day:1 
(1, 40, 200, -37.56216318832186, 196.0, (-54.941897599629286, -124.45116576334694, -35.26699371616557, 112.51472426595114), 7.770185947418213)
Day:1 
(1, 41, 200, -39.160432248277715, 4.0, (-183.5337815998182, -124.45116576334694, 136.53369501277564, -24.28911341991276), 8.01084017753601)
Day:1 
(1, 42, 200, -40.67076693862237, 2500.0, (-183.5337815998182, -124.45116576334694, -3.865723945657682, -34.36310729630719), 8.254194021224976)
Day:1 
(1, 43, 200, -39.06054367639008, 1681.0, (-101.70055732509444, -124.45116576334694, 59.03210092647383, 67.8466955313819), 8.114092826843262)
Day:1 
(1, 44, 200, -37.50571745473657, 961.0, (-57.07849118268743, -16.225961049450202, 83.44407023376526, 71.03899680187872), 8.168898105621338)
Day:1 
(1, 45, 200, -36.20546654637205, 4.0, (-4.387596996226351, -16.225961049450202, 83.44407023376526, 44.93588906144572), 8.014221906661987)
Day:1 
(1, 46, 200, -37.53321302524624, 1024.0, (-96.54386125703267, -8.764655539103256, 57.990299699075564, 44.93588906144572), 8.134268999099731)
Day:1 
(1, 47, 200, -36.75705637182392, 169.0, (-96.54386125703267, -46.874613378399175, 65.18954587399016, 33.10501615231062), 7.88156795501709)
Day:1 
(1, 48, 200, -37.98391432478132, 256.0, (-193.63321469386798, 37.47300648366881, -4.359033228044313, 33.10501615231062), 8.302186012268066)
Day:1 
(1, 49, 200, -45.40582692889616, 0.0, (-193.63321469386798, -364.0659308793225, 152.21826425319443, 12.796995051559238), 8.175467014312744)
Day:1 
(1, 50, 200, -39.661988380114785, 16.0, (-59.840986744021244, 52.292812479855726, -166.12256736166302, 210.48416518931427), 7.935139179229736)
Day:2 
(2, 0, 200, -14431.736734703905, 1143025.0, (-59.840986744021244, 52.292812479855726, -166.12256736166302, 210.48416518931427), 9.796170949935913)
Day:2 
(2, 1, 200, -14320.339573332943, 922365.0, (73.38576321283064, 86.49579588799594, -166.12256736166302, 210.48416518931427), 39.46586585044861)
Day:2 
(2, 2, 200, -14320.339573332943, 922365.0, (73.38576321283064, 86.49579588799594, -166.12256736166302, 210.48416518931427), 41.25556206703186)
Day:2 
(2, 3, 200, -14320.339573332943, 922365.0, (73.38576321283064, 86.49579588799594, -166.12256736166302, 210.48416518931427), 41.67037510871887)
Day:2 
(2, 4, 200, -14320.339573332943, 922365.0, (73.38576321283064, 86.49579588799594, -166.12256736166302, 210.48416518931427), 41.537437915802)
Day:2 
(2, 5, 200, -14320.339573332943, 922365.0, (73.38576321283064, 86.49579588799594, -166.12256736166302, 210.48416518931427), 41.546700954437256)
Day:2 
(2, 6, 200, -14320.339573332943, 922365.0, (73.38576321283064, 86.49579588799594, -166.12256736166302, 210.48416518931427), 41.80076193809509)
Day:2 
(2, 7, 200, -14320.339573332943, 922365.0, (73.38576321283064, 86.49579588799594, -166.12256736166302, 210.48416518931427), 41.81266808509827)
Day:2 
(2, 8, 200, -14320.339573332943, 922365.0, (73.38576321283064, 86.49579588799594, -166.12256736166302, 210.48416518931427), 41.796473026275635)
Day:2 
(2, 9, 200, -14320.339573332943, 922365.0, (73.38576321283064, 86.49579588799594, -166.12256736166302, 210.48416518931427), 41.9014310836792)
Day:2 
(2, 10, 200, -14320.339573332943, 922365.0, (73.38576321283064, 86.49579588799594, -166.12256736166302, 210.48416518931427), 41.97971296310425)
Day:2 
(2, 11, 200, -14320.339573332943, 922365.0, (73.38576321283064, 86.49579588799594, -166.12256736166302, 210.48416518931427), 41.53470587730408)
Day:2 
(2, 12, 200, -14320.339573332943, 922365.0, (73.38576321283064, 86.49579588799594, -166.12256736166302, 210.48416518931427), 42.71843218803406)
Day:2 
(2, 13, 200, -14320.339573332943, 922365.0, (73.38576321283064, 86.49579588799594, -166.12256736166302, 210.48416518931427), 41.82174277305603)
Day:2 
(2, 14, 200, -14320.339573332943, 922365.0, (73.38576321283064, 86.49579588799594, -166.12256736166302, 210.48416518931427), 42.058221101760864)
Day:2 
(2, 15, 200, -14320.339573332943, 922365.0, (73.38576321283064, 86.49579588799594, -166.12256736166302, 210.48416518931427), 42.028515100479126)
Day:2 
(2, 16, 200, -14320.339573332943, 922365.0, (73.38576321283064, 86.49579588799594, -166.12256736166302, 210.48416518931427), 42.07752299308777)
Day:2 
(2, 17, 200, -14318.531142146778, 918865.0, (73.38576321283064, 86.49579588799594, -166.12256736166302, 210.48416518931427), 42.28194284439087)
Day:2 
(2, 18, 200, -14318.531142146778, 918865.0, (73.38576321283064, 86.49579588799594, -166.12256736166302, 210.48416518931427), 42.16512608528137)
Day:2 
(2, 19, 200, -14318.531142146778, 918865.0, (73.38576321283064, 86.49579588799594, -166.12256736166302, 210.48416518931427), 42.14261293411255)
Day:2 
(2, 20, 200, -14297.189069999835, 877489.0, (73.38576321283064, 86.49579588799594, -166.12256736166302, 210.48416518931427), 42.085448026657104)
Day:2 
(2, 21, 200, -14297.189069999835, 877489.0, (73.38576321283064, 86.49579588799594, -166.12256736166302, 210.48416518931427), 42.01471495628357)
Day:2 
(2, 22, 200, -14297.189069999835, 877489.0, (73.38576321283064, 86.49579588799594, -166.12256736166302, 210.48416518931427), 42.188470125198364)
Day:2 
(2, 23, 200, -14297.189069999835, 877489.0, (73.38576321283064, 86.49579588799594, -166.12256736166302, 210.48416518931427), 41.958189964294434)
Day:2 
(2, 24, 200, -14297.189069999835, 877489.0, (73.38576321283064, 86.49579588799594, -166.12256736166302, 210.48416518931427), 42.23263502120972)
Day:2 
(2, 25, 200, -14289.2132197638, 858910.0, (-115.04177757098459, 86.49579588799594, -166.12256736166302, 210.48416518931427), 40.34424591064453)
Day:2 
(2, 26, 200, -14289.2132197638, 858910.0, (-115.04177757098459, 86.49579588799594, -166.12256736166302, 210.48416518931427), 42.71369695663452)
Day:2 
(2, 27, 200, -14275.79428141731, 833965.0, (-115.04177757098459, 86.49579588799594, -166.12256736166302, 210.48416518931427), 42.73278212547302)
Day:2 
(2, 28, 200, -14275.79428141731, 833965.0, (-115.04177757098459, 86.49579588799594, -166.12256736166302, 210.48416518931427), 42.55857706069946)
Day:2 
(2, 29, 200, -14275.79428141731, 833965.0, (-115.04177757098459, 86.49579588799594, -166.12256736166302, 210.48416518931427), 42.96509790420532)
Day:2 
(2, 30, 200, -14275.79428141731, 833965.0, (-115.04177757098459, 86.49579588799594, -166.12256736166302, 210.48416518931427), 42.81538200378418)
Day:2 
(2, 31, 200, -14275.79428141731, 833965.0, (-115.04177757098459, 86.49579588799594, -166.12256736166302, 210.48416518931427), 42.989585876464844)
Day:2 
(2, 32, 200, -14266.126528004956, 815958.0, (-115.04177757098459, 86.49579588799594, -166.12256736166302, 210.48416518931427), 42.92030310630798)
Day:2 
(2, 33, 200, -14266.126528004956, 815958.0, (-115.04177757098459, 86.49579588799594, -166.12256736166302, 210.48416518931427), 42.816750049591064)
Day:2 
(2, 34, 200, -14266.126528004956, 815958.0, (-115.04177757098459, 86.49579588799594, -166.12256736166302, 210.48416518931427), 42.40724802017212)
Day:2 
(2, 35, 200, -14266.126528004956, 815958.0, (-115.04177757098459, 86.49579588799594, -166.12256736166302, 210.48416518931427), 43.02328085899353)
Day:2 
(2, 36, 200, -14266.126528004956, 815958.0, (-115.04177757098459, 86.49579588799594, -166.12256736166302, 210.48416518931427), 43.02980613708496)
Day:2 
(2, 37, 200, -14266.126528004956, 815958.0, (-115.04177757098459, 86.49579588799594, -166.12256736166302, 210.48416518931427), 43.592782974243164)
Day:2 
(2, 38, 200, -14266.126528004956, 815958.0, (-115.04177757098459, 86.49579588799594, -166.12256736166302, 210.48416518931427), 42.774625062942505)