
Day:1 
(1, 0, 200, -16241.4653157519, 1240637.0, (1.0871706152838099, 35.99086294515813, 0.08199986520653592, 0.93058065197925), 6.078415155410767)
Day:1 
(1, 1, 200, -16074.741608864004, 1221502.0, (6.959864024303794, 35.99086294515813, 16.674965861503537, 0.93058065197925), 11.361308813095093)
Day:1 
(1, 2, 200, -26.910898160544594, 484.0, (0.5749440429203636, 1.941302270516183, 16.674965861503537, 14.949999242973767), 11.121585130691528)
Day:1 
(1, 3, 200, -26.285984087435317, 1225.0, (0.5749440429203636, 6.913766084658276, 0.9349381583980667, 14.949999242973767), 11.053222894668579)
Day:1 
(1, 4, 200, -24.61688119786556, 36.0, (9.259003363098474, 0.34512349331360875, 0.3559577215051889, 14.949999242973767), 10.804738998413086)
Day:1 
(1, 5, 200, -27.211720081290558, 49.0, (8.108923211187673, 0.05372345652374032, 29.165980995466253, 14.949999242973767), 10.981600999832153)
Day:1 
(1, 6, 200, -24.76640552285261, 625.0, (0.20961874530785732, 5.372793104043828, 0.5844350832666092, 14.949999242973767), 11.180485963821411)
Day:1 
(1, 7, 200, -22.946192018985386, 225.0, (0.20961874530785732, 1.0642171927178314, 1.0619841872418925, 7.519571391912454), 11.183542013168335)
Day:1 
(1, 8, 200, -22.351715095575116, 81.0, (0.034285996455008245, 2.0544734115941954, 1.0619841872418925, 8.358591796631977), 11.165584087371826)
Day:1 
(1, 9, 200, -22.077112372656934, 841.0, (0.034285996455008245, 0.17029385779048103, 0.3506748257961716, 4.746562188240836), 11.240458011627197)
Day:1 
(1, 10, 200, -20.122062282715866, 9.0, (0.01962100594077353, 0.26566237778622076, 0.3506748257961716, 6.60916150184065), 11.426970958709717)
Day:1 
(1, 11, 200, -20.496245233702687, 324.0, (0.01962100594077353, 0.26566237778622076, 0.3506748257961716, 7.212019461098782), 11.88145399093628)
Day:1 
(1, 12, 200, -20.617841640730262, 36.0, (0.01962100594077353, 1.7808097969977177, 0.05259795271238028, 10.635656219564988), 10.756147146224976)
Day:1 
(1, 13, 200, -20.357226099114413, 225.0, (0.01962100594077353, 1.7808097969977177, 0.009126733561412434, 15.610086351986773), 11.239441871643066)
Day:1 
(1, 14, 200, -28.80219330131454, 82.0, (0.973964336461756, 1.7808097969977177, 2.1122505500191098, 5.722853208245606), 11.105441093444824)
Day:1 
(1, 15, 200, -24.447120755791744, 121.0, (2.3858805318010763, 1.7808097969977177, 0.0773516048030944, 23.516986656363976), 11.109989881515503)
Day:1 
(1, 16, 200, -29.9265685143559, 1089.0, (4.817529470599893, 1.4656090210880954, 4.315129487014454, 54.285847509448686), 11.118700981140137)
Day:1 
(1, 17, 200, -27.92957773513293, 841.0, (4.817529470599893, 5.534303188754771, 4.64950446055695, 13.537794672924692), 10.959226131439209)
Day:1 
(1, 18, 200, -25.769728736408513, 289.0, (0.3284985455621473, 5.534303188754771, 4.4954758490696864, 13.537794672924692), 11.478574991226196)
Day:1 
(1, 19, 200, -26.918918597034683, 484.0, (1.406283162294282, 5.534303188754771, 3.9569253631440486, 17.05235593212557), 10.549133062362671)
Day:1 
(1, 20, 200, -28.10955517050715, 4.0, (3.271369878337185, 17.044944167946934, 3.9569253631440486, 17.05235593212557), 10.13419795036316)
Day:1 
(1, 21, 200, -29.022891620227753, 729.0, (4.493149047688471, 3.911319992594241, 15.222423272208845, 18.352700598563626), 9.286402940750122)
Day:1 
(1, 22, 200, -24.203996562193083, 36.0, (5.15040226093542, 0.001904321559259603, 15.222423272208845, 15.941453395188342), 9.411477088928223)
Day:1 
(1, 23, 200, -23.245768388944903, 1.0, (3.563021359426056, 0.00017349828102514037, 22.17488955627077, 15.941453395188342), 9.53153395652771)
Day:1 
(1, 24, 200, -24.80732745270015, 36.0, (0.0038178784081293517, 2.032011282015447, 14.130514868199084, 29.146980701779327), 9.543551921844482)
Day:1 
(1, 25, 200, -24.89840568767725, 196.0, (8.588660540183591, 2.032011282015447, 0.11355243932189936, 12.554487165041852), 9.544883966445923)
Day:2 
(2, 0, 200, -14353.969390353455, 1018030.0, (8.588660540183591, 2.032011282015447, 0.11355243932189936, 12.554487165041852), 12.068207025527954)
Day:2 
(2, 1, 200, -2166.1911151829077, 212848.0, (2.3566780103691203, 1.5187397928045057, 0.11355243932189936, 3.0106544134142244), 179.99253106117249)
Day:2 
(2, 2, 200, -1248.0451032360013, 67513.0, (2.3566780103691203, 1.5187397928045057, 10.30606110624592, 3.0106544134142244), 225.23275208473206)
Day:2 
(2, 3, 200, -938.0289272731592, 61458.0, (2.3566780103691203, 1.5187397928045057, 2.6247105328202887, 3.0106544134142244), 249.74802684783936)
Day:2 
(2, 4, 200, -905.8409171260968, 59180.0, (2.3566780103691203, 1.5187397928045057, 2.6247105328202887, 3.0106544134142244), 322.1651699542999)
Day:2 
(2, 5, 200, -903.5862359198153, 58541.0, (2.3566780103691203, 1.5187397928045057, 2.6247105328202887, 3.0106544134142244), 291.3827791213989)
Day:2 
(2, 6, 200, -879.5145997657576, 56185.0, (2.3566780103691203, 1.5187397928045057, 2.6247105328202887, 3.0106544134142244), 292.2750060558319)
Day:2 
(2, 7, 200, -867.3586008438424, 56342.0, (2.3566780103691203, 1.5187397928045057, 2.6247105328202887, 3.0106544134142244), 273.7144298553467)
Day:2 
(2, 8, 200, -840.4511890394597, 53940.0, (2.3566780103691203, 1.5187397928045057, 2.6247105328202887, 3.0106544134142244), 270.7042691707611)
Day:2 
(2, 9, 200, -841.6640902439574, 52727.0, (2.3566780103691203, 1.5187397928045057, 2.6247105328202887, 3.0106544134142244), 247.09732699394226)
Day:2 
(2, 10, 200, -850.9571886754646, 52726.0, (2.3566780103691203, 1.5187397928045057, 2.6247105328202887, 3.0106544134142244), 290.7482089996338)
Day:2 
(2, 11, 200, -847.8880260539297, 52683.0, (2.3566780103691203, 1.5187397928045057, 2.6247105328202887, 3.0106544134142244), 265.2138068675995)
Day:2 
(2, 12, 200, -836.0161260599721, 51981.0, (2.3566780103691203, 1.5187397928045057, 2.6247105328202887, 3.0106544134142244), 282.8184189796448)
Day:2 
(2, 13, 200, -841.3021504906908, 51931.0, (2.3566780103691203, 1.5187397928045057, 2.6247105328202887, 3.0106544134142244), 304.55056500434875)
Day:2 
(2, 14, 200, -624.814895915227, 39140.0, (1.896234230674522, 1.5187397928045057, 6.036585557464826, 3.0106544134142244), 155.51984810829163)
Day:2 
(2, 15, 200, -592.992511450414, 38141.0, (1.896234230674522, 1.5187397928045057, 6.036585557464826, 3.0106544134142244), 193.46750402450562)
Day:2 
(2, 16, 200, -592.3498553027647, 36789.0, (1.896234230674522, 1.5187397928045057, 6.036585557464826, 3.0106544134142244), 215.5901780128479)
Day:2 
(2, 17, 200, -582.8339813312373, 37031.0, (1.896234230674522, 1.5187397928045057, 6.036585557464826, 3.0106544134142244), 190.36930799484253)
Day:2 
(2, 18, 200, -565.6071580553901, 36598.0, (1.896234230674522, 1.5187397928045057, 6.036585557464826, 3.0106544134142244), 204.13699579238892)
Day:2 
(2, 19, 200, -552.5844233288087, 34597.0, (1.896234230674522, 1.5187397928045057, 6.036585557464826, 3.0106544134142244), 187.58622813224792)
Day:2 
(2, 20, 200, -544.2803899488591, 33517.0, (1.896234230674522, 1.5187397928045057, 6.036585557464826, 3.0106544134142244), 201.8687379360199)
Day:2 
(2, 21, 200, -544.0162482950775, 33374.0, (1.896234230674522, 1.5187397928045057, 6.036585557464826, 3.0106544134142244), 230.4365050792694)
Day:2 
(2, 22, 200, -539.8499430462992, 32851.0, (1.896234230674522, 1.5187397928045057, 6.036585557464826, 3.0106544134142244), 191.30557298660278)
Day:2 
(2, 23, 200, -544.6410979707206, 32688.0, (1.896234230674522, 1.5187397928045057, 6.036585557464826, 3.0106544134142244), 201.96808195114136)
Day:2 
(2, 24, 200, -547.2176846969827, 32571.0, (1.896234230674522, 1.5187397928045057, 6.036585557464826, 3.0106544134142244), 224.14223408699036)
Day:2 
(2, 25, 200, -541.1868739783939, 32509.0, (1.896234230674522, 1.5187397928045057, 6.036585557464826, 3.0106544134142244), 191.1736879348755)