
Day:1 
(1, 0, 100, -6962.042989241089, 1071090.0, (1.338824556409027, 7.723460572504613, 2.8810269433988074, 1.1444777279425529), 4.378680944442749)
Day:1 
(1, 1, 100, -28.986879355103795, 196.0, (13.977071999965963, 3.1723503363052385, 19.567230309909384, 22.7639156069831), 29.848273992538452)
Day:1 
(1, 2, 100, -27.93279527926596, 81.0, (8.84004517907574, 11.93731982909827, 1.9180622489286052, 27.26232553245235), 30.37020707130432)
Day:1 
(1, 3, 100, -25.3296388054376, 1.0, (0.2586791038625672, 2.5268014603954496, 11.454209116464055, 5.485084647108433), 30.23655080795288)
Day:1 
(1, 4, 100, -26.128582041350878, 9.0, (5.406691592379076, 2.0386070542430903, 4.0084482345486885, 21.245854522499613), 32.1902961730957)
Day:1 
(1, 5, 100, -27.555420418009664, 4.0, (16.47750059688648, 7.001130803329232, 6.365557482944978, 17.1318094879459), 31.399194955825806)
Day:1 
(1, 6, 100, -27.516075232869003, 49.0, (2.301024924719973, 0.1272754696912959, 30.302163056017726, 13.392112629957516), 30.458302974700928)
Day:1 
(1, 7, 100, -25.920232683172475, 121.0, (4.5004618679299995, 7.465583978876307, 5.630344647567445, 11.931848882579672), 30.4046049118042)
Day:1 
(1, 8, 100, -27.06902993562374, 1.0, (4.755649258149253, 5.263024834450657, 3.5651452533859165, 28.580141889224038), 31.046385049819946)
Day:1 
(1, 9, 100, -27.01651320758538, 121.0, (0.07769501833397917, 9.413886618260381, 1.9256360279542446, 28.96457654595883), 29.793586015701294)
Day:1 
(1, 10, 100, -26.468035651984966, 49.0, (1.6285760898400004, 5.457965412599448, 14.164821973008356, 14.464244542752219), 30.845350980758667)
Day:1 
(1, 11, 100, -28.477618626493012, 144.0, (0.1275359851621182, 16.321991382839478, 6.6615874620596465, 31.781953013366042), 31.74603295326233)
Day:1 
(1, 12, 100, -27.434912742396605, 784.0, (8.294107053718465, 2.8770336315517366, 6.748843786277252, 19.823966758072437), 31.63044810295105)
Day:1 
(1, 13, 100, -27.50953912699544, 25.0, (2.13402725718248, 0.1911174508535782, 2.9263747939745346, 41.10810078193984), 31.73307204246521)
Day:1 
(1, 14, 100, -28.629257793558185, 400.0, (2.79657873644326, 9.461698629051497, 21.44522692850585, 20.21622724671603), 30.945128917694092)
Day:1 
(1, 15, 100, -27.010893265463746, 1156.0, (5.147784286950394, 1.5033821020124412, 1.3384821013687684, 22.407297878340422), 31.521236896514893)
Day:1 
(1, 16, 100, -25.776944054861872, 400.0, (1.6449211753282664, 2.0066995436149244, 0.16523776756479683, 21.579735667928084), 30.626397132873535)
Day:1 
(1, 17, 100, -29.057242864144225, 961.0, (12.028505516856836, 2.7725993352037275, 10.406548981532517, 26.93388925416944), 31.06012797355652)
Day:1 
(1, 18, 100, -28.612809161563394, 961.0, (9.562923440959024, 7.4130279991159735, 11.259158246458206, 20.07023848064966), 30.974994897842407)
Day:1 
(1, 19, 100, -29.21238648332756, 484.0, (10.806820302562777, 17.044925323225552, 12.14836911528793, 15.32703622813342), 30.770193099975586)
Day:1 
(1, 20, 100, -27.88785553896521, 196.0, (13.73447632581966, 0.7574884912543536, 20.90914945827174, 13.037523995478638), 31.565596103668213)
Day:1 
(1, 21, 100, -28.010689367339342, 1.0, (1.5773216095813878, 7.956628372655434, 24.975910762347972, 17.08070442699955), 30.918001890182495)
Day:1 
(1, 22, 100, -30.979487509678545, 4356.0, (0.6424854722976808, 7.341563834515202, 2.6610425486603733, 28.77521371450093), 30.662835121154785)
Day:1 
(1, 23, 100, -31.13641914247106, 1849.0, (15.288823436670423, 10.111639783141161, 13.387409283594517, 24.945924588568168), 31.942078828811646)
Day:1 
(1, 24, 100, -29.095085952869177, 1600.0, (0.06867240683028579, 14.691647239265306, 14.733753269683316, 16.412546944442564), 31.43809413909912)
Day:1 
(1, 25, 100, -34.6537189677593, 227.0, (4.775128296633203, 7.700693422082813, 5.852242793683582, 8.679794747057056), 32.28434181213379)
Day:1 
(1, 26, 100, -26.102652754300262, 64.0, (2.418000916631587, 5.522092481669489, 12.486094542052752, 11.490176051076814), 31.342534065246582)
Day:1 
(1, 27, 100, -25.54938035889815, 49.0, (9.699299208836349, 0.6631885222787455, 3.712759745810972, 12.376134823679873), 31.468263149261475)
Day:1 
(1, 28, 100, -30.3943165976542, 169.0, (0.7217469701291157, 3.4679221231307302, 13.492053601857883, 56.13558218756804), 31.59345293045044)
Day:1 
(1, 29, 100, -26.808490990174032, 400.0, (4.050914305481578, 10.830738989086262, 2.2574306401720725, 18.292942081843783), 31.849698066711426)
Day:1 
(1, 30, 100, -28.569472191898374, 361.0, (12.001411444515885, 4.259633072412392, 0.24671132065039342, 36.93498875863864), 32.525346994400024)
Day:1 
(1, 31, 100, -29.819293864997483, 1225.0, (8.55517329309284, 2.1749928252210995, 34.07609235886158, 8.918596435079944), 31.95850896835327)
Day:1 
(1, 32, 100, -28.52219017437053, 784.0, (8.144261299456485, 5.196373890067863, 12.294181338090457, 22.981909023446597), 30.93901300430298)
Day:1 
(1, 33, 100, -30.217181338713985, 625.0, (7.601614529667584, 8.328033238377106, 17.71949612931717, 33.96164453186712), 32.18910503387451)
Day:1 
(1, 34, 100, -28.1002132188688, 16.0, (4.481358052489265, 6.409322597007083, 27.091321282878717, 8.383081765455298), 31.818352937698364)
Day:1 
(1, 35, 100, -28.769928411297872, 1024.0, (0.05049970880628598, 19.164495423581762, 13.336530935280356, 11.48797859679356), 31.716904878616333)
Day:1 
(1, 36, 100, -31.909267061875646, 121.0, (12.076666300207824, 12.665198705108734, 3.377047810949938, 61.19041993714358), 31.36222815513611)
Day:1 
(1, 37, 100, -27.01706552878774, 169.0, (3.2510960312141046, 6.828992096540336, 15.799645933926648, 14.165032156631263), 31.64351487159729)
Day:1 
(1, 38, 100, -25.544536411722472, 256.0, (0.772903350105016, 10.006857775146685, 2.3654043325443928, 10.090528898878738), 30.44867706298828)
Day:1 
(1, 39, 100, -26.42430731438126, 196.0, (1.219315177169606, 3.7947958317813333, 4.308797456949736, 24.53193938132005), 32.48788809776306)
Day:1 
(1, 40, 100, -26.083974318429256, 1.0, (6.441459844175883, 0.16842961022536368, 16.933408087886498, 8.226155058054001), 31.37609601020813)
Day:1 
(1, 41, 100, -30.285284662702935, 16.0, (6.332777441632697, 2.9385867571064934, 2.351362795526915, 62.53842855940017), 32.08813285827637)
Day:1 
(1, 42, 100, -29.046864067564243, 9.0, (2.7657097728166957, 10.501015210371776, 19.808147974893302, 28.807548707721477), 30.88413906097412)
Day:1 
(1, 43, 100, -25.563961348312883, 225.0, (1.5224472010238088, 5.135494853301625, 7.637778260670904, 7.081640828763095), 32.4592170715332)
Day:1 
(1, 44, 100, -26.28296183766595, 16.0, (9.478000655762315, 4.771195487386583, 2.978240350029357, 16.951121010747777), 32.60431694984436)
Day:1 
(1, 45, 100, -27.973179091028253, 196.0, (14.50434803845783, 0.021271395530689748, 15.8087757503798, 18.841722720858378), 30.588618993759155)
Day:1 
(1, 46, 100, -26.066357738742774, 16.0, (5.472446743966445, 1.1932741724164047, 11.202452275607882, 14.103709329471759), 31.94517207145691)
Day:1 
(1, 47, 100, -24.09136967194547, 100.0, (0.11832620154918959, 2.368983530045913, 1.205500257235532, 7.0414020579940955), 31.841051816940308)
Day:1 
(1, 48, 100, -25.632028483963655, 841.0, (1.6581247902284255, 4.441553520548372, 3.5182817020490442, 9.479301843988651), 31.53015899658203)
Day:1 
(1, 49, 100, -26.992756957891558, 100.0, (0.26544904784628043, 0.5907089538935003, 12.24716344173261, 27.36763426048031), 31.967216968536377)
Day:1 
(1, 50, 100, -25.397658913352192, 289.0, (1.8571896054076555, 1.34808985036524, 7.705515408777986, 11.5538515847313), 31.838855028152466)
Day:2 
(2, 0, 100, -14398.010199294891, 1103665.0, (1.8571896054076555, 1.34808985036524, 7.705515408777986, 11.5538515847313), 10.484348058700562)
Day:2 
(2, 1, 100, -626.7297499614652, 42334.0, (1.0965478027709037, 3.843961376408721, 5.444970402936752, 3.895644723729008), 332.1779029369354)
Day:2 
(2, 2, 100, -617.7603932783288, 42430.0, (1.0965478027709037, 3.843961376408721, 5.444970402936752, 3.895644723729008), 429.43987798690796)
Day:2 
(2, 3, 100, -622.0203497881258, 41650.0, (1.0965478027709037, 3.843961376408721, 5.444970402936752, 3.895644723729008), 379.96080017089844)
Day:2 
(2, 4, 100, -163.70040917178358, 13717.0, (5.498401555366453, 6.567843487972946, 9.092118324269423, 8.790988041819187), 309.4814829826355)
Day:2 
(2, 5, 100, -160.89783481638986, 12742.0, (5.498401555366453, 6.567843487972946, 9.092118324269423, 8.790988041819187), 213.42951583862305)
Day:2 
(2, 6, 100, -160.05112737299334, 12677.0, (5.498401555366453, 6.567843487972946, 9.092118324269423, 8.790988041819187), 165.22865509986877)
Day:2 
(2, 7, 100, -159.82838277092114, 12586.0, (5.498401555366453, 6.567843487972946, 9.092118324269423, 8.790988041819187), 180.56478309631348)
Day:2 
(2, 8, 100, -158.7513308648059, 13064.0, (5.498401555366453, 6.567843487972946, 9.092118324269423, 8.790988041819187), 185.49325299263)
Day:2 
(2, 9, 100, -156.61815445399645, 11845.0, (5.498401555366453, 6.567843487972946, 9.092118324269423, 8.790988041819187), 224.60143995285034)
Day:2 
(2, 10, 100, -157.32104270932464, 10454.0, (5.498401555366453, 6.567843487972946, 9.092118324269423, 8.790988041819187), 177.52869987487793)
Day:2 
(2, 11, 100, -157.85196432137568, 10538.0, (5.498401555366453, 6.567843487972946, 9.092118324269423, 8.790988041819187), 204.00190114974976)
Day:2 
(2, 12, 100, -160.85887086921085, 9971.0, (5.498401555366453, 6.567843487972946, 9.092118324269423, 8.790988041819187), 239.67369890213013)
Day:2 
(2, 13, 100, -155.2313795407905, 10124.0, (5.498401555366453, 6.567843487972946, 9.092118324269423, 8.790988041819187), 216.7036910057068)
Day:2 
(2, 14, 100, -158.5727714007469, 11940.0, (5.498401555366453, 6.567843487972946, 9.092118324269423, 8.790988041819187), 222.13545393943787)
Day:2 
(2, 15, 100, -162.7047626423673, 10024.0, (5.498401555366453, 6.567843487972946, 9.092118324269423, 8.790988041819187), 183.06116318702698)
Day:2 
(2, 16, 100, -156.19796193130404, 10073.0, (5.498401555366453, 6.567843487972946, 9.092118324269423, 8.790988041819187), 237.15676379203796)
Day:2 
(2, 17, 100, -159.39078894655242, 15112.0, (5.498401555366453, 6.567843487972946, 9.092118324269423, 8.790988041819187), 209.4872100353241)
Day:2 
(2, 18, 100, -160.43809940163118, 16101.0, (5.498401555366453, 6.567843487972946, 9.092118324269423, 8.790988041819187), 273.1857030391693)
Day:2 
(2, 19, 100, -159.38758624298336, 15041.0, (5.498401555366453, 6.567843487972946, 9.092118324269423, 8.790988041819187), 206.4822540283203)
Day:2 
(2, 20, 100, -158.5022264057645, 10764.0, (5.498401555366453, 6.567843487972946, 9.092118324269423, 8.790988041819187), 193.74180102348328)
Day:2 
(2, 21, 100, -155.06764352870044, 9811.0, (5.498401555366453, 6.567843487972946, 9.092118324269423, 8.790988041819187), 198.18404388427734)
Day:2 
(2, 22, 100, -158.36373597427175, 9565.0, (5.498401555366453, 6.567843487972946, 9.092118324269423, 8.790988041819187), 206.64192914962769)
Day:2 
(2, 23, 100, -155.1617127356835, 13021.0, (5.498401555366453, 6.567843487972946, 9.092118324269423, 8.790988041819187), 201.66101098060608)
Day:2 
(2, 24, 100, -157.94442451504796, 11983.0, (5.498401555366453, 6.567843487972946, 9.092118324269423, 8.790988041819187), 188.49789190292358)
Day:2 
(2, 25, 100, -158.1007155710373, 12938.0, (5.498401555366453, 6.567843487972946, 9.092118324269423, 8.790988041819187), 221.34340000152588)
Day:2 
(2, 26, 100, -157.09200475357542, 11896.0, (5.498401555366453, 6.567843487972946, 9.092118324269423, 8.790988041819187), 216.99182200431824)
Day:2 
(2, 27, 100, -156.23391083802443, 11259.0, (5.498401555366453, 6.567843487972946, 9.092118324269423, 8.790988041819187), 228.96323704719543)
Day:2 
(2, 28, 100, -163.31331362451695, 11889.0, (5.498401555366453, 6.567843487972946, 9.092118324269423, 8.790988041819187), 175.12052202224731)
Day:2 
(2, 29, 100, -163.19619138780487, 10791.0, (5.498401555366453, 6.567843487972946, 9.092118324269423, 8.790988041819187), 188.67041492462158)
Day:2 
(2, 30, 100, -160.8735962449328, 11208.0, (5.498401555366453, 6.567843487972946, 9.092118324269423, 8.790988041819187), 187.8143150806427)
Day:2 
(2, 31, 100, -158.7018359728738, 8622.0, (5.498401555366453, 6.567843487972946, 9.092118324269423, 8.790988041819187), 233.9065580368042)
Day:2 
(2, 32, 100, -162.4448323753698, 9489.0, (5.498401555366453, 6.567843487972946, 9.092118324269423, 8.790988041819187), 223.90156388282776)
Day:2 
(2, 33, 100, -158.4467719377492, 7828.0, (5.498401555366453, 6.567843487972946, 9.092118324269423, 8.790988041819187), 185.66834115982056)
Day:2 
(2, 34, 100, -162.81188211237966, 15535.0, (5.498401555366453, 6.567843487972946, 9.092118324269423, 8.790988041819187), 209.70143699645996)
Day:2 
(2, 35, 100, -162.04703971946307, 13499.0, (5.498401555366453, 6.567843487972946, 9.092118324269423, 8.790988041819187), 214.80750679969788)
Day:2 
(2, 36, 100, -158.4051457646726, 12741.0, (5.498401555366453, 6.567843487972946, 9.092118324269423, 8.790988041819187), 172.44326210021973)
Day:2 
(2, 37, 100, -159.20939978176054, 10673.0, (5.498401555366453, 6.567843487972946, 9.092118324269423, 8.790988041819187), 232.5163390636444)
Day:2 
(2, 38, 100, -160.8414408030427, 10824.0, (5.498401555366453, 6.567843487972946, 9.092118324269423, 8.790988041819187), 205.74843502044678)
Day:2 
(2, 39, 100, -160.8559416986328, 11567.0, (5.498401555366453, 6.567843487972946, 9.092118324269423, 8.790988041819187), 206.8264718055725)
Day:2 
(2, 40, 100, -160.25895806341723, 12272.0, (5.498401555366453, 6.567843487972946, 9.092118324269423, 8.790988041819187), 232.99503707885742)
Day:2 
(2, 41, 100, -165.60928212800718, 11602.0, (5.498401555366453, 6.567843487972946, 9.092118324269423, 8.790988041819187), 192.18875193595886)
Day:2 
(2, 42, 100, -163.63669684035636, 11368.0, (5.498401555366453, 6.567843487972946, 9.092118324269423, 8.790988041819187), 212.27790999412537)
Day:2 
(2, 43, 100, -162.14534749843793, 11604.0, (5.498401555366453, 6.567843487972946, 9.092118324269423, 8.790988041819187), 196.74915218353271)
Day:2 
(2, 44, 100, -162.16634257226906, 11843.0, (5.498401555366453, 6.567843487972946, 9.092118324269423, 8.790988041819187), 172.0050368309021)
Day:2 
(2, 45, 100, -157.82988203851974, 11339.0, (5.498401555366453, 6.567843487972946, 9.092118324269423, 8.790988041819187), 222.66600704193115)
Day:2 
(2, 46, 100, -158.6148554381474, 11152.0, (5.498401555366453, 6.567843487972946, 9.092118324269423, 8.790988041819187), 202.12245893478394)
Day:2 
(2, 47, 100, -161.52725743628935, 13276.0, (5.498401555366453, 6.567843487972946, 9.092118324269423, 8.790988041819187), 225.32325506210327)
Day:2 
(2, 48, 100, -161.12075666787814, 16157.0, (5.498401555366453, 6.567843487972946, 9.092118324269423, 8.790988041819187), 205.8563470840454)
Day:2 
(2, 49, 100, -160.30140291080977, 11766.0, (5.498401555366453, 6.567843487972946, 9.092118324269423, 8.790988041819187), 215.16365790367126)
Day:2 
(2, 50, 100, -165.18406383390405, 11116.0, (5.498401555366453, 6.567843487972946, 9.092118324269423, 8.790988041819187), 191.84015703201294)