
Day:1 
(1, 0, 200, -6274.282821270399, 1370815.0, (6.241966397440505, 16.754008198125245, 2.365947106983033, 7.5791852963539865), 6.073960065841675)
Day:1 
(1, 1, 200, -25.485381731691447, 81.0, (0.4802563525656073, 2.4863053838296585, 12.084315707416762, 7.5791852963539865), 11.18758487701416)
Day:1 
(1, 2, 200, -25.505793237011844, 225.0, (3.4547964010344825, 0.25108826661153516, 11.841150700815659, 7.5791852963539865), 11.155562162399292)
Day:1 
(1, 3, 200, -23.195602552952497, 324.0, (2.1277949163457817, 0.028154738515674575, 4.205557018549265, 6.8883816835934235), 10.954169988632202)
Day:1 
(1, 4, 200, -25.36659598772329, 361.0, (3.418610582454583, 0.028154738515674575, 8.220376390345201, 21.43894651485126), 11.157908916473389)
Day:1 
(1, 5, 200, -26.973200048388414, 256.0, (2.0325532426470416, 1.7071415214031365, 10.110632700318293, 17.857401554309796), 10.982650995254517)
Day:1 
(1, 6, 200, -25.803288138771045, 225.0, (2.0325532426470416, 1.8576814725665418, 2.0889703416099614, 17.857401554309796), 11.64450192451477)
Day:1 
(1, 7, 200, -29.488604664410627, 49.0, (12.619215958501336, 5.229275882138877, 16.081995843570056, 17.857401554309796), 10.842451095581055)
Day:1 
(1, 8, 200, -30.15422795562116, 576.0, (6.666706229711577, 12.398560855960607, 16.077645735906497, 17.70222090612533), 11.022502899169922)
Day:1 
(1, 9, 200, -29.249517827320656, 196.0, (0.9980750474505939, 12.398560855960607, 26.10997273063931, 17.115855217610427), 11.188261032104492)
Day:1 
(1, 10, 200, -24.66494510294937, 16.0, (11.97822186729293, 0.3469968656519956, 0.16942871321735312, 17.115855217610427), 11.044913053512573)
Day:1 
(1, 11, 200, -27.77076748770909, 289.0, (4.1323393653173675, 10.485541230799557, 3.226530892299725, 16.274920382019996), 10.391649007797241)
Day:1 
(1, 12, 200, -23.658999930785182, 64.0, (0.024818307637444848, 1.462870516368914, 4.940658426984686, 16.252265748997022), 11.241410970687866)
Day:1 
(1, 13, 200, -25.461797210031513, 4.0, (0.024818307637444848, 2.9804960685264006, 23.37872754841346, 13.130678671083453), 10.903291940689087)
Day:1 
(1, 14, 200, -24.725384975224234, 100.0, (2.327863999026852, 0.0713788070447539, 7.797924549196157, 14.591018906883052), 10.892359972000122)
Day:1 
(1, 15, 200, -27.560307383805377, 256.0, (0.7908141980741175, 0.26060319129136966, 43.476781103658546, 14.591018906883052), 10.900223016738892)
Day:1 
(1, 16, 200, -26.745266024426996, 225.0, (0.47753145367771843, 7.512709893038883, 11.63055870447628, 11.124552834980921), 11.256036043167114)
Day:1 
(1, 17, 200, -29.543652217446947, 25.0, (4.473551526337148, 8.232039150582407, 27.93283088177676, 14.885046031489258), 11.145895957946777)
Day:1 
(1, 18, 200, -29.64459488328235, 289.0, (0.09275609559599216, 34.52397051584568, 21.451441550494714, 20.375867159016096), 10.980785131454468)
Day:1 
(1, 19, 200, -29.06042324109074, 441.0, (1.7427418332130598, 8.222468751007996, 17.76677508448507, 20.375867159016096), 11.513033866882324)
Day:1 
(1, 20, 200, -28.764368431932226, 9.0, (19.305043232036567, 10.421268498584926, 1.2320503204531126, 20.375867159016096), 11.035391092300415)
Day:1 
(1, 21, 200, -31.79099048227691, 1296.0, (3.378031369558573, 20.532482347711454, 25.646976054460783, 18.631405427637688), 10.45969009399414)
Day:1 
(1, 22, 200, -24.738573217990552, 100.0, (9.11168308165292, 0.026412083485138783, 1.4395737594937743, 23.079662203652756), 9.38464879989624)
Day:1 
(1, 23, 200, -26.628335702634228, 484.0, (4.9835136157558635, 4.95821044576246, 0.2824291087137818, 23.079662203652756), 9.657616138458252)
Day:1 
(1, 24, 200, -19.721524296770603, 841.0, (0.0012614474960549822, 0.2612146159379346, 0.2824291087137818, 8.967827103532889), 9.237753868103027)
Day:1 
(1, 25, 200, -25.4129240781208, 16.0, (0.9884094735720004, 3.3035725076008813, 3.8968499415668516, 11.45494221351113), 9.231913089752197)
Day:2 
(2, 0, 200, -14380.398279446896, 1068925.0, (0.9884094735720004, 3.3035725076008813, 3.8968499415668516, 11.45494221351113), 11.865384101867676)
Day:2 
(2, 1, 200, -1061.2334090891316, 110688.0, (0.9884094735720004, 4.794751825034008, 18.141854509076147, 11.45494221351113), 115.53065800666809)
Day:2 
(2, 2, 200, -674.0236075066035, 57830.0, (0.9884094735720004, 7.813201536424382, 18.141854509076147, 11.45494221351113), 50.97710990905762)
Day:2 
(2, 3, 200, -633.4475999909113, 52509.0, (0.9884094735720004, 7.813201536424382, 18.141854509076147, 11.45494221351113), 53.35911798477173)
Day:2 
(2, 4, 200, -593.5267298450808, 51237.0, (0.9884094735720004, 7.813201536424382, 18.141854509076147, 11.45494221351113), 46.68309307098389)
Day:2 
(2, 5, 200, -577.1766325796434, 50809.0, (0.9884094735720004, 7.813201536424382, 18.141854509076147, 11.45494221351113), 56.61752796173096)
Day:2 
(2, 6, 200, -579.0427165391859, 51712.0, (0.9884094735720004, 7.813201536424382, 18.141854509076147, 11.45494221351113), 50.62544298171997)
Day:2 
(2, 7, 200, -579.0692158834714, 51387.0, (0.9884094735720004, 7.813201536424382, 18.141854509076147, 11.45494221351113), 48.4138879776001)
Day:2 
(2, 8, 200, -578.4304126269996, 51425.0, (0.9884094735720004, 7.813201536424382, 18.141854509076147, 11.45494221351113), 44.897233963012695)
Day:2 
(2, 9, 200, -579.8002208000406, 51585.0, (0.9884094735720004, 7.813201536424382, 18.141854509076147, 11.45494221351113), 42.75146508216858)
Day:2 
(2, 10, 200, -577.6519078729846, 51155.0, (0.9884094735720004, 7.813201536424382, 18.141854509076147, 11.45494221351113), 60.05276393890381)
Day:2 
(2, 11, 200, -568.6152001897884, 49466.0, (0.9884094735720004, 7.813201536424382, 18.141854509076147, 11.45494221351113), 42.978652000427246)
Day:2 
(2, 12, 200, -569.1219701248245, 49751.0, (0.9884094735720004, 7.813201536424382, 18.141854509076147, 11.45494221351113), 49.94318699836731)
Day:2 
(2, 13, 200, -570.9887839954308, 49375.0, (0.9884094735720004, 7.813201536424382, 18.141854509076147, 11.45494221351113), 54.03442907333374)
Day:2 
(2, 14, 200, -571.7675880736668, 50090.0, (0.9884094735720004, 7.813201536424382, 18.141854509076147, 11.45494221351113), 48.83514904975891)
Day:2 
(2, 15, 200, -569.1424394861689, 49694.0, (0.9884094735720004, 7.813201536424382, 18.141854509076147, 11.45494221351113), 54.142040967941284)
Day:2 
(2, 16, 200, -568.428529555093, 48467.0, (0.9884094735720004, 7.813201536424382, 18.141854509076147, 11.45494221351113), 50.17482900619507)
Day:2 
(2, 17, 200, -565.926832533896, 48335.0, (0.9884094735720004, 7.813201536424382, 18.141854509076147, 11.45494221351113), 63.584847927093506)
Day:2 
(2, 18, 200, -566.4399954500406, 48205.0, (0.9884094735720004, 7.813201536424382, 18.141854509076147, 11.45494221351113), 55.7626519203186)
Day:2 
(2, 19, 200, -568.833358854883, 48445.0, (0.9884094735720004, 7.813201536424382, 18.141854509076147, 11.45494221351113), 44.97303605079651)
Day:2 
(2, 20, 200, -564.508900421169, 48193.0, (0.9884094735720004, 7.813201536424382, 18.141854509076147, 11.45494221351113), 49.98159694671631)
Day:2 
(2, 21, 200, -564.274191870149, 48274.0, (0.9884094735720004, 7.813201536424382, 18.141854509076147, 11.45494221351113), 48.59425902366638)
Day:2 
(2, 22, 200, -567.7572765605242, 48355.0, (0.9884094735720004, 7.813201536424382, 18.141854509076147, 11.45494221351113), 67.0333981513977)
Day:2 
(2, 23, 200, -565.7243453973298, 47622.0, (0.9884094735720004, 7.813201536424382, 18.141854509076147, 11.45494221351113), 60.778873920440674)
Day:2 
(2, 24, 200, -565.5090104731414, 48722.0, (0.9884094735720004, 7.813201536424382, 18.141854509076147, 11.45494221351113), 68.01868796348572)
Day:2 
(2, 25, 200, -564.4636254159417, 48146.0, (0.9884094735720004, 7.813201536424382, 18.141854509076147, 11.45494221351113), 53.60063695907593)