
Day:1 
(1, 0, 200, -2075.7383858306857, 793917.0, (1.0620893265376807, 1.7881584064068645, 0.025212438279131517, 1.5892593826214116), 4.560394048690796)
Day:1 
(1, 1, 200, -22.158193802347174, 4.0, (1.0620893265376807, 0.6616704801111789, 0.025212438279131517, 5.223885398906132), 8.70986008644104)
Day:1 
(1, 2, 200, -26.1048664011897, 82.0, (1.2852780695736015, 0.6616704801111789, 0.025212438279131517, 5.223885398906132), 8.77828598022461)
Day:1 
(1, 3, 200, -15.96658823105162, 1.0, (0.5051163252552346, 0.0016364093622190457, 0.025212438279131517, 5.223885398906132), 8.839231967926025)
Day:1 
(1, 4, 200, -18.10271297666238, 49.0, (0.18505156845877552, 0.0016364093622190457, 1.8779905501843237, 5.223885398906132), 8.672744989395142)
Day:1 
(1, 5, 200, -14.357744203831924, 196.0, (0.026396208048948645, 6.738400817844043e-05, 1.8779905501843237, 5.223885398906132), 8.929342031478882)
Day:1 
(1, 6, 200, -18.775328557590015, 4.0, (0.010131662910753687, 0.0024484555761771862, 20.803143680990633, 5.196941248521018), 8.16456389427185)
Day:1 
(1, 7, 200, -18.3993802877585, 289.0, (1.0462305554015965, 8.178699609412876e-06, 20.803143680990633, 5.444609395877843), 8.705862998962402)
Day:1 
(1, 8, 200, -18.67051107169122, 225.0, (1.0462305554015965, 0.00016094818003456978, 4.099066970558109, 7.221010459870943), 8.740344047546387)
Day:1 
(1, 9, 200, -17.81600302625054, 225.0, (0.00012709224130171243, 1.687885002281571, 1.1720583400270572, 7.221010459870943), 8.34532117843628)
Day:1 
(1, 10, 200, -21.39536088898603, 64.0, (0.015966184918450803, 0.050411942608048155, 17.619535223829153, 7.221010459870943), 8.479083776473999)
Day:1 
(1, 11, 200, -28.491675187628903, 16.0, (2.3169366962783733, 1.058923781648504, 10.438700200106462, 23.785665627330726), 8.631047010421753)
Day:1 
(1, 12, 200, -28.51211109243498, 400.0, (8.990680013464948, 4.153461622905737, 0.4358466978709233, 23.785665627330726), 8.47523021697998)
Day:1 
(1, 13, 200, -26.67399820460846, 961.0, (13.680764712040292, 0.008552069735707197, 4.05221952508654, 23.785665627330726), 8.586957931518555)
Day:1 
(1, 14, 200, -24.483550337422532, 576.0, (7.8304478581647805, 1.875785848703121, 0.005043909563459563, 23.785665627330726), 8.510431051254272)
Day:1 
(1, 15, 200, -27.582488722179036, 2500.0, (11.69880037489507, 0.01956013278441305, 1.4179864329312608, 23.785665627330726), 8.261216878890991)
Day:1 
(1, 16, 200, -20.748110112663934, 1521.0, (0.0683122274750603, 0.01956013278441305, 0.7491903150073587, 4.667362780303293), 8.168385028839111)
Day:1 
(1, 17, 200, -22.484295087662407, 101.0, (0.1044593363102317, 0.01956013278441305, 0.20587478604438011, 4.667362780303293), 9.106427907943726)
Day:1 
(1, 18, 200, -19.102386208022182, 144.0, (0.1044593363102317, 0.01956013278441305, 0.20587478604438011, 4.667362780303293), 9.381275177001953)
Day:1 
(1, 19, 200, -19.43055653044692, 441.0, (0.1044593363102317, 0.01956013278441305, 0.20587478604438011, 4.667362780303293), 9.489657878875732)
Day:1 
(1, 20, 200, -22.274951481320745, 16.0, (0.05122218697173497, 0.01956013278441305, 5.291487747085966, 31.060740688959925), 8.609234094619751)
Day:1 
(1, 21, 200, -23.004029950308624, 441.0, (0.05122218697173497, 0.5890128557851898, 5.291487747085966, 7.158375145122443), 9.16756296157837)
Day:1 
(1, 22, 200, -26.251500590308716, 121.0, (1.5242893907631898, 0.8700069147544759, 9.86061751759558, 6.817090903278658), 8.891515016555786)
Day:1 
(1, 23, 200, -24.231969793379324, 64.0, (0.012635544173630614, 3.4541313351995173, 14.335570342532117, 6.817090903278658), 9.168614864349365)
Day:1 
(1, 24, 200, -9.03517955491487, 625.0, (0.012635544173630614, 0.011145330419411792, 1.1161826550778896e-05, 6.817090903278658), 8.629692077636719)
Day:1 
(1, 25, 200, -19.58031704242065, 961.0, (0.0017104380413156327, 0.021508878451310293, 0.1109564323741918, 61.439851861653864), 8.338692903518677)
Day:1 
(1, 26, 200, -29.34770606964771, 1225.0, (0.13000794140937316, 5.216881517668754, 2.9399437199387246, 48.90082961650852), 8.474026203155518)
Day:1 
(1, 27, 200, -18.984088642926956, 64.0, (1.0887817259151835, 2.3390970868632044, 5.322330206054689e-06, 48.90082961650852), 8.761017799377441)
Day:1 
(1, 28, 200, -25.5298500650825, 169.0, (0.06668429855494207, 1.0904407129389269, 1.0985779384249243, 48.90082961650852), 8.340712070465088)
Day:1 
(1, 29, 200, -22.699818269450944, 64.0, (0.4271012635037447, 0.5388407319398113, 1.0985779384249243, 6.515421762136284), 8.486762046813965)
Day:1 
(1, 30, 200, -24.73975702063103, 1156.0, (0.3499688694187544, 0.5388407319398113, 0.2832986036776496, 27.96229325335696), 8.845558881759644)
Day:1 
(1, 31, 200, -27.456891009897618, 2209.0, (0.09185208693384768, 2.264396943815989, 13.806384682885211, 6.590748102657931), 8.172945022583008)
Day:1 
(1, 32, 200, -25.942496970255995, 900.0, (0.43771700550668813, 5.140779056907181, 1.0554333395145625, 7.440952318496076), 8.734008073806763)
Day:1 
(1, 33, 200, -1.2923997576080888, 441.0, (2.0186100457641805e-08, 0.6975243935606115, 4.0241306325630544e-06, 7.440952318496076), 8.777347087860107)
Day:1 
(1, 34, 200, -6.638127830989686, 9.0, (2.0186100457641805e-08, 0.0015838464638189389, 3.3868701462794486, 7.440952318496076), 8.899441003799438)
Day:1 
(1, 35, 200, -26.40156054886587, 36.0, (2.454113624824692, 0.5158596284294052, 1.2775014273949494, 29.41802355942237), 8.550879001617432)
Day:1 
(1, 36, 200, -19.036018371315656, 144.0, (0.06215874818849985, 0.008612903778216222, 0.1829567999460559, 29.41802355942237), 8.805945873260498)
Day:1 
(1, 37, 200, -4.554028892825723, 1089.0, (7.483906131259611e-09, 11.616963134827264, 5.933117261192781e-07, 29.41802355942237), 8.660454988479614)
Day:1 
(1, 38, 200, -10.531246730811578, 361.0, (0.023581426915541482, 0.0647029930520398, 5.933117261192781e-07, 29.41802355942237), 8.682809114456177)
Day:1 
(1, 39, 200, -21.798307017508787, 121.0, (8.78724319076172, 0.0647029930520398, 0.0039849278023360935, 29.41802355942237), 8.808140993118286)
Day:1 
(1, 40, 200, -26.0238480185066, 400.0, (8.78724319076172, 0.0001777925344943234, 32.676233002907686, 29.41802355942237), 8.658907890319824)
Day:2 
(2, 0, 200, -14432.708432800742, 1173070.0, (8.78724319076172, 0.0001777925344943234, 32.676233002907686, 29.41802355942237), 10.894968032836914)
Day:2 
(2, 1, 200, -14276.61383369062, 874093.0, (8.78724319076172, 2.2812333306974112e-07, 21.68330539521643, 29.41802355942237), 46.53888511657715)
Day:2 
(2, 2, 200, -3586.4588397414354, 145333.0, (0.0005324694941988397, 2.2812333306974112e-07, 0.0016195013199129017, 0.9389631334841355), 189.78784894943237)
Day:2 
(2, 3, 200, -2268.0214574114734, 97739.0, (0.0005324694941988397, 2.2812333306974112e-07, 3.074688338826392, 0.9389631334841355), 287.6558768749237)
Day:2 
(2, 4, 200, -2238.9136693557707, 95728.0, (0.0005324694941988397, 2.2812333306974112e-07, 3.074688338826392, 0.9389631334841355), 348.17986512184143)
Day:2 
(2, 5, 200, -2196.724297859554, 93533.0, (0.0005324694941988397, 0.008780856120721782, 3.074688338826392, 0.9389631334841355), 304.2849600315094)
Day:2 
(2, 6, 200, -2137.7015368674192, 93173.0, (0.0005324694941988397, 0.008780856120721782, 3.074688338826392, 0.9389631334841355), 356.3712320327759)
Day:2 
(2, 7, 200, -1085.9368933593162, 109730.0, (0.0005324694941988397, 0.008780856120721782, 3.0189607556231786, 2.1034463216428363), 314.5702199935913)
Day:2 
(2, 8, 200, -811.5181600895673, 77964.0, (0.0005324694941988397, 0.008780856120721782, 5.055285888226565, 2.1034463216428363), 290.7792258262634)
Day:2 
(2, 9, 200, -770.8549494783601, 73206.0, (0.0005324694941988397, 0.008780856120721782, 5.055285888226565, 2.1034463216428363), 223.32041811943054)
Day:2 
(2, 10, 200, -761.6761528799475, 73185.0, (0.0005324694941988397, 0.008780856120721782, 5.055285888226565, 2.1034463216428363), 217.97364592552185)
Day:2 
(2, 11, 200, -753.6869717590307, 72884.0, (0.0005324694941988397, 0.008780856120721782, 5.055285888226565, 2.1034463216428363), 194.74233198165894)
Day:2 
(2, 12, 200, -733.8411994152175, 71180.0, (0.0005324694941988397, 0.008780856120721782, 5.055285888226565, 2.1034463216428363), 208.75305700302124)
Day:2 
(2, 13, 200, -742.3731677822525, 71192.0, (0.0005324694941988397, 0.008780856120721782, 5.055285888226565, 2.1034463216428363), 176.63078093528748)
Day:2 
(2, 14, 200, -733.9456452631234, 70120.0, (0.0005324694941988397, 0.008780856120721782, 5.055285888226565, 2.1034463216428363), 194.1234040260315)
Day:2 
(2, 15, 200, -741.1210536735978, 69896.0, (0.0005324694941988397, 0.008780856120721782, 5.055285888226565, 2.1034463216428363), 192.91932106018066)
Day:2 
(2, 16, 200, -738.932467005868, 69962.0, (0.0005324694941988397, 0.008780856120721782, 5.055285888226565, 2.1034463216428363), 210.94479298591614)
Day:2 
(2, 17, 200, -734.4017268741458, 70585.0, (0.0005324694941988397, 0.008780856120721782, 5.055285888226565, 2.1034463216428363), 235.7864580154419)
Day:2 
(2, 18, 200, -729.6322966835636, 70545.0, (0.0005324694941988397, 0.008780856120721782, 5.055285888226565, 2.1034463216428363), 212.45295596122742)
Day:2 
(2, 19, 200, -731.4411094685574, 70610.0, (0.0005324694941988397, 0.008780856120721782, 5.055285888226565, 2.1034463216428363), 198.42075514793396)
Day:2 
(2, 20, 200, -724.1218686707854, 70572.0, (0.0005324694941988397, 0.008780856120721782, 5.055285888226565, 2.1034463216428363), 206.95533895492554)
Day:2 
(2, 21, 200, -726.9399694362977, 70064.0, (0.0005324694941988397, 0.008780856120721782, 5.055285888226565, 2.1034463216428363), 188.3935570716858)
Day:2 
(2, 22, 200, -728.9037626630637, 69867.0, (0.0005324694941988397, 0.008780856120721782, 5.055285888226565, 2.1034463216428363), 199.66659379005432)
Day:2 
(2, 23, 200, -724.9375948994247, 69639.0, (0.0005324694941988397, 0.008780856120721782, 5.055285888226565, 2.1034463216428363), 221.77088499069214)
Day:2 
(2, 24, 200, -721.3948815286356, 69639.0, (0.0005324694941988397, 0.008780856120721782, 5.055285888226565, 2.1034463216428363), 207.81323218345642)
Day:2 
(2, 25, 200, -724.4643658363924, 69482.0, (0.0005324694941988397, 0.008780856120721782, 5.055285888226565, 2.1034463216428363), 230.54085993766785)
Day:2 
(2, 26, 200, -722.3219780772677, 69529.0, (0.0005324694941988397, 0.008780856120721782, 5.055285888226565, 2.1034463216428363), 195.9300889968872)
Day:2 
(2, 27, 200, -727.2881545831506, 69548.0, (0.0005324694941988397, 0.008780856120721782, 5.055285888226565, 2.1034463216428363), 178.2582790851593)
Day:2 
(2, 28, 200, -714.674090825094, 69702.0, (0.0005324694941988397, 0.008780856120721782, 5.055285888226565, 2.1034463216428363), 227.78094482421875)
Day:2 
(2, 29, 200, -718.3291472762124, 69776.0, (0.0005324694941988397, 0.008780856120721782, 5.055285888226565, 2.1034463216428363), 200.95460104942322)