
Day:1 
(1, 0, 200, -37.6852741186992, 961.0, (-14.96007561969612, -5.691482015419775, 17.140043072985616, 136.27855027146353), 4.122154235839844)
Day:1 
(1, 1, 200, -37.08082593132484, 64.0, (56.25843782244702, -48.53425834397673, -37.60413747604647, 136.27855027146353), 8.254746913909912)
Day:1 
(1, 2, 200, -37.71716801828555, 49.0, (-51.29985212258496, -29.102096390970388, -128.4315721276618, 136.27855027146353), 8.58301591873169)
Day:1 
(1, 3, 200, -37.77986735273372, 324.0, (-101.54277999716852, 71.0329822922441, -14.271243761539944, 136.27855027146353), 8.49745512008667)
Day:1 
(1, 4, 200, -38.425867272187986, 49.0, (8.453055873170973, -135.20863926880594, 126.258814000449, 136.27855027146353), 8.44645881652832)
Day:1 
(1, 5, 200, -38.59486792823107, 16.0, (-3.5666173122861413, -66.83089665459634, 183.68765214674548, 136.27855027146353), 8.434611082077026)
Day:1 
(1, 6, 200, -36.75699186511622, 196.0, (-83.28553468723935, 15.193358866632618, -82.2509354378131, 52.04768766287898), 8.418220043182373)
Day:1 
(1, 7, 200, -36.6094653097136, 25.0, (14.948057496048564, 76.13967446560603, -57.57673374175646, 87.5219938493083), 8.226931095123291)
Day:1 
(1, 8, 200, -37.82433712819657, 1296.0, (25.03047875554012, 76.13967446560603, 50.47408069038642, 87.5219938493083), 8.907103776931763)
Day:1 
(1, 9, 200, -36.11698527982414, 169.0, (2.657397880304262, 10.609979062904722, 50.47408069038642, 37.34805792477466), 8.645088195800781)
Day:1 
(1, 10, 200, -38.17460443802449, 625.0, (-79.37301443923653, 15.308500829779549, 86.15482953513364, 147.9134319530779), 8.263208866119385)
Day:1 
(1, 11, 200, -38.41582557811202, 1089.0, (115.07669072661756, -92.69632120254273, 86.15482953513364, 56.660111466905285), 8.127438068389893)
Day:1 
(1, 12, 200, -37.219679232379825, 36.0, (16.25589205555556, -92.69632120254273, 131.17187967102615, 54.111727860292596), 8.586720943450928)
Day:1 
(1, 13, 200, -36.176192419114145, 9.0, (27.170027121290566, -67.7130212434748, -17.822440477251792, 54.111727860292596), 8.473050117492676)
Day:1 
(1, 14, 200, -37.54165899010586, 441.0, (10.98449498537828, -59.04488224369147, 145.02670042181012, 54.111727860292596), 8.769035816192627)
Day:1 
(1, 15, 200, -38.29977599024164, 169.0, (-149.03222849928778, 4.179729743749282, -149.18095220681332, 54.111727860292596), 8.390172004699707)
Day:1 
(1, 16, 200, -39.5812852169696, 1089.0, (-149.03222849928778, -94.2753299571279, -85.16061837418101, 132.01020597678777), 8.580120086669922)
Day:1 
(1, 17, 200, -36.272413510514724, 361.0, (-56.950058459261086, -19.66271676108179, 5.135200552653934, -9.073653478770735), 8.052834033966064)
Day:1 
(1, 18, 200, -37.4111572834847, 576.0, (-56.950058459261086, -19.66271676108179, 107.72474622947361, 79.6280751620706), 8.75447392463684)
Day:1 
(1, 19, 200, -37.65524063859176, 100.0, (-56.950058459261086, 163.70691654985052, 9.262373709961487, 79.6280751620706), 8.617455005645752)
Day:1 
(1, 20, 200, -37.242685916395914, 121.0, (-68.8964149329803, 129.14963271325243, 6.693402207347258, 79.6280751620706), 8.495784044265747)
Day:1 
(1, 21, 200, -36.7273988552398, 529.0, (-46.708193732987006, 45.61118169635383, -16.1813384751966, 71.04067703268662), 8.392915964126587)
Day:1 
(1, 22, 200, -36.32912031800586, 9.0, (57.71750035342766, -10.677468208362193, 55.99503644490039, 71.04067703268662), 8.306121110916138)
Day:1 
(1, 23, 200, -37.94516585043702, 64.0, (-153.44024978687366, 95.45877543922545, -71.34586886847674, 71.04067703268662), 8.347522020339966)
Day:1 
(1, 24, 200, -36.4726771688983, 196.0, (2.852442554105426, 69.79321914600892, -26.349587190426984, 71.04067703268662), 8.62801480293274)
Day:1 
(1, 25, 200, -39.499175837528114, 16.0, (-163.05906996931927, 69.79321914600892, 129.15754093244476, 163.76354339214012), 7.969225168228149)
Day:1 
(1, 26, 200, -41.54107879684134, 1024.0, (-33.67796640921075, -15.717752375776678, 297.79905678800037, 69.79562568626656), 8.51603102684021)
Day:1 
(1, 27, 200, -39.83141965137543, 169.0, (-211.36882854867093, -146.2940347329085, 97.44435209180082, 55.50362788885284), 8.282015800476074)
Day:1 
(1, 28, 200, -37.79622564215174, 36.0, (89.62016846876666, -70.5315757365698, 151.20555315761877, 68.20802164662581), 8.419751167297363)
Day:1 
(1, 29, 200, -37.430973538115175, 289.0, (-0.49997488963723413, -70.5315757365698, 151.20555315761877, 5.974684027540491), 8.985549926757812)
Day:1 
(1, 30, 200, -38.93078683112457, 1225.0, (-124.84285247285968, 9.557563816930726, 151.20555315761877, 5.974684027540491), 9.02092695236206)
Day:1 
(1, 31, 200, -36.785363852426244, 9.0, (-124.84285247285968, 39.43788061852639, -49.714841538078, 33.76034729940678), 8.605826139450073)
Day:1 
(1, 32, 200, -37.02997309227282, 196.0, (-70.82517210244359, -63.05085183642016, 109.40633064840004, 33.76034729940678), 8.753291845321655)
Day:1 
(1, 33, 200, -36.549512582836215, 289.0, (57.08935674942768, -64.10540152106093, -41.63868231462073, 33.76034729940678), 8.603366136550903)
Day:1 
(1, 34, 200, -36.877615656794404, 169.0, (-16.993015064125892, 12.245702703441413, 131.02531076781628, 40.84604452616334), 8.799203872680664)
Day:1 
(1, 35, 200, -37.907585158676426, 289.0, (48.12661176414704, -66.24443826921654, 131.02531076781628, 118.20392907737948), 8.400236129760742)
Day:1 
(1, 36, 200, -36.97802260779031, 64.0, (-64.8590391027308, 41.287625035698674, 59.7235483221859, 118.20392907737948), 8.657979965209961)
Day:1 
(1, 37, 200, -38.53380048573307, 4.0, (55.349342726539355, 41.287625035698674, -62.4834380607908, 217.25358351155333), 8.253625869750977)
Day:1 
(1, 38, 200, -39.10741812418256, 576.0, (3.8192217045043604, 61.295659244187874, 67.30182658664351, 217.25358351155333), 8.83582615852356)
Day:1 
(1, 39, 200, -39.373770272386174, 144.0, (-261.10384204431983, 27.86807982577682, 21.209365022124683, -17.6360193999886), 8.607903003692627)
Day:1 
(1, 40, 200, -36.97014057802347, 4.0, (-28.728870504548098, 3.1747949828177484, 21.209365022124683, 152.68613119524886), 8.312657833099365)
Day:1 
(1, 41, 200, -39.63400399640483, 9.0, (-61.11018731623188, 3.1747949828177484, 11.790809232020012, 271.84958030711476), 8.727030038833618)
Day:1 
(1, 42, 200, -37.98375835767776, 144.0, (-9.783977330064928, 147.98515833696345, 11.790809232020012, 140.6346961865182), 8.58824110031128)
Day:1 
(1, 43, 200, -39.726572553023935, 9.0, (-72.3003997772522, 221.09704460089287, 135.49543079399683, 84.65731060953425), 9.019767999649048)
Day:1 
(1, 44, 200, -38.441681065545765, 1225.0, (-25.86762328809747, -39.506715069217336, 135.49543079399683, 98.80864150668512), 8.215506076812744)
Day:1 
(1, 45, 200, -37.185862802658974, 576.0, (34.30422760235873, -19.72943132633971, 6.742327768824863, 124.32941647513908), 8.394225835800171)
Day:1 
(1, 46, 200, -38.91809199236476, 144.0, (-71.63105265083404, 189.87948389256343, 8.922255387334708, 140.031711265734), 9.156519174575806)
Day:1 
(1, 47, 200, -38.2294832045835, 1024.0, (-83.13904637204818, 3.943617733094348, -46.56732322477973, 140.031711265734), 8.786735773086548)
Day:1 
(1, 48, 200, -38.535316726088936, 1.0, (-101.4374718384125, -84.1851425815276, -137.71785808452043, 140.031711265734), 8.794782161712646)
Day:1 
(1, 49, 200, -37.80180310456572, 4.0, (94.18143682487093, -63.18528857804412, 93.5957572938639, 140.031711265734), 8.569828033447266)
Day:1 
(1, 50, 200, -38.627387787475556, 16.0, (25.427729892146917, -63.18528857804412, -182.1939988218775, 140.031711265734), 9.020274877548218)
Day:2 
(2, 0, 200, -14413.037126979732, 1107565.0, (25.427729892146917, -63.18528857804412, -182.1939988218775, 140.031711265734), 10.533610105514526)
Day:2 
(2, 1, 200, -14309.909923599458, 904945.0, (25.427729892146917, 18.57777104453303, -182.1939988218775, 140.031711265734), 46.93878102302551)
Day:2 
(2, 2, 200, -14309.909923599458, 904945.0, (25.427729892146917, 18.57777104453303, -182.1939988218775, 140.031711265734), 46.75234389305115)
Day:2 
(2, 3, 200, -14309.909923599458, 904945.0, (25.427729892146917, 18.57777104453303, -182.1939988218775, 140.031711265734), 44.58296012878418)
Day:2 
(2, 4, 200, -14309.909923599458, 904945.0, (25.427729892146917, 18.57777104453303, -182.1939988218775, 140.031711265734), 46.43157887458801)
Day:2 
(2, 5, 200, -14309.909923599458, 904945.0, (25.427729892146917, 18.57777104453303, -182.1939988218775, 140.031711265734), 48.505242109298706)
Day:2 
(2, 6, 200, -14309.909923599458, 904945.0, (25.427729892146917, 18.57777104453303, -182.1939988218775, 140.031711265734), 45.321959018707275)
Day:2 
(2, 7, 200, -14309.909923599458, 904945.0, (25.427729892146917, 18.57777104453303, -182.1939988218775, 140.031711265734), 47.6496160030365)
Day:2 
(2, 8, 200, -14309.909923599458, 904945.0, (25.427729892146917, 18.57777104453303, -182.1939988218775, 140.031711265734), 45.97344994544983)
Day:2 
(2, 9, 200, -14309.909923599458, 904945.0, (25.427729892146917, 18.57777104453303, -182.1939988218775, 140.031711265734), 46.58661389350891)
Day:2 
(2, 10, 200, -14309.909923599458, 904945.0, (25.427729892146917, 18.57777104453303, -182.1939988218775, 140.031711265734), 47.02620005607605)
Day:2 
(2, 11, 200, -14309.909923599458, 904945.0, (25.427729892146917, 18.57777104453303, -182.1939988218775, 140.031711265734), 48.558619022369385)
Day:2 
(2, 12, 200, -14309.909923599458, 904945.0, (25.427729892146917, 18.57777104453303, -182.1939988218775, 140.031711265734), 48.41068506240845)
Day:2 
(2, 13, 200, -14309.909923599458, 904945.0, (25.427729892146917, 18.57777104453303, -182.1939988218775, 140.031711265734), 47.33262085914612)
Day:2 
(2, 14, 200, -14309.909923599458, 904945.0, (25.427729892146917, 18.57777104453303, -182.1939988218775, 140.031711265734), 48.8819100856781)
Day:2 
(2, 15, 200, -14309.909923599458, 904945.0, (25.427729892146917, 18.57777104453303, -182.1939988218775, 140.031711265734), 50.68342685699463)
Day:2 
(2, 16, 200, -14309.909923599458, 904945.0, (25.427729892146917, 18.57777104453303, -182.1939988218775, 140.031711265734), 48.090962171554565)
Day:2 
(2, 17, 200, -14309.909923599458, 904945.0, (25.427729892146917, 18.57777104453303, -182.1939988218775, 140.031711265734), 48.93969798088074)
Day:2 
(2, 18, 200, -14309.909923599458, 904945.0, (25.427729892146917, 18.57777104453303, -182.1939988218775, 140.031711265734), 45.977155923843384)
Day:2 
(2, 19, 200, -14309.909923599458, 904945.0, (25.427729892146917, 18.57777104453303, -182.1939988218775, 140.031711265734), 47.34312701225281)
Day:2 
(2, 20, 200, -14309.909923599458, 904945.0, (25.427729892146917, 18.57777104453303, -182.1939988218775, 140.031711265734), 47.671387910842896)
Day:2 
(2, 21, 200, -14309.909923599458, 904945.0, (25.427729892146917, 18.57777104453303, -182.1939988218775, 140.031711265734), 44.74774217605591)
Day:2 
(2, 22, 200, -14309.909923599458, 904945.0, (25.427729892146917, 18.57777104453303, -182.1939988218775, 140.031711265734), 49.70388698577881)
Day:2 
(2, 23, 200, -14309.909923599458, 904945.0, (25.427729892146917, 18.57777104453303, -182.1939988218775, 140.031711265734), 45.80373501777649)
Day:2 
(2, 24, 200, -14307.410807292825, 899758.0, (25.427729892146917, 77.21295101161793, -182.1939988218775, 140.031711265734), 49.269030809402466)
Day:2 
(2, 25, 200, -14307.410807292825, 899758.0, (25.427729892146917, 77.21295101161793, -182.1939988218775, 140.031711265734), 48.07397103309631)
Day:2 
(2, 26, 200, -14286.251519753798, 858910.0, (25.427729892146917, 77.21295101161793, -182.1939988218775, 140.031711265734), 48.93048405647278)
Day:2 
(2, 27, 200, -14286.251519753798, 858910.0, (25.427729892146917, 77.21295101161793, -182.1939988218775, 140.031711265734), 50.64756107330322)
Day:2 
(2, 28, 200, -14286.251519753798, 858910.0, (25.427729892146917, 77.21295101161793, -182.1939988218775, 140.031711265734), 48.432607889175415)
Day:2 
(2, 29, 200, -14286.251519753798, 858910.0, (25.427729892146917, 77.21295101161793, -182.1939988218775, 140.031711265734), 51.1515691280365)
Day:2 
(2, 30, 200, -14286.251519753798, 858910.0, (25.427729892146917, 77.21295101161793, -182.1939988218775, 140.031711265734), 49.04194402694702)
Day:2 
(2, 31, 200, -14286.251519753798, 858910.0, (25.427729892146917, 77.21295101161793, -182.1939988218775, 140.031711265734), 49.59588098526001)
Day:2 
(2, 32, 200, -14286.251519753798, 858910.0, (25.427729892146917, 77.21295101161793, -182.1939988218775, 140.031711265734), 46.73059701919556)
Day:2 
(2, 33, 200, -14286.251519753798, 858910.0, (25.427729892146917, 77.21295101161793, -182.1939988218775, 140.031711265734), 50.00893688201904)
Day:2 
(2, 34, 200, -14286.251519753798, 858910.0, (25.427729892146917, 77.21295101161793, -182.1939988218775, 140.031711265734), 49.216010093688965)
Day:2 
(2, 35, 200, -14286.251519753798, 858910.0, (25.427729892146917, 77.21295101161793, -182.1939988218775, 140.031711265734), 47.51802086830139)
Day:2 
(2, 36, 200, -14286.251519753798, 858910.0, (25.427729892146917, 77.21295101161793, -182.1939988218775, 140.031711265734), 49.1831271648407)
Day:2 
(2, 37, 200, -14286.251519753798, 858910.0, (25.427729892146917, 77.21295101161793, -182.1939988218775, 140.031711265734), 50.39379692077637)
Day:2 
(2, 38, 200, -14286.251519753798, 858910.0, (25.427729892146917, 77.21295101161793, -182.1939988218775, 140.031711265734), 69.94095802307129)
Day:2 
(2, 39, 200, -14286.251519753798, 858910.0, (25.427729892146917, 77.21295101161793, -182.1939988218775, 140.031711265734), 49.54125690460205)
Day:2 
(2, 40, 200, -14286.251519753798, 858910.0, (25.427729892146917, 77.21295101161793, -182.1939988218775, 140.031711265734), 56.626953125)
Day:2 
(2, 41, 200, -14286.251519753798, 858910.0, (25.427729892146917, 77.21295101161793, -182.1939988218775, 140.031711265734), 49.12460684776306)
Day:2 
(2, 42, 200, -14286.251519753798, 858910.0, (25.427729892146917, 77.21295101161793, -182.1939988218775, 140.031711265734), 48.272900104522705)
Day:2 
(2, 43, 200, -5656.017371495924, 561801.0, (25.427729892146917, 88.30220533776607, 201.48039889171642, 140.031711265734), 46.00270485877991)
Day:2 
(2, 44, 200, -5620.266097576494, 561173.0, (25.427729892146917, 88.30220533776607, 201.48039889171642, 140.031711265734), 47.684248208999634)
Day:2 
(2, 45, 200, -5555.224689184834, 555296.0, (25.427729892146917, 88.30220533776607, 201.48039889171642, 140.031711265734), 45.82469391822815)
Day:2 
(2, 46, 200, -5555.224689184834, 555296.0, (25.427729892146917, 88.30220533776607, 201.48039889171642, 140.031711265734), 46.005444049835205)
Day:2 
(2, 47, 200, -5548.5943446627825, 555161.0, (25.427729892146917, 88.30220533776607, 201.48039889171642, 140.031711265734), 45.12900686264038)
Day:2 
(2, 48, 200, -5548.5943446627825, 555161.0, (25.427729892146917, 88.30220533776607, 201.48039889171642, 140.031711265734), 46.70607304573059)
Day:2 
(2, 49, 200, -5290.143357761108, 554959.0, (25.427729892146917, 88.30220533776607, 201.48039889171642, 140.031711265734), 48.71656107902527)
Day:2 
(2, 50, 200, -5290.143357761108, 554959.0, (25.427729892146917, 88.30220533776607, 201.48039889171642, 140.031711265734), 46.4685480594635)
Day:3 
(3, 0, 200, -11025.581149193255, 569512.0, (25.427729892146917, 88.30220533776607, 201.48039889171642, 140.031711265734), 13.264548778533936)
Day:3 
(3, 1, 200, -10472.493842158128, 567177.0, (25.427729892146917, 88.30220533776607, 201.48039889171642, 140.031711265734), 91.92429900169373)
Day:3 
(3, 2, 200, -10132.707548579996, 567106.0, (25.427729892146917, 88.30220533776607, 201.48039889171642, 140.031711265734), 87.11016201972961)
Day:3 
(3, 3, 200, -10117.643473162265, 566762.0, (25.427729892146917, 88.30220533776607, 201.48039889171642, 140.031711265734), 89.4273681640625)
Day:3 
(3, 4, 200, -10079.8505202132, 566337.0, (25.427729892146917, 88.30220533776607, 201.48039889171642, 140.031711265734), 86.19331192970276)
Day:3 
(3, 5, 200, -10055.899071574304, 566268.0, (25.427729892146917, 88.30220533776607, 201.48039889171642, 140.031711265734), 86.25266599655151)
Day:3 
(3, 6, 200, -10040.68885840374, 566156.0, (25.427729892146917, 88.30220533776607, 201.48039889171642, 140.031711265734), 83.39699602127075)
Day:3 
(3, 7, 200, -10040.68885840374, 566156.0, (25.427729892146917, 88.30220533776607, 201.48039889171642, 140.031711265734), 84.89162302017212)
Day:3 
(3, 8, 200, -10034.573189018534, 565987.0, (25.427729892146917, 88.30220533776607, 201.48039889171642, 140.031711265734), 88.92435503005981)
Day:3 
(3, 9, 200, -10002.99092054045, 565564.0, (25.427729892146917, 88.30220533776607, 201.48039889171642, 140.031711265734), 92.41423392295837)
Day:3 
(3, 10, 200, -9996.149304130164, 553243.0, (25.427729892146917, 88.30220533776607, 201.48039889171642, 140.031711265734), 88.07185196876526)
Day:3 
(3, 11, 200, -9983.246324059803, 553176.0, (25.427729892146917, 88.30220533776607, 201.48039889171642, 140.031711265734), 85.34644508361816)
Day:3 
(3, 12, 200, -9941.193780305546, 483484.0, (19.875781235629148, 88.30220533776607, 201.48039889171642, 140.031711265734), 86.82264995574951)
Day:3 
(3, 13, 200, -9615.932459258476, 300356.0, (19.875781235629148, 98.32166264913602, 201.48039889171642, 140.031711265734), 85.18497610092163)
Day:3 
(3, 14, 200, -9590.57189614913, 266353.0, (19.875781235629148, 98.32166264913602, 201.48039889171642, 140.031711265734), 79.1475157737732)
Day:3 
(3, 15, 200, -9590.57189614913, 266353.0, (19.875781235629148, 98.32166264913602, 201.48039889171642, 140.031711265734), 85.7250611782074)
Day:3 
(3, 16, 200, -9577.55970465725, 265857.0, (19.875781235629148, 98.32166264913602, 201.48039889171642, 140.031711265734), 80.60497999191284)
Day:3 
(3, 17, 200, -9564.436509636555, 264724.0, (19.875781235629148, 98.32166264913602, 201.48039889171642, 140.031711265734), 81.4399049282074)
Day:3 
(3, 18, 200, -9553.708747387096, 253308.0, (19.875781235629148, 98.32166264913602, 201.48039889171642, 140.031711265734), 94.45171999931335)
Day:3 
(3, 19, 200, -9554.815663667867, 253244.0, (19.875781235629148, 98.32166264913602, 201.48039889171642, 140.031711265734), 88.8852469921112)
Day:3 
(3, 20, 200, -9542.236033388028, 237357.0, (19.875781235629148, 98.32166264913602, 201.48039889171642, 140.031711265734), 83.74502110481262)
Day:3 
(3, 21, 200, -9542.236033388028, 237357.0, (19.875781235629148, 98.32166264913602, 201.48039889171642, 140.031711265734), 88.21065783500671)
Day:3 
(3, 22, 200, -9542.236033388028, 237357.0, (19.875781235629148, 98.32166264913602, 201.48039889171642, 140.031711265734), 81.81118607521057)
Day:3 
(3, 23, 200, -9236.179107893917, 386545.0, (20.85119652185391, 98.32166264913602, 201.48039889171642, 140.031711265734), 82.3274040222168)
Day:3 
(3, 24, 200, -9227.920289914588, 386089.0, (20.85119652185391, 98.32166264913602, 201.48039889171642, 140.031711265734), 87.91233491897583)
Day:3 
(3, 25, 200, -9201.090054868273, 350988.0, (20.85119652185391, 98.32166264913602, 201.48039889171642, 140.031711265734), 87.90348696708679)
Day:3 
(3, 26, 200, -9192.241559219272, 350923.0, (20.85119652185391, 98.32166264913602, 201.48039889171642, 140.031711265734), 86.79916620254517)
Day:3 
(3, 27, 200, -9192.241559219272, 350923.0, (20.85119652185391, 98.32166264913602, 201.48039889171642, 140.031711265734), 84.48048996925354)
Day:3 
(3, 28, 200, -9188.019250403891, 350602.0, (20.85119652185391, 98.32166264913602, 201.48039889171642, 140.031711265734), 81.52390789985657)
Day:3 
(3, 29, 200, -9188.019250403891, 350602.0, (20.85119652185391, 98.32166264913602, 201.48039889171642, 140.031711265734), 90.6561770439148)
Day:3 
(3, 30, 200, -9174.056135728162, 349519.0, (20.85119652185391, 98.32166264913602, 201.48039889171642, 140.031711265734), 87.17997694015503)
Day:3 
(3, 31, 200, -9174.056135728162, 349519.0, (20.85119652185391, 98.32166264913602, 201.48039889171642, 140.031711265734), 87.3053629398346)
Day:3 
(3, 32, 200, -9165.259936150434, 349395.0, (20.85119652185391, 98.32166264913602, 201.48039889171642, 140.031711265734), 91.35184907913208)
Day:3 
(3, 33, 200, -9138.201252058248, 346938.0, (20.85119652185391, 98.32166264913602, 201.48039889171642, 140.031711265734), 83.13361096382141)
Day:3 
(3, 34, 200, -9138.201252058248, 346938.0, (20.85119652185391, 98.32166264913602, 201.48039889171642, 140.031711265734), 81.02637815475464)
Day:3 
(3, 35, 200, -9138.201252058248, 346938.0, (20.85119652185391, 98.32166264913602, 201.48039889171642, 140.031711265734), 85.56990694999695)
Day:3 
(3, 36, 200, -7685.64261677753, 385086.0, (20.85119652185391, 98.32166264913602, 201.48039889171642, 90.4154667789598), 76.59898400306702)
Day:3 
(3, 37, 200, -7634.397289177371, 384288.0, (20.85119652185391, 98.32166264913602, 201.48039889171642, 90.4154667789598), 86.25096797943115)
Day:3 
(3, 38, 200, -7575.6613871937525, 381711.0, (20.85119652185391, 98.32166264913602, 201.48039889171642, 90.4154667789598), 84.75873494148254)
Day:3 
(3, 39, 200, -7577.176043148772, 381722.0, (20.85119652185391, 98.32166264913602, 201.48039889171642, 90.4154667789598), 89.6256160736084)
Day:3 
(3, 40, 200, -7568.233591967112, 380475.0, (20.85119652185391, 98.32166264913602, 201.48039889171642, 90.4154667789598), 83.88632607460022)
Day:3 
(3, 41, 200, -7562.330254350983, 380228.0, (20.85119652185391, 98.32166264913602, 201.48039889171642, 90.4154667789598), 89.13994693756104)
Day:3 
(3, 42, 200, -7547.821490762063, 380229.0, (20.85119652185391, 98.32166264913602, 201.48039889171642, 90.4154667789598), 80.71340203285217)
Day:3 
(3, 43, 200, -7535.462691877808, 358485.0, (20.85119652185391, 98.32166264913602, 201.48039889171642, 90.4154667789598), 88.89532399177551)
Day:3 
(3, 44, 200, -7530.6863612402985, 358122.0, (20.85119652185391, 98.32166264913602, 201.48039889171642, 90.4154667789598), 90.02171492576599)
Day:3 
(3, 45, 200, -7531.19675904745, 358138.0, (20.85119652185391, 98.32166264913602, 201.48039889171642, 90.4154667789598), 80.56981110572815)
Day:3 
(3, 46, 200, -7529.342715531546, 358106.0, (20.85119652185391, 98.32166264913602, 201.48039889171642, 90.4154667789598), 82.67662692070007)
Day:3 
(3, 47, 200, -7507.19776424377, 356440.0, (20.85119652185391, 98.32166264913602, 201.48039889171642, 90.4154667789598), 83.11564588546753)
Day:3 
(3, 48, 200, -7507.032848522559, 356346.0, (20.85119652185391, 98.32166264913602, 201.48039889171642, 90.4154667789598), 79.75516605377197)
Day:3 
(3, 49, 200, -7506.680627290826, 356339.0, (20.85119652185391, 98.32166264913602, 201.48039889171642, 90.4154667789598), 83.90739703178406)
Day:3 
(3, 50, 200, -7492.81748176667, 356385.0, (20.85119652185391, 98.32166264913602, 201.48039889171642, 90.4154667789598), 81.18711805343628)