
Day:1 
(1, 0, 200, -4436.50658015505, 1890084.0, (25.855668773101307, -36.83660004644895, 33.87762793490702, -2.9943769094640142), 4.015681028366089)
Day:1 
(1, 1, 200, -37.71209532444362, 841.0, (-29.204405960028396, 41.182232265224044, 70.39031064132129, 57.03647363187278), 7.803092002868652)
Day:1 
(1, 2, 200, -36.80161337104307, 900.0, (-26.427375227644692, -70.01548662428166, 12.696120597604239, 57.03647363187278), 8.618530988693237)
Day:1 
(1, 3, 200, -36.451161304383845, 1936.0, (-32.92837606769777, 44.267693727141705, -7.234036533317943, 57.03647363187278), 8.519463062286377)
Day:1 
(1, 4, 200, -33.40560437989174, 289.0, (24.2346837377506, -11.303297065425896, -1.6678726254743257, 57.03647363187278), 8.405349016189575)
Day:1 
(1, 5, 200, -35.1519667296937, 1600.0, (-6.593133622807888, -36.6276816176919, 0.9983565640466132, 57.03647363187278), 8.445436954498291)
Day:1 
(1, 6, 200, -34.20840058037566, 256.0, (-6.593133622807888, -57.22240516853415, 21.93176591977055, 40.926437039687556), 8.584656000137329)
Day:1 
(1, 7, 200, -31.323602864997135, 121.0, (-9.39676448967268, 0.6120927317931626, -10.903706564726846, 16.957409721401067), 8.295364141464233)
Day:1 
(1, 8, 200, -32.85931247336828, 81.0, (-9.39676448967268, 46.09126770684539, -10.448372103406719, 30.31734644224753), 8.741484880447388)
Day:1 
(1, 9, 200, -34.277154568093124, 1089.0, (35.910977214245065, 31.20427811077096, 26.37828689473352, 33.746489349710295), 8.165327072143555)
Day:1 
(1, 10, 200, -32.978172580917246, 169.0, (-23.27697073481028, -35.403545089037735, 21.219810288002495, 33.746489349710295), 8.828487873077393)
Day:1 
(1, 11, 200, -33.599453263749126, 169.0, (-37.45541318598103, -2.387777924460224, 52.362138631174346, 19.483119308533215), 8.109946012496948)
Day:1 
(1, 12, 200, -33.117037840785244, 16.0, (-27.393097796831555, -6.930403725333097, 52.362138631174346, 19.483119308533215), 8.382121086120605)
Day:1 
(1, 13, 200, -32.55741707098467, 1.0, (-47.49783134160294, -7.67713352272864, -15.737523605428414, 19.483119308533215), 8.152247905731201)
Day:1 
(1, 14, 200, -33.048735969015155, 324.0, (11.632309805833044, -43.369153391195006, 34.087769075671126, 6.803640135593835), 8.436161994934082)
Day:1 
(1, 15, 200, -31.644083813672037, 121.0, (-26.604962900664443, -7.91884261823925, -0.25476921229794364, 17.360504158968965), 8.350078105926514)
Day:1 
(1, 16, 200, -31.467110844801034, 49.0, (-13.317881357311713, -19.85119708956413, -3.8391247406245537, 17.360504158968965), 8.538699865341187)
Day:1 
(1, 17, 200, -31.275881265801438, 49.0, (-6.075876649356685, -14.535108452513361, -2.644460232405016, 17.360504158968965), 8.459094047546387)
Day:1 
(1, 18, 200, -35.81080537133635, 1089.0, (-62.32968293759828, -37.85289972163383, 39.70674560307521, -2.6936190958336774), 8.585106134414673)
Day:1 
(1, 19, 200, -35.246009218571345, 25.0, (-62.32968293759828, -37.85289972163383, 46.554564230566406, -15.798954374127897), 8.937963008880615)
Day:1 
(1, 20, 200, -35.09423073486297, 1369.0, (-62.32968293759828, -25.85232393577894, 0.5936573825492201, -15.798954374127897), 9.308791875839233)
Day:1 
(1, 21, 200, -34.1133781584785, 1.0, (-62.32968293759828, 13.574653407786514, 40.865737583108924, -0.1880564670359102), 9.17888593673706)
Day:1 
(1, 22, 200, -31.071419040298565, 0.0, (-9.89997532351408, 5.605798698545694, -5.126422138163862, 9.23312618437548), 8.61897611618042)
Day:1 
(1, 23, 200, -38.7223725735422, 441.0, (49.337882759889084, -26.68049163423951, -71.86527668651796, 53.76165790326878), 8.84203290939331)
Day:1 
(1, 24, 200, -35.50167730001778, 400.0, (-2.3967574941811, -62.02131865400522, -28.404869248409298, 53.76165790326878), 8.694303035736084)
Day:1 
(1, 25, 200, -34.55303050948933, 225.0, (40.877921290755125, 9.467295812456348, -38.6976218586186, 53.76165790326878), 8.87534499168396)
Day:1 
(1, 26, 200, -32.8556436820958, 0.0, (-22.79954099437281, 3.1787985110189965, -7.8430529234147635, 53.76165790326878), 8.614338159561157)
Day:1 
(1, 27, 200, -33.064715468646796, 841.0, (-22.79954099437281, -1.536674190504984, -2.282256381311529, 43.17587134754636), 9.254978895187378)
Day:1 
(1, 28, 200, -32.098417429234416, 1.0, (5.239151652964929, 14.806462187165792, -2.282256381311529, 43.17587134754636), 8.905515909194946)
Day:1 
(1, 29, 200, -32.10219421526173, 16.0, (0.18489717397046382, 14.806462187165792, 4.119817783735296, 43.17587134754636), 8.674367189407349)
Day:1 
(1, 30, 200, -32.640419751153516, 576.0, (0.18489717397046382, 27.59762690469952, -8.191178344682553, 35.53001139646133), 8.968174934387207)
Day:1 
(1, 31, 200, -34.74926234881285, 676.0, (-59.57333074776451, -33.671940719298526, 5.7958824536085025, -18.905626204679493), 8.787025928497314)
Day:1 
(1, 32, 200, -37.68718682493739, 3364.0, (-59.57333074776451, 44.36477968500762, 22.042939995113255, 18.440662205996457), 9.141286134719849)
Day:1 
(1, 33, 200, -33.29614527679964, 100.0, (-6.708602406379967, 22.367912126503494, 22.042939995113255, 55.437217106269564), 8.969928979873657)
Day:1 
(1, 34, 200, -35.276532564667164, 64.0, (64.79723715692091, 21.03138156839803, -1.4748490283998603, 55.437217106269564), 8.80518889427185)
Day:1 
(1, 35, 200, -34.460877844292995, 1600.0, (17.766848669185755, -9.32978609115556, 10.324240144111299, 55.437217106269564), 8.758064985275269)
Day:1 
(1, 36, 200, -33.72043551563321, 784.0, (5.805766388082075, 19.730929136994387, -9.229559444074377, 55.437217106269564), 8.477290153503418)
Day:1 
(1, 37, 200, -34.14497482595144, 361.0, (-43.716821423569876, -4.811458590355971, 12.968754742057252, 55.437217106269564), 8.878051996231079)
Day:1 
(1, 38, 200, -31.40531162307967, 49.0, (17.206230761554245, -4.811458590355971, -9.234900964826213, 19.620224133767532), 8.904123783111572)
Day:1 
(1, 39, 200, -34.877095584464314, 16.0, (17.206230761554245, 65.30919816568556, 14.213865142171603, 48.28909836658106), 8.994622230529785)
Day:1 
(1, 40, 200, -32.74076287257063, 81.0, (-20.281202294428432, 13.235297606754465, 14.213865142171603, 48.28909836658106), 9.196022987365723)
Day:1 
(1, 41, 200, -33.52710957655359, 196.0, (-20.281202294428432, 46.44115871903536, 14.126655733867455, 18.871969645436614), 8.939894914627075)
Day:1 
(1, 42, 200, -32.2180978823918, 196.0, (22.989401490570394, 5.013683399569346, 30.75947774390413, 17.485397952641865), 8.669764041900635)
Day:1 
(1, 43, 200, -31.872933733610978, 784.0, (1.3849474596112759, 5.013683399569346, 3.6234553509173226, 17.485397952641865), 9.066179037094116)
Day:1 
(1, 44, 200, -32.96947792499944, 784.0, (1.3849474596112759, 3.2573899758509577, 16.020107344379326, 45.28278600109013), 8.862726926803589)
Day:1 
(1, 45, 200, -33.13835966782591, 16.0, (1.3849474596112759, 21.36934020474033, -38.06677820776744, 45.28278600109013), 8.929234027862549)
Day:1 
(1, 46, 200, -33.68872936721209, 1024.0, (-48.20247189233363, 19.866401470546148, -8.1440674872607, 17.152947786587717), 8.55591106414795)
Day:1 
(1, 47, 200, -31.422947026727243, 16.0, (-9.237320565491865, 19.866401470546148, 10.174639078172843, 17.152947786587717), 9.127372980117798)
Day:1 
(1, 48, 200, -33.34483084478096, 729.0, (29.001642025223227, 21.57603989980806, -12.803637760581882, 39.2028246093344), 9.162194967269897)
Day:1 
(1, 49, 200, -32.34325562725749, 169.0, (10.777353460307076, 21.57603989980806, -12.259727238737304, 39.2028246093344), 8.981663942337036)
Day:1 
(1, 50, 200, -31.98309682419685, 49.0, (8.672447927214524, -14.739597152757742, 0.47476293510487394, 39.2028246093344), 8.686137914657593)
Day:2 
(2, 0, 200, -14374.90961647171, 1044238.0, (8.672447927214524, -14.739597152757742, 0.47476293510487394, 39.2028246093344), 10.543334007263184)
Day:2 
(2, 1, 200, -7095.58616774736, 919869.0, (8.672447927214524, -14.739597152757742, 2.0741349923735535, 1.679007096609076), 81.35065197944641)
Day:2 
(2, 2, 200, -5894.60473779526, 238710.0, (6.737412124757715, 0.9066079588543432, 2.0741349923735535, 1.679007096609076), 158.9244511127472)
Day:2 
(2, 3, 200, -1960.7135149838803, 157046.0, (6.286160849307293, -6.335486374567874, 2.0741349923735535, 1.679007096609076), 240.5194170475006)
Day:2 
(2, 4, 200, -1343.383307761213, 202758.0, (4.384224287436706, -6.335486374567874, 7.364427275886152, 1.679007096609076), 116.94660902023315)
Day:2 
(2, 5, 200, -1287.7806061161334, 184668.0, (4.384224287436706, -6.335486374567874, 7.364427275886152, 1.679007096609076), 135.06461882591248)
Day:2 
(2, 6, 200, -1170.9343112601064, 179358.0, (4.384224287436706, -6.335486374567874, 7.364427275886152, 1.679007096609076), 123.88135600090027)
Day:2 
(2, 7, 200, -1140.9462733169482, 178899.0, (4.384224287436706, -6.335486374567874, 7.364427275886152, 1.679007096609076), 121.98346304893494)
Day:2 
(2, 8, 200, -1122.8225433092646, 173695.0, (4.384224287436706, -6.335486374567874, 7.364427275886152, 1.679007096609076), 116.7168459892273)
Day:2 
(2, 9, 200, -1122.4859533243916, 173698.0, (4.384224287436706, -6.335486374567874, 7.364427275886152, 1.679007096609076), 124.02867913246155)
Day:2 
(2, 10, 200, -1117.6208786995144, 172917.0, (4.384224287436706, -6.335486374567874, 7.364427275886152, 1.679007096609076), 128.51601886749268)
Day:2 
(2, 11, 200, -1120.0525479165374, 172885.0, (4.384224287436706, -6.335486374567874, 7.364427275886152, 1.679007096609076), 129.62336897850037)
Day:2 
(2, 12, 200, -1129.447920133776, 173138.0, (4.384224287436706, -6.335486374567874, 7.364427275886152, 1.679007096609076), 124.87395715713501)
Day:2 
(2, 13, 200, -1121.7241912388192, 172183.0, (4.384224287436706, -6.335486374567874, 7.364427275886152, 1.679007096609076), 109.06362199783325)
Day:2 
(2, 14, 200, -1112.3980985849953, 172161.0, (4.384224287436706, -6.335486374567874, 7.364427275886152, 1.679007096609076), 105.46721696853638)
Day:2 
(2, 15, 200, -1111.4541317902697, 172141.0, (4.384224287436706, -6.335486374567874, 7.364427275886152, 1.679007096609076), 127.79009199142456)
Day:2 
(2, 16, 200, -1121.6052676153365, 172291.0, (4.384224287436706, -6.335486374567874, 7.364427275886152, 1.679007096609076), 143.92771887779236)
Day:2 
(2, 17, 200, -1115.1470625469772, 172424.0, (4.384224287436706, -6.335486374567874, 7.364427275886152, 1.679007096609076), 122.9336051940918)
Day:2 
(2, 18, 200, -1105.591605335848, 171846.0, (4.384224287436706, -6.335486374567874, 7.364427275886152, 1.679007096609076), 141.06870198249817)
Day:2 
(2, 19, 200, -1110.7489247683757, 171786.0, (4.384224287436706, -6.335486374567874, 7.364427275886152, 1.679007096609076), 118.89311385154724)
Day:2 
(2, 20, 200, -1110.208664133141, 171730.0, (4.384224287436706, -6.335486374567874, 7.364427275886152, 1.679007096609076), 115.84773516654968)
Day:2 
(2, 21, 200, -1089.4706861147931, 171380.0, (4.384224287436706, -6.335486374567874, 7.364427275886152, 1.679007096609076), 135.48238277435303)
Day:2 
(2, 22, 200, -1087.3848476437463, 171379.0, (4.384224287436706, -6.335486374567874, 7.364427275886152, 1.679007096609076), 106.16612601280212)
Day:2 
(2, 23, 200, -1082.2697732688287, 171384.0, (4.384224287436706, -6.335486374567874, 7.364427275886152, 1.679007096609076), 155.39494109153748)
Day:2 
(2, 24, 200, -1083.7045416171788, 171387.0, (4.384224287436706, -6.335486374567874, 7.364427275886152, 1.679007096609076), 138.2489459514618)
Day:2 
(2, 25, 200, -1077.109190471781, 171037.0, (4.384224287436706, -6.335486374567874, 7.364427275886152, 1.679007096609076), 110.12879705429077)
Day:2 
(2, 26, 200, -1084.8573153531713, 170869.0, (4.384224287436706, -6.335486374567874, 7.364427275886152, 1.679007096609076), 121.76795291900635)
Day:2 
(2, 27, 200, -1073.2244542530575, 170861.0, (4.384224287436706, -6.335486374567874, 7.364427275886152, 1.679007096609076), 112.40109205245972)
Day:2 
(2, 28, 200, -1074.6714296337657, 170879.0, (4.384224287436706, -6.335486374567874, 7.364427275886152, 1.679007096609076), 133.42273902893066)
Day:2 
(2, 29, 200, -1072.8340358427702, 170892.0, (4.384224287436706, -6.335486374567874, 7.364427275886152, 1.679007096609076), 145.54272389411926)
Day:2 
(2, 30, 200, -1059.4953160406717, 156089.0, (4.384224287436706, -6.335486374567874, 7.364427275886152, 1.679007096609076), 123.36348700523376)
Day:2 
(2, 31, 200, -1058.7775219676348, 156045.0, (4.384224287436706, -6.335486374567874, 7.364427275886152, 1.679007096609076), 171.84192609786987)
Day:2 
(2, 32, 200, -1057.0031408046873, 156139.0, (4.384224287436706, -6.335486374567874, 7.364427275886152, 1.679007096609076), 119.38549089431763)
Day:2 
(2, 33, 200, -1051.750801793407, 155771.0, (4.384224287436706, -6.335486374567874, 7.364427275886152, 1.679007096609076), 129.1790931224823)
Day:2 
(2, 34, 200, -1060.3318150759276, 155808.0, (4.384224287436706, -6.335486374567874, 7.364427275886152, 1.679007096609076), 144.7699990272522)
Day:2 
(2, 35, 200, -1053.4778163022902, 155731.0, (4.384224287436706, -6.335486374567874, 7.364427275886152, 1.679007096609076), 148.19658303260803)
Day:2 
(2, 36, 200, -1061.3946666918432, 155746.0, (4.384224287436706, -6.335486374567874, 7.364427275886152, 1.679007096609076), 131.07464790344238)
Day:2 
(2, 37, 200, -1045.4860736044845, 155755.0, (4.384224287436706, -6.335486374567874, 7.364427275886152, 1.679007096609076), 126.84410095214844)
Day:2 
(2, 38, 200, -1056.4247731513465, 155781.0, (4.384224287436706, -6.335486374567874, 7.364427275886152, 1.679007096609076), 132.81409096717834)
Day:2 
(2, 39, 200, -1051.6589466783032, 155395.0, (4.384224287436706, -6.335486374567874, 7.364427275886152, 1.679007096609076), 138.99853706359863)
Day:2 
(2, 40, 200, -1040.725055119042, 155102.0, (4.384224287436706, -6.335486374567874, 7.364427275886152, 1.679007096609076), 121.99124193191528)
Day:2 
(2, 41, 200, -1038.9612552349627, 154973.0, (4.384224287436706, -6.335486374567874, 7.364427275886152, 1.679007096609076), 129.12953305244446)
Day:2 
(2, 42, 200, -1039.873395741616, 154974.0, (4.384224287436706, -6.335486374567874, 7.364427275886152, 1.679007096609076), 132.98252296447754)
Day:2 
(2, 43, 200, -1044.007361465651, 155013.0, (4.384224287436706, -6.335486374567874, 7.364427275886152, 1.679007096609076), 116.33073711395264)
Day:2 
(2, 44, 200, -1021.1804579752785, 154398.0, (4.384224287436706, -6.335486374567874, 7.364427275886152, 1.679007096609076), 124.109787940979)
Day:2 
(2, 45, 200, -1015.1348418228271, 154286.0, (4.384224287436706, -6.335486374567874, 7.364427275886152, 1.679007096609076), 150.9847309589386)
Day:2 
(2, 46, 200, -1001.8617236321103, 136534.0, (4.384224287436706, -6.335486374567874, 7.364427275886152, 1.679007096609076), 149.47131514549255)
Day:2 
(2, 47, 200, -1004.9848594120389, 136536.0, (4.384224287436706, -6.335486374567874, 7.364427275886152, 1.679007096609076), 129.33851099014282)
Day:2 
(2, 48, 200, -999.8119233624549, 136481.0, (4.384224287436706, -6.335486374567874, 7.364427275886152, 1.679007096609076), 139.38629293441772)
Day:2 
(2, 49, 200, -1007.1488452248094, 136504.0, (4.384224287436706, -6.335486374567874, 7.364427275886152, 1.679007096609076), 121.99544596672058)
Day:2 
(2, 50, 200, -1007.5761231893638, 136478.0, (4.384224287436706, -6.335486374567874, 7.364427275886152, 1.679007096609076), 132.11660504341125)
Day:3 
(3, 0, 200, -3703.9399161295933, 402622.0, (4.384224287436706, -6.335486374567874, 7.364427275886152, 1.679007096609076), 17.678783893585205)
Day:3 
(3, 1, 200, -3670.7519156745866, 393170.0, (4.384224287436706, -6.335486374567874, 7.364427275886152, 1.679007096609076), 193.9714231491089)
Day:3 
(3, 2, 200, -3441.1523205769436, 393473.0, (4.384224287436706, -6.335486374567874, 7.364427275886152, 1.679007096609076), 152.722580909729)
Day:3 
(3, 3, 200, -3388.6415079472345, 393436.0, (4.384224287436706, -6.335486374567874, 7.364427275886152, 1.679007096609076), 193.8449411392212)
Day:3 
(3, 4, 200, -3365.2985885904336, 394187.0, (4.384224287436706, -6.335486374567874, 7.364427275886152, 1.679007096609076), 181.94938588142395)
Day:3 
(3, 5, 200, -3320.957874349714, 375433.0, (4.384224287436706, -6.335486374567874, 7.364427275886152, 1.679007096609076), 165.2591700553894)
Day:3 
(3, 6, 200, -3306.8354117319413, 375291.0, (4.384224287436706, -6.335486374567874, 7.364427275886152, 1.679007096609076), 203.83894300460815)
Day:3 
(3, 7, 200, -3286.653791735299, 374439.0, (4.384224287436706, -6.335486374567874, 7.364427275886152, 1.679007096609076), 155.25320196151733)
Day:3 
(3, 8, 200, -3275.563106831026, 374249.0, (4.384224287436706, -6.335486374567874, 7.364427275886152, 1.679007096609076), 183.85120797157288)
Day:3 
(3, 9, 200, -3279.4358053250207, 374466.0, (4.384224287436706, -6.335486374567874, 7.364427275886152, 1.679007096609076), 159.16842103004456)
Day:3 
(3, 10, 200, -3269.612631062002, 376962.0, (4.384224287436706, -6.335486374567874, 7.364427275886152, 1.679007096609076), 167.3866720199585)
Day:3 
(3, 11, 200, -3271.6883071126213, 377175.0, (4.384224287436706, -6.335486374567874, 7.364427275886152, 1.679007096609076), 175.1641891002655)
Day:3 
(3, 12, 200, -3272.5746042530063, 377191.0, (4.384224287436706, -6.335486374567874, 7.364427275886152, 1.679007096609076), 209.94084191322327)
Day:3 
(3, 13, 200, -3358.6480492409146, 260655.0, (4.384224287436706, -1.5576225325638522, 7.364427275886152, 1.679007096609076), 181.61648607254028)
Day:3 
(3, 14, 200, -3346.654418571906, 258596.0, (4.384224287436706, -1.5576225325638522, 7.364427275886152, 1.679007096609076), 241.69583201408386)
Day:3 
(3, 15, 200, -2497.5629275118836, 248120.0, (2.299932659945495, -1.5576225325638522, 7.364427275886152, 1.679007096609076), 224.5040237903595)
Day:3 
(3, 16, 200, -2457.8890287639533, 248149.0, (2.299932659945495, -1.5576225325638522, 7.364427275886152, 1.679007096609076), 213.6594409942627)
Day:3 
(3, 17, 200, -2402.5868691120513, 211128.0, (0.5615776828230089, -1.5576225325638522, 7.364427275886152, 1.679007096609076), 240.30048418045044)
Day:3 
(3, 18, 200, -2377.462221059279, 211357.0, (0.5615776828230089, -1.5576225325638522, 7.364427275886152, 1.679007096609076), 294.05139780044556)
Day:3 
(3, 19, 200, -2354.715588807162, 211451.0, (0.5615776828230089, -1.5576225325638522, 7.364427275886152, 1.679007096609076), 229.58920407295227)
Day:3 
(3, 20, 200, -2354.5633063498663, 211238.0, (0.5615776828230089, -1.5576225325638522, 7.364427275886152, 1.679007096609076), 284.5320930480957)
Day:3 
(3, 21, 200, -2337.7032486972976, 211340.0, (0.5615776828230089, -1.5576225325638522, 7.364427275886152, 1.679007096609076), 276.258740901947)
Day:3 
(3, 22, 200, -2497.8132887788342, 176188.0, (0.5615776828230089, -1.5576225325638522, 3.4445183679920883, 1.679007096609076), 348.1490070819855)
Day:3 
(3, 23, 200, -2474.821040903553, 176150.0, (0.5615776828230089, -1.5576225325638522, 3.4445183679920883, 1.679007096609076), 255.37276101112366)
Day:3 
(3, 24, 200, -2444.172839156171, 176268.0, (0.5615776828230089, -1.5576225325638522, 3.4445183679920883, 1.679007096609076), 338.1327600479126)
Day:3 
(3, 25, 200, -2408.422359214096, 176549.0, (0.5615776828230089, -1.5576225325638522, 3.4445183679920883, 1.679007096609076), 370.84542202949524)
Day:3 
(3, 26, 200, -2383.4177710088807, 176582.0, (0.5615776828230089, -1.5576225325638522, 3.4445183679920883, 1.679007096609076), 289.85003685951233)
Day:3 
(3, 27, 200, -2383.2776050600187, 176707.0, (0.5615776828230089, -1.5576225325638522, 3.4445183679920883, 1.679007096609076), 258.1294939517975)
Day:3 
(3, 28, 200, -2362.110557932593, 176734.0, (0.5615776828230089, -1.5576225325638522, 3.4445183679920883, 1.679007096609076), 274.2114260196686)
Day:3 
(3, 29, 200, -2352.278141504732, 177019.0, (0.5615776828230089, -1.5576225325638522, 3.4445183679920883, 1.679007096609076), 318.13717103004456)
Day:3 
(3, 30, 200, -2330.5127984032624, 177169.0, (0.5615776828230089, -1.5576225325638522, 3.4445183679920883, 1.679007096609076), 281.0761740207672)
Day:3 
(3, 31, 200, -2304.188502359684, 176946.0, (0.5615776828230089, -1.5576225325638522, 3.4445183679920883, 1.679007096609076), 381.37300300598145)
Day:3 
(3, 32, 200, -2299.087402826681, 176740.0, (0.5615776828230089, -1.5576225325638522, 3.4445183679920883, 1.679007096609076), 295.84858202934265)
Day:3 
(3, 33, 200, -2281.8180992536845, 176047.0, (0.5615776828230089, -1.5576225325638522, 3.4445183679920883, 1.679007096609076), 342.1024971008301)
Day:3 
(3, 34, 200, -2254.9908020811918, 176224.0, (0.5615776828230089, -1.5576225325638522, 3.4445183679920883, 1.679007096609076), 299.6450560092926)
Day:3 
(3, 35, 200, -2233.183469863323, 177608.0, (0.5615776828230089, -1.5576225325638522, 3.4445183679920883, 1.679007096609076), 309.09717178344727)
Day:3 
(3, 36, 200, -2219.2014301436993, 177486.0, (0.5615776828230089, -1.5576225325638522, 3.4445183679920883, 1.679007096609076), 376.8854811191559)
Day:3 
(3, 37, 200, -2219.313811904218, 177241.0, (0.5615776828230089, -1.5576225325638522, 3.4445183679920883, 1.679007096609076), 320.8176500797272)
Day:3 
(3, 38, 200, -2212.5713676018604, 176964.0, (0.5615776828230089, -1.5576225325638522, 3.4445183679920883, 1.679007096609076), 286.58469891548157)
Day:3 
(3, 39, 200, -2211.983988181598, 177027.0, (0.5615776828230089, -1.5576225325638522, 3.4445183679920883, 1.679007096609076), 236.5220890045166)
Day:3 
(3, 40, 200, -2199.8573850617595, 174356.0, (0.5615776828230089, -1.5576225325638522, 3.4445183679920883, 1.679007096609076), 283.271595954895)
Day:3 
(3, 41, 200, -2192.400104342729, 174189.0, (0.5615776828230089, -1.5576225325638522, 3.4445183679920883, 1.679007096609076), 311.75961899757385)
Day:3 
(3, 42, 200, -2192.8697898163327, 174105.0, (0.5615776828230089, -1.5576225325638522, 3.4445183679920883, 1.679007096609076), 309.4083180427551)
Day:3 
(3, 43, 200, -2198.590057022833, 174227.0, (0.5615776828230089, -1.5576225325638522, 3.4445183679920883, 1.679007096609076), 307.1950099468231)
Day:3 
(3, 44, 200, -2188.495216627469, 174244.0, (0.5615776828230089, -1.5576225325638522, 3.4445183679920883, 1.679007096609076), 301.9007821083069)
Day:3 
(3, 45, 200, -2172.4141390159757, 172856.0, (0.5615776828230089, -1.5576225325638522, 3.4445183679920883, 1.679007096609076), 331.5234739780426)
Day:3 
(3, 46, 200, -2164.9551464957713, 172852.0, (0.5615776828230089, -1.5576225325638522, 3.4445183679920883, 1.679007096609076), 252.70655703544617)
Day:3 
(3, 47, 200, -2162.4985116412836, 173186.0, (0.5615776828230089, -1.5576225325638522, 3.4445183679920883, 1.679007096609076), 245.12795090675354)
Day:3 
(3, 48, 200, -2163.7571898601755, 173170.0, (0.5615776828230089, -1.5576225325638522, 3.4445183679920883, 1.679007096609076), 248.69234800338745)
Day:3 
(3, 49, 200, -2159.773797901338, 173132.0, (0.5615776828230089, -1.5576225325638522, 3.4445183679920883, 1.679007096609076), 314.42942905426025)
Day:3 
(3, 50, 200, -2166.0931490996163, 173756.0, (0.5615776828230089, -1.5576225325638522, 3.4445183679920883, 1.679007096609076), 291.39536595344543)