
Day:1 
(1, 0, 200, -32.41973955207395, 900.0, (23.533242191255745, -23.472348600071854, 7.441323649973841, 25.268257494834227), 4.120550155639648)
Day:1 
(1, 1, 200, -32.43440487596211, 64.0, (8.257712301815157, 39.27951652127694, 7.441323649973841, 25.16995173443623), 7.690564870834351)
Day:1 
(1, 2, 200, -30.940497022533854, 36.0, (-0.8026839888184619, 22.554859003957702, -11.982405537992705, 25.16995173443623), 7.819746971130371)
Day:1 
(1, 3, 200, -32.646642384205535, 144.0, (-29.342271442992445, -15.84458122726979, 28.67828501813818, 25.16995173443623), 7.580332040786743)
Day:1 
(1, 4, 200, -33.04137450305123, 64.0, (38.55619048956405, 0.6232044560968163, 28.67828501813818, 25.16995173443623), 7.954770088195801)
Day:1 
(1, 5, 200, -32.871428114842715, 484.0, (15.078787841321786, 27.815741099302915, 28.67828501813818, 25.16995173443623), 7.971753835678101)
Day:1 
(1, 6, 200, -31.053072542150183, 36.0, (-28.482139485767277, 9.840520264534891, 13.99084772012184, 16.363723999958328), 7.5156800746917725)
Day:1 
(1, 7, 200, -30.84122008845018, 784.0, (5.053271227512406, 9.840520264534891, 13.99084772012184, 16.363723999958328), 8.339240074157715)
Day:1 
(1, 8, 200, -29.834267504113146, 64.0, (1.9883533887565175, 9.840520264534891, 3.385697042695569, 16.363723999958328), 8.242029905319214)
Day:1 
(1, 9, 200, -30.398929997108365, 36.0, (10.556955700628796, 5.259526196978145, -2.71014666382039, 26.58543268652449), 7.661226034164429)
Day:1 
(1, 10, 200, -31.26193383959353, 64.0, (10.556955700628796, -26.16742002413401, 3.5184158417699174, 26.58543268652449), 8.427790880203247)
Day:1 
(1, 11, 200, -30.797249951471358, 676.0, (-18.51525284111792, -8.253672791821574, 3.5184158417699174, 14.710891982428622), 7.546757221221924)
Day:1 
(1, 12, 200, -31.609119184113602, 49.0, (22.379735939526807, -9.730318637341027, 28.070299513644784, 11.344036530392868), 7.684252977371216)
Day:1 
(1, 13, 200, -30.013264301131205, 9.0, (13.274070099734292, -9.730318637341027, 12.767313561902716, 11.344036530392868), 8.14513087272644)
Day:1 
(1, 14, 200, -32.5832420946375, 576.0, (13.274070099734292, -9.730318637341027, 42.231963344939054, 9.766672353575066), 8.16410207748413)
Day:1 
(1, 15, 200, -30.063943266785873, 0.0, (15.739714049000696, -9.061547154157893, -2.1530284518823235, 9.766672353575066), 7.846969842910767)
Day:1 
(1, 16, 200, -34.17934561471201, 3844.0, (15.739714049000696, -9.061547154157893, 5.49513092812462, 24.17178644861695), 8.183557033538818)
Day:1 
(1, 17, 200, -30.654511754121202, 400.0, (-7.680440507781991, 0.10890186550968387, 13.76516507404673, 22.454926736705456), 8.074558973312378)
Day:1 
(1, 18, 200, -31.24971409379859, 169.0, (-8.930397136033095, 20.5651648651205, 20.59432858321897, 22.454926736705456), 7.742924213409424)
Day:1 
(1, 19, 200, -32.02716897622227, 784.0, (-23.533973598551682, 22.39370762458629, 3.882087696918923, 22.454926736705456), 8.118875980377197)
Day:1 
(1, 20, 200, -33.198713235089606, 81.0, (-20.864020276083476, 16.11563811756489, 28.646734445823114, 39.27858133792473), 7.671762943267822)
Day:1 
(1, 21, 200, -35.08971804197792, 441.0, (-32.696739519372954, 19.409406070128114, 43.32352070148391, 30.731387251749183), 7.80155086517334)
Day:1 
(1, 22, 200, -32.10586654633818, 1.0, (13.096685030642409, 14.64767848922164, 30.222774475698007, 30.731387251749183), 8.019472122192383)
Day:1 
(1, 23, 200, -34.125462723321135, 2304.0, (-6.42268987569137, -7.288582093768919, 30.222774475698007, 30.731387251749183), 8.033482074737549)
Day:1 
(1, 24, 200, -29.590575864217243, 16.0, (-6.42268987569137, 1.1814349073625756, 9.772990721915773, 9.140073788895595), 7.554503917694092)
Day:1 
(1, 25, 200, -31.101111116173698, 49.0, (-27.603291143432294, -23.64063379552957, 0.8201612308965065, 9.140073788895595), 8.034133911132812)
Day:1 
(1, 26, 200, -30.51892512649636, 324.0, (2.4969826311281635, -23.64063379552957, 7.620852814886349, 9.140073788895595), 7.820268154144287)
Day:1 
(1, 27, 200, -32.26488875851198, 225.0, (17.45832600352098, -23.64063379552957, 3.1668497418673374, 3.3278875015283536), 8.053705930709839)
Day:1 
(1, 28, 200, -31.35400444168967, 1369.0, (17.45832600352098, -4.286074690031308, 3.1668497418673374, 15.79618507978347), 8.258786916732788)
Day:1 
(1, 29, 200, -35.55551204596631, 9.0, (23.877069097122337, -21.15191952358357, -4.937151769279456, 62.904246566866384), 7.695513010025024)
Day:1 
(1, 30, 200, -36.08960955034712, 324.0, (-21.472835278324002, 25.016111662632216, -10.929210417352639, 62.904246566866384), 8.035799026489258)
Day:1 
(1, 31, 200, -32.54520255658884, 4.0, (-3.264326152907427, -1.117789159608947, -0.37385118708022785, 50.798939728172606), 7.548779010772705)
Day:1 
(1, 32, 200, -38.96798308856799, 2500.0, (23.857794795152817, -5.3602829241294625, -51.22748579827546, 50.798939728172606), 7.931349039077759)
Day:1 
(1, 33, 200, -36.20770827557325, 3481.0, (6.835243157021911, 14.002336429859055, -4.52258295762109, 50.798939728172606), 7.925735950469971)
Day:1 
(1, 34, 200, -30.7982265149155, 324.0, (1.9595661658323866, 14.002336429859055, -4.52258295762109, 26.99782014435617), 7.999948978424072)
Day:1 
(1, 35, 200, -32.33741865497032, 2025.0, (1.9595661658323866, -1.0860474656367036, -4.52258295762109, 26.99782014435617), 8.087579011917114)
Day:1 
(1, 36, 200, -31.57792778366968, 169.0, (20.575274301223114, -10.837632504551957, 20.589331508311982, 26.99782014435617), 8.214998960494995)
Day:1 
(1, 37, 200, -34.10829463039396, 576.0, (-15.905270674109955, 34.1384199710017, -18.856409596763896, 40.33869614360178), 8.106098175048828)
Day:1 
(1, 38, 200, -35.3178312932894, 484.0, (-25.016953300573988, 43.594359238169474, -16.14735619719018, 40.33869614360178), 8.09483289718628)
Day:1 
(1, 39, 200, -34.10494511290658, 289.0, (-1.576647053817759, -14.737459098413952, -16.14735619719018, 56.04859985147017), 7.6237969398498535)
Day:1 
(1, 40, 200, -30.7319710850265, 361.0, (-7.849354200552669, -14.737459098413952, 8.487583692713578, 22.72861125145575), 7.981259107589722)
Day:1 
(1, 41, 200, -31.1550791827171, 1156.0, (2.3784590382376054, 3.541765977767625, -13.304765455743166, 18.289811051445927), 7.745702028274536)
Day:1 
(1, 42, 200, -30.994906937315736, 484.0, (3.8229187912467575, 3.541765977767625, 7.928050890210753, 29.42637148093078), 8.089728832244873)
Day:1 
(1, 43, 200, -32.81787282228019, 2304.0, (1.9791388834462738, 3.541765977767625, 12.278770177288264, 29.42637148093078), 8.132045030593872)
Day:1 
(1, 44, 200, -30.241547646814826, 49.0, (5.282615575318067, -12.892321559105273, 1.356033085395351, 22.834782192935354), 7.516415119171143)
Day:1 
(1, 45, 200, -31.61798970891606, 289.0, (-31.060599266607515, -0.5460691082957938, 11.326020156607763, 22.834782192935354), 7.895585060119629)
Day:1 
(1, 46, 200, -29.441935685018386, 9.0, (-4.515322909056503, -0.5460691082957938, -1.2599124697843236, 9.124373915703996), 8.131472826004028)
Day:1 
(1, 47, 200, -30.700189946139425, 121.0, (-4.515322909056503, 18.82306746687944, -11.692831526072062, 17.922764206006345), 8.268074035644531)
Day:1 
(1, 48, 200, -31.625314589907337, 1156.0, (-4.515322909056503, -18.986188729714957, -19.18133463969646, 14.69120035672528), 8.268224954605103)
Day:1 
(1, 49, 200, -30.980062679142854, 25.0, (-4.515322909056503, -35.9948714376821, 2.2947800348260534, -1.0627006504391325), 8.403454065322876)
Day:1 
(1, 50, 200, -34.40689340217668, 841.0, (11.583941426624973, -35.9948714376821, 40.011770208837156, 18.990898326612648), 8.41742992401123)
Day:2 
(2, 0, 200, -14342.328772500578, 977638.0, (11.583941426624973, -35.9948714376821, 40.011770208837156, 18.990898326612648), 10.170746088027954)
Day:2 
(2, 1, 200, -1388.2728345735684, 203198.0, (11.583941426624973, 25.169965061202827, 40.011770208837156, 18.990898326612648), 40.20693612098694)
Day:2 
(2, 2, 200, -1384.5854731946358, 202407.0, (11.583941426624973, 25.169965061202827, 40.011770208837156, 18.990898326612648), 46.08297395706177)
Day:2 
(2, 3, 200, -1337.0474800200027, 201590.0, (11.583941426624973, 25.169965061202827, 40.011770208837156, 18.990898326612648), 46.194806814193726)
Day:2 
(2, 4, 200, -1337.9903519104482, 201617.0, (11.583941426624973, 25.169965061202827, 40.011770208837156, 18.990898326612648), 55.83830404281616)
Day:2 
(2, 5, 200, -1338.336493410653, 201689.0, (11.583941426624973, 25.169965061202827, 40.011770208837156, 18.990898326612648), 59.95648217201233)
Day:2 
(2, 6, 200, -1331.3484653558148, 183417.0, (11.583941426624973, 25.169965061202827, 40.011770208837156, 18.990898326612648), 58.44457483291626)
Day:2 
(2, 7, 200, -1328.0328136090657, 182446.0, (11.583941426624973, 25.169965061202827, 40.011770208837156, 18.990898326612648), 61.338032960891724)
Day:2 
(2, 8, 200, -1323.0502862492806, 182369.0, (11.583941426624973, 25.169965061202827, 40.011770208837156, 18.990898326612648), 47.61473321914673)
Day:2 
(2, 9, 200, -1315.233516486826, 170422.0, (11.583941426624973, 25.169965061202827, 40.011770208837156, 18.990898326612648), 61.0162308216095)
Day:2 
(2, 10, 200, -1317.2970318182183, 170466.0, (11.583941426624973, 25.169965061202827, 40.011770208837156, 18.990898326612648), 49.261614084243774)
Day:2 
(2, 11, 200, -1314.5241517465704, 170234.0, (11.583941426624973, 25.169965061202827, 40.011770208837156, 18.990898326612648), 69.2158579826355)
Day:2 
(2, 12, 200, -1313.7582356004432, 170370.0, (11.583941426624973, 25.169965061202827, 40.011770208837156, 18.990898326612648), 54.78334307670593)
Day:2 
(2, 13, 200, -1298.8626178589461, 170019.0, (11.583941426624973, 25.169965061202827, 40.011770208837156, 18.990898326612648), 69.65989589691162)
Day:2 
(2, 14, 200, -1299.6555092950814, 170410.0, (11.583941426624973, 25.169965061202827, 40.011770208837156, 18.990898326612648), 51.758305072784424)
Day:2 
(2, 15, 200, -1300.1741094192218, 170049.0, (11.583941426624973, 25.169965061202827, 40.011770208837156, 18.990898326612648), 52.69062900543213)
Day:2 
(2, 16, 200, -1300.8561303802403, 170706.0, (11.583941426624973, 25.169965061202827, 40.011770208837156, 18.990898326612648), 63.123108863830566)
Day:2 
(2, 17, 200, -1300.0435865053123, 169974.0, (11.583941426624973, 25.169965061202827, 40.011770208837156, 18.990898326612648), 56.35896611213684)
Day:2 
(2, 18, 200, -1300.8576634532938, 170193.0, (11.583941426624973, 25.169965061202827, 40.011770208837156, 18.990898326612648), 47.66608190536499)
Day:2 
(2, 19, 200, -1302.6238006886392, 170166.0, (11.583941426624973, 25.169965061202827, 40.011770208837156, 18.990898326612648), 52.17428207397461)
Day:2 
(2, 20, 200, -1297.9416523428708, 169902.0, (11.583941426624973, 25.169965061202827, 40.011770208837156, 18.990898326612648), 54.74801802635193)
Day:2 
(2, 21, 200, -1289.1157503590002, 170040.0, (11.583941426624973, 25.169965061202827, 40.011770208837156, 18.990898326612648), 45.62297201156616)
Day:2 
(2, 22, 200, -1289.103783708311, 169805.0, (11.583941426624973, 25.169965061202827, 40.011770208837156, 18.990898326612648), 59.56210994720459)
Day:2 
(2, 23, 200, -1288.6820866933779, 169689.0, (11.583941426624973, 25.169965061202827, 40.011770208837156, 18.990898326612648), 51.095381021499634)
Day:2 
(2, 24, 200, -1289.5018014108816, 169252.0, (11.583941426624973, 25.169965061202827, 40.011770208837156, 18.990898326612648), 48.469825983047485)
Day:2 
(2, 25, 200, -702.746357130214, 43971.0, (11.583941426624973, 25.169965061202827, 25.22633236017281, 18.990898326612648), 61.76821804046631)
Day:2 
(2, 26, 200, -698.027711403103, 43563.0, (11.583941426624973, 25.169965061202827, 25.22633236017281, 18.990898326612648), 50.9822940826416)
Day:2 
(2, 27, 200, -683.4383488657663, 41340.0, (11.583941426624973, 25.169965061202827, 25.22633236017281, 18.990898326612648), 55.531903982162476)
Day:2 
(2, 28, 200, -664.9321132867797, 40975.0, (11.583941426624973, 25.169965061202827, 25.22633236017281, 18.990898326612648), 58.80204391479492)
Day:2 
(2, 29, 200, -653.3654743498049, 41021.0, (11.583941426624973, 25.169965061202827, 25.22633236017281, 18.990898326612648), 54.32292604446411)
Day:2 
(2, 30, 200, -652.9094918716124, 39414.0, (11.583941426624973, 25.169965061202827, 25.22633236017281, 18.990898326612648), 56.77924084663391)
Day:2 
(2, 31, 200, -645.4134987439271, 39342.0, (11.583941426624973, 25.169965061202827, 25.22633236017281, 18.990898326612648), 68.43984198570251)
Day:2 
(2, 32, 200, -642.0578269135245, 38217.0, (11.583941426624973, 25.169965061202827, 25.22633236017281, 18.990898326612648), 62.92152810096741)
Day:2 
(2, 33, 200, -644.2972447442463, 37180.0, (11.583941426624973, 25.169965061202827, 25.22633236017281, 18.990898326612648), 62.63584589958191)
Day:2 
(2, 34, 200, -630.6646018998224, 39656.0, (11.583941426624973, 25.169965061202827, 25.22633236017281, 18.990898326612648), 67.67529010772705)
Day:2 
(2, 35, 200, -618.3667556524681, 38989.0, (11.583941426624973, 25.169965061202827, 25.22633236017281, 18.990898326612648), 60.531126976013184)
Day:2 
(2, 36, 200, -612.4136602783564, 31172.0, (11.583941426624973, 25.169965061202827, 25.22633236017281, 18.990898326612648), 49.47289800643921)
Day:2 
(2, 37, 200, -614.2872700221545, 31600.0, (11.583941426624973, 25.169965061202827, 25.22633236017281, 18.990898326612648), 61.89353609085083)
Day:2 
(2, 38, 200, -611.9225269367759, 31999.0, (11.583941426624973, 25.169965061202827, 25.22633236017281, 18.990898326612648), 64.56559181213379)
Day:2 
(2, 39, 200, -613.658043644635, 30944.0, (11.583941426624973, 25.169965061202827, 25.22633236017281, 18.990898326612648), 67.92770099639893)
Day:2 
(2, 40, 200, -613.0426029839172, 34501.0, (11.583941426624973, 25.169965061202827, 25.22633236017281, 18.990898326612648), 46.96238112449646)
Day:2 
(2, 41, 200, -616.6581032463729, 33853.0, (11.583941426624973, 25.169965061202827, 25.22633236017281, 18.990898326612648), 62.97200393676758)
Day:2 
(2, 42, 200, -616.9065170107157, 33211.0, (11.583941426624973, 25.169965061202827, 25.22633236017281, 18.990898326612648), 71.88431715965271)
Day:2 
(2, 43, 200, -611.6598463525092, 32963.0, (11.583941426624973, 25.169965061202827, 25.22633236017281, 18.990898326612648), 56.277100801467896)
Day:2 
(2, 44, 200, -611.1619912606093, 33363.0, (11.583941426624973, 25.169965061202827, 25.22633236017281, 18.990898326612648), 61.500272035598755)
Day:2 
(2, 45, 200, -615.6022138884897, 37613.0, (11.583941426624973, 25.169965061202827, 25.22633236017281, 18.990898326612648), 64.56444501876831)
Day:2 
(2, 46, 200, -612.7094737602648, 32256.0, (11.583941426624973, 25.169965061202827, 25.22633236017281, 18.990898326612648), 66.44787311553955)
Day:2 
(2, 47, 200, -617.7384763310512, 32047.0, (11.583941426624973, 25.169965061202827, 25.22633236017281, 18.990898326612648), 57.59242486953735)
Day:2 
(2, 48, 200, -614.6951468272136, 31340.0, (11.583941426624973, 25.169965061202827, 25.22633236017281, 18.990898326612648), 55.71898102760315)
Day:2 
(2, 49, 200, -615.4458497689648, 33334.0, (11.583941426624973, 25.169965061202827, 25.22633236017281, 18.990898326612648), 59.9159939289093)
Day:2 
(2, 50, 200, -612.9707717957891, 31971.0, (11.583941426624973, 25.169965061202827, 25.22633236017281, 18.990898326612648), 65.32305908203125)
Day:3 
(3, 0, 200, -1342.9775497640737, 24795.0, (11.583941426624973, 25.169965061202827, 25.22633236017281, 18.990898326612648), 15.969983100891113)
Day:3 
(3, 1, 200, -1217.6707474422985, 24444.0, (11.583941426624973, 25.169965061202827, 25.22633236017281, 18.990898326612648), 136.78319787979126)
Day:3 
(3, 2, 200, -1173.7331685134566, 23108.0, (11.583941426624973, 25.169965061202827, 25.22633236017281, 18.990898326612648), 126.40221500396729)
Day:3 
(3, 3, 200, -1165.6218737578345, 23066.0, (11.583941426624973, 25.169965061202827, 25.22633236017281, 18.990898326612648), 132.25661897659302)
Day:3 
(3, 4, 200, -1163.466065547745, 22999.0, (11.583941426624973, 25.169965061202827, 25.22633236017281, 18.990898326612648), 114.17566108703613)
Day:3 
(3, 5, 200, -1158.9878885138621, 22884.0, (11.583941426624973, 25.169965061202827, 25.22633236017281, 18.990898326612648), 124.30995488166809)
Day:3 
(3, 6, 200, -1154.9264380066145, 22776.0, (11.583941426624973, 25.169965061202827, 25.22633236017281, 18.990898326612648), 135.4639630317688)
Day:3 
(3, 7, 200, -1150.5492490587135, 22504.0, (11.583941426624973, 25.169965061202827, 25.22633236017281, 18.990898326612648), 139.0035741329193)
Day:3 
(3, 8, 200, -1144.7142702870976, 22502.0, (11.583941426624973, 25.169965061202827, 25.22633236017281, 18.990898326612648), 121.87754988670349)
Day:3 
(3, 9, 200, -1144.5622474575594, 22502.0, (11.583941426624973, 25.169965061202827, 25.22633236017281, 18.990898326612648), 138.15085697174072)
Day:3 
(3, 10, 200, -1122.846259212899, 22189.0, (11.583941426624973, 25.169965061202827, 25.22633236017281, 18.990898326612648), 135.47053599357605)
Day:3 
(3, 11, 200, -1122.846259212899, 22189.0, (11.583941426624973, 25.169965061202827, 25.22633236017281, 18.990898326612648), 135.56949615478516)
Day:3 
(3, 12, 200, -1122.846259212899, 22189.0, (11.583941426624973, 25.169965061202827, 25.22633236017281, 18.990898326612648), 126.06991696357727)
Day:3 
(3, 13, 200, -1125.7240386564154, 22031.0, (11.583941426624973, 25.169965061202827, 25.22633236017281, 18.990898326612648), 151.68271803855896)
Day:3 
(3, 14, 200, -1123.1594792935825, 22018.0, (11.583941426624973, 25.169965061202827, 25.22633236017281, 18.990898326612648), 137.80159497261047)
Day:3 
(3, 15, 200, -1118.530088165705, 22017.0, (11.583941426624973, 25.169965061202827, 25.22633236017281, 18.990898326612648), 143.08449792861938)
Day:3 
(3, 16, 200, -1118.530088165705, 22017.0, (11.583941426624973, 25.169965061202827, 25.22633236017281, 18.990898326612648), 132.13921189308167)
Day:3 
(3, 17, 200, -1115.6586264751288, 21537.0, (11.583941426624973, 25.169965061202827, 25.22633236017281, 18.990898326612648), 144.8343150615692)
Day:3 
(3, 18, 200, -1115.6586264751288, 21537.0, (11.583941426624973, 25.169965061202827, 25.22633236017281, 18.990898326612648), 126.65279912948608)
Day:3 
(3, 19, 200, -1115.9656386589375, 21536.0, (11.583941426624973, 25.169965061202827, 25.22633236017281, 18.990898326612648), 136.9154589176178)
Day:3 
(3, 20, 200, -1115.5134469657662, 21407.0, (11.583941426624973, 25.169965061202827, 25.22633236017281, 18.990898326612648), 133.45341300964355)
Day:3 
(3, 21, 200, -1115.864325635311, 21622.0, (11.583941426624973, 25.169965061202827, 25.22633236017281, 18.990898326612648), 140.8337070941925)
Day:3 
(3, 22, 200, -1115.532638023047, 21511.0, (11.583941426624973, 25.169965061202827, 25.22633236017281, 18.990898326612648), 125.36406183242798)
Day:3 
(3, 23, 200, -1115.2168859090132, 21510.0, (11.583941426624973, 25.169965061202827, 25.22633236017281, 18.990898326612648), 146.05217814445496)
Day:3 
(3, 24, 200, -1115.4719081013377, 21581.0, (11.583941426624973, 25.169965061202827, 25.22633236017281, 18.990898326612648), 139.63400888442993)
Day:3 
(3, 25, 200, -1112.7965130277646, 21580.0, (11.583941426624973, 25.169965061202827, 25.22633236017281, 18.990898326612648), 158.1576099395752)
Day:3 
(3, 26, 200, -1113.7098377927366, 21053.0, (11.583941426624973, 25.169965061202827, 25.22633236017281, 18.990898326612648), 147.54110622406006)
Day:3 
(3, 27, 200, -1113.7098377927366, 21053.0, (11.583941426624973, 25.169965061202827, 25.22633236017281, 18.990898326612648), 145.21734976768494)
Day:3 
(3, 28, 200, -1112.9495119416424, 21008.0, (11.583941426624973, 25.169965061202827, 25.22633236017281, 18.990898326612648), 140.2283329963684)
Day:3 
(3, 29, 200, -1113.5683504034646, 20740.0, (11.583941426624973, 25.169965061202827, 25.22633236017281, 18.990898326612648), 153.7400460243225)
Day:3 
(3, 30, 200, -1115.714036594537, 20881.0, (11.583941426624973, 25.169965061202827, 25.22633236017281, 18.990898326612648), 140.1319010257721)
Day:3 
(3, 31, 200, -1117.159708879832, 20602.0, (11.583941426624973, 25.169965061202827, 25.22633236017281, 18.990898326612648), 134.53182697296143)
Day:3 
(3, 32, 200, -1118.063234487095, 20603.0, (11.583941426624973, 25.169965061202827, 25.22633236017281, 18.990898326612648), 146.94706010818481)
Day:3 
(3, 33, 200, -1120.3309187618925, 20604.0, (11.583941426624973, 25.169965061202827, 25.22633236017281, 18.990898326612648), 149.91285395622253)
Day:3 
(3, 34, 200, -1122.3762323188976, 20601.0, (11.583941426624973, 25.169965061202827, 25.22633236017281, 18.990898326612648), 140.35221195220947)
Day:3 
(3, 35, 200, -1117.3085320974747, 20591.0, (11.583941426624973, 25.169965061202827, 25.22633236017281, 18.990898326612648), 149.98522305488586)
Day:3 
(3, 36, 200, -1117.5412447405706, 20793.0, (11.583941426624973, 25.169965061202827, 25.22633236017281, 18.990898326612648), 143.37565898895264)
Day:3 
(3, 37, 200, -1121.5350473481546, 20786.0, (11.583941426624973, 25.169965061202827, 25.22633236017281, 18.990898326612648), 148.94016408920288)
Day:3 
(3, 38, 200, -1121.5350473481546, 20786.0, (11.583941426624973, 25.169965061202827, 25.22633236017281, 18.990898326612648), 142.419606924057)
Day:3 
(3, 39, 200, -1121.5350473481546, 20786.0, (11.583941426624973, 25.169965061202827, 25.22633236017281, 18.990898326612648), 143.3728210926056)
Day:3 
(3, 40, 200, -1120.4477269181536, 20737.0, (11.583941426624973, 25.169965061202827, 25.22633236017281, 18.990898326612648), 157.14086604118347)
Day:3 
(3, 41, 200, -1120.9373453002522, 20766.0, (11.583941426624973, 25.169965061202827, 25.22633236017281, 18.990898326612648), 147.33340191841125)
Day:3 
(3, 42, 200, -1120.9373453002522, 20766.0, (11.583941426624973, 25.169965061202827, 25.22633236017281, 18.990898326612648), 138.83856892585754)
Day:3 
(3, 43, 200, -1118.3169313365818, 20894.0, (11.583941426624973, 25.169965061202827, 25.22633236017281, 18.990898326612648), 154.50940608978271)
Day:3 
(3, 44, 200, -1119.3373961205582, 20966.0, (11.583941426624973, 25.169965061202827, 25.22633236017281, 18.990898326612648), 153.48682284355164)
Day:3 
(3, 45, 200, -1122.5009660930361, 20966.0, (11.583941426624973, 25.169965061202827, 25.22633236017281, 18.990898326612648), 130.418062210083)
Day:3 
(3, 46, 200, -1118.641385016649, 20965.0, (11.583941426624973, 25.169965061202827, 25.22633236017281, 18.990898326612648), 151.96543788909912)
Day:3 
(3, 47, 200, -1120.2418045064271, 21005.0, (11.583941426624973, 25.169965061202827, 25.22633236017281, 18.990898326612648), 141.0181770324707)
Day:3 
(3, 48, 200, -1122.6544535341766, 21006.0, (11.583941426624973, 25.169965061202827, 25.22633236017281, 18.990898326612648), 143.09851503372192)
Day:3 
(3, 49, 200, -1122.7306021616998, 20921.0, (11.583941426624973, 25.169965061202827, 25.22633236017281, 18.990898326612648), 145.9027419090271)
Day:3 
(3, 50, 200, -1120.5365301609813, 20908.0, (11.583941426624973, 25.169965061202827, 25.22633236017281, 18.990898326612648), 160.87645411491394)