
Day:1 
(1, 0, 100, -5142.730394428032, 1646646.0, (7.748591548045706, 22.789943875474474, 58.95145456760844, 9.258273501045299), 4.171916961669922)
Day:1 
(1, 1, 100, -26.293810425223306, 441.0, (7.748591548045706, 1.9260643645746072, 1.789711502153634, 9.258273501045299), 7.717778921127319)
Day:1 
(1, 2, 100, -28.381644221333126, 144.0, (3.935111240739786, 1.9260643645746072, 33.82527332235008, 8.981580530931026), 7.7242021560668945)
Day:1 
(1, 3, 100, -26.095515845345876, 289.0, (7.381758931517009, 0.3162399895937445, 0.28946824403522053, 37.580356461829105), 7.307150840759277)
Day:1 
(1, 4, 100, -29.41517105256193, 1369.0, (3.5010112379861673, 1.973318443903793, 6.297711497007252, 37.580356461829105), 7.361560106277466)
Day:1 
(1, 5, 100, -30.881711245673078, 196.0, (10.949604329853523, 1.9793163144327124, 22.06533830458828, 41.495386142418305), 7.494513988494873)
Day:1 
(1, 6, 100, -28.078253626628868, 441.0, (0.6137452085473482, 3.895929348709457, 5.317010975959655, 41.495386142418305), 7.527519941329956)
Day:1 
(1, 7, 100, -27.991924359848007, 900.0, (0.16171685287136975, 1.0955305777732887, 14.512546861263758, 41.495386142418305), 7.44914698600769)
Day:1 
(1, 8, 100, -27.298878731987962, 196.0, (6.201233592369302, 1.5806682803481384, 0.5426825523472453, 41.495386142418305), 7.448350191116333)
Day:1 
(1, 9, 100, -32.723227209295594, 484.0, (38.5138912215504, 3.5304197579523784, 11.947585627092218, 41.495386142418305), 7.697629928588867)
Day:1 
(1, 10, 100, -31.968449440680946, 324.0, (13.407028234363363, 35.67924453962297, 1.3887782126095123, 41.495386142418305), 7.583086967468262)
Day:1 
(1, 11, 100, -28.72712457512731, 0.0, (8.116019596668671, 11.980782942347806, 0.40979065045538554, 41.495386142418305), 7.46924901008606)
Day:1 
(1, 12, 100, -28.79701143995369, 225.0, (2.1301336610225636, 2.0472993655263028, 11.291754078149447, 41.495386142418305), 7.720454931259155)
Day:1 
(1, 13, 100, -23.742765221324465, 1444.0, (0.3025603108845322, 0.6614560519737603, 0.05634537516098469, 20.309637379416785), 7.358919143676758)
Day:1 
(1, 14, 100, -25.516044546706595, 1369.0, (2.902002324143576, 1.9033914657684894, 0.05634537516098469, 20.309637379416785), 7.723925828933716)
Day:1 
(1, 15, 100, -30.557739192589526, 676.0, (1.0132065810601467, 30.598066133894775, 15.711347637446154, 20.309637379416785), 7.839682102203369)
Day:1 
(1, 16, 100, -27.936823846006583, 0.0, (7.979134660861441, 12.102115624500158, 1.2449548094800353, 20.754974093345147), 7.613609075546265)
Day:1 
(1, 17, 100, -27.11962199664026, 484.0, (11.22629669731168, 3.6178754790694745, 0.8104714088772935, 15.770659791644587), 7.514178991317749)
Day:1 
(1, 18, 100, -25.41903909796308, 144.0, (1.7454933826683323, 3.4346961141568637, 0.9542784918274655, 15.770659791644587), 7.642119884490967)
Day:1 
(1, 19, 100, -26.42426664915799, 256.0, (1.7454933826683323, 3.446912010365395, 4.226579872871177, 15.770659791644587), 7.624133110046387)
Day:1 
(1, 20, 100, -25.69928719104574, 225.0, (2.090853211105643, 3.446912010365395, 1.154715275614917, 15.770659791644587), 8.065692901611328)
Day:1 
(1, 21, 100, -26.676832665406, 25.0, (3.199237664947661, 3.446912010365395, 4.3639678733227445, 16.73222163193746), 7.429332971572876)
Day:1 
(1, 22, 100, -28.496092800230212, 1936.0, (0.15391895187058355, 4.366996236526846, 17.41347119292776, 16.73222163193746), 7.55318808555603)
Day:1 
(1, 23, 100, -25.88849498768426, 169.0, (0.0016040118332797696, 4.366996236526846, 37.51789882873307, 18.242208125407075), 7.939137935638428)
Day:1 
(1, 24, 100, -30.86152774649407, 1.0, (6.034105882404709, 17.10736230883782, 28.497417294583272, 18.242208125407075), 7.487952947616577)
Day:1 
(1, 25, 100, -29.09245732336018, 400.0, (3.035516521890697, 6.9470701336027165, 28.497417294583272, 8.858619940378652), 7.715023994445801)
Day:1 
(1, 26, 100, -26.149317076490842, 529.0, (0.4430396965114961, 6.9470701336027165, 6.24764258106172, 8.858619940378652), 7.702138185501099)
Day:1 
(1, 27, 100, -23.017812221259216, 961.0, (0.3099351217685942, 0.02326463773207416, 0.16956478742087247, 34.46438268808375), 7.896765947341919)
Day:1 
(1, 28, 100, -30.524202290974724, 16.0, (19.192070870105407, 22.153627030003275, 0.9089797892661222, 34.46438268808375), 7.820389986038208)
Day:1 
(1, 29, 100, -29.01984050857691, 4225.0, (0.00020049140675645533, 11.230156981355801, 14.117890255283376, 34.46438268808375), 7.602786064147949)
Day:1 
(1, 30, 100, -27.586572037551818, 49.0, (10.56339986853177, 2.255150917812045, 9.426978626564821, 11.083438535397272), 7.817933797836304)
Day:1 
(1, 31, 100, -27.591874354882265, 16.0, (4.284362201024316, 11.369025011286299, 4.456478329070577, 11.083438535397272), 7.702041149139404)
Day:1 
(1, 32, 100, -30.10165531658606, 324.0, (4.284362201024316, 11.369025011286299, 31.61948027341276, 11.083438535397272), 8.24083399772644)
Day:1 
(1, 33, 100, -33.93228810316661, 5.0, (7.409496614384392, 11.369025011286299, 31.61948027341276, 11.083438535397272), 8.276120901107788)
Day:1 
(1, 34, 100, -31.10276678742708, 1225.0, (6.654973040862079, 6.292744150296127, 9.873419898680714, 38.70007853552456), 7.751343011856079)
Day:1 
(1, 35, 100, -32.819091169299924, 225.0, (47.629581871321086, 19.17666881416784, 1.2398672645830981, 38.70007853552456), 7.9671950340271)
Day:1 
(1, 36, 100, -26.02419544147781, 36.0, (0.5777546089594742, 2.3606118253483763, 0.9100265803476522, 38.70007853552456), 7.738729953765869)
Day:1 
(1, 37, 100, -26.867988323844735, 784.0, (5.664782431086403, 0.038032564587179934, 3.7936306164436195, 38.70007853552456), 7.730608940124512)
Day:1 
(1, 38, 100, -29.391837661788415, 196.0, (7.39323494014775, 14.276361661388353, 1.1075274008452827, 38.70007853552456), 7.641586065292358)
Day:1 
(1, 39, 100, -28.671537503086206, 25.0, (11.364756700416736, 7.573772096224906, 0.617597990291045, 38.70007853552456), 7.53751015663147)
Day:1 
(1, 40, 100, -24.295099442760307, 289.0, (2.964254149467704, 0.28025821335491446, 0.030884793800962356, 38.70007853552456), 8.069086790084839)
Day:1 
(1, 41, 100, -26.332007970930864, 441.0, (0.7458688176958638, 5.772316424600707, 1.035727973671094, 24.563435090844816), 7.428909063339233)
Day:1 
(1, 42, 100, -29.02176419435095, 4096.0, (0.0717580547316651, 1.0861308687395546, 11.520993159750136, 21.114242432570062), 7.890826940536499)
Day:1 
(1, 43, 100, -24.50138695735871, 1369.0, (0.28061678436151855, 0.006776108499847411, 11.445326320795807, 21.114242432570062), 7.551505088806152)
Day:1 
(1, 44, 100, -32.00656227188092, 196.0, (11.612368851265419, 8.64029212063563, 42.49726485536453, 21.114242432570062), 7.960993051528931)
Day:1 
(1, 45, 100, -29.885270702157282, 676.0, (17.541478989723466, 3.861407822646713, 9.016898098368836, 21.114242432570062), 7.686625003814697)
Day:1 
(1, 46, 100, -23.48415838555333, 144.0, (4.742061404808665, 0.12915092571354841, 0.15836961352915646, 17.761835990647), 7.555182933807373)
Day:1 
(1, 47, 100, -20.621755444952562, 529.0, (0.08531364194061383, 0.11913689787883909, 0.15836961352915646, 7.474706899830669), 7.923820972442627)
Day:1 
(1, 48, 100, -21.254479760095087, 1.0, (3.4975345591249916, 0.11913689787883909, 0.024278190323007248, 7.474706899830669), 7.912989139556885)
Day:1 
(1, 49, 100, -26.907653447613203, 1225.0, (2.8213709616674096, 0.7910156409833333, 9.623735864337851, 8.773730326244007), 7.807187795639038)
Day:1 
(1, 50, 100, -27.152562779343494, 4.0, (1.7255702387073788, 2.7660775555263113, 9.9928294827035, 20.95839112433184), 7.560079097747803)
Day:1 
(1, 51, 100, -29.89828491248683, 225.0, (10.073175814591222, 0.8646560912353691, 35.25415983656888, 20.95839112433184), 7.5793681144714355)
Day:1 
(1, 52, 100, -28.096421834627236, 625.0, (10.709588273130679, 1.145762197207088, 11.371370098434397, 13.072525987333627), 7.693049907684326)
Day:1 
(1, 53, 100, -21.319504016023593, 100.0, (0.23873340788515207, 0.06290089752229029, 0.49716765405884633, 5.10938942601328), 7.57682204246521)
Day:1 
(1, 54, 100, -20.22564934450704, 25.0, (0.8506038067670543, 0.2484747320414054, 0.00602990387227052, 9.043441193475632), 7.500727891921997)
Day:1 
(1, 55, 100, -28.379669207280713, 64.0, (0.6481031830363162, 0.9125311219868354, 59.69578969070298, 9.043441193475632), 7.876067161560059)
Day:1 
(1, 56, 100, -24.894310853496407, 144.0, (0.8424542124640318, 2.738479163301008, 2.929523282780386, 9.043441193475632), 7.89686393737793)
Day:1 
(1, 57, 100, -21.304555718496847, 16.0, (0.06898416852726946, 0.24389186208839772, 0.3904063807758951, 11.999152569437662), 7.88553786277771)
Day:1 
(1, 58, 100, -28.065494786870158, 676.0, (0.33238012730970967, 17.522722798812232, 11.085727198958459, 11.999152569437662), 7.880220174789429)
Day:1 
(1, 59, 100, -25.16255276613117, 169.0, (0.33238012730970967, 1.2314362903849472, 9.54699689876942, 11.999152569437662), 7.985347032546997)
Day:1 
(1, 60, 100, -26.123495007099113, 841.0, (0.044366232144086436, 3.590180308118604, 18.91663293753637, 5.7768302007699335), 8.307929992675781)
Day:1 
(1, 61, 100, -24.336183391235394, 225.0, (0.044366232144086436, 1.197599020138867, 17.78605528125825, 5.7768302007699335), 8.279621839523315)
Day:1 
(1, 62, 100, -28.221074524789437, 4.0, (0.044366232144086436, 10.596573083462706, 35.23826913099266, 21.331926562807737), 7.8272459506988525)
Day:1 
(1, 63, 100, -27.066756093218977, 729.0, (0.044366232144086436, 4.890406250422796, 2.59299809165174, 47.46979135778029), 7.732462167739868)
Day:1 
(1, 64, 100, -26.418124605708783, 9.0, (1.7367337463420407, 1.4332396298402963, 0.40702583156983846, 47.46979135778029), 8.01637887954712)
Day:1 
(1, 65, 100, -30.925128927605606, 961.0, (26.781877162395684, 2.356481016777062, 1.4027848854613258, 47.46979135778029), 7.734332084655762)
Day:1 
(1, 66, 100, -30.62222974322266, 676.0, (1.7880938957047983, 3.2035870674352807, 53.82836575219464, 16.658327094037542), 7.711395978927612)
Day:1 
(1, 67, 100, -25.910136843072486, 961.0, (1.7880938957047983, 2.607861118844412, 0.3209845930120615, 21.646848533912085), 7.6655800342559814)
Day:1 
(1, 68, 100, -28.94262574218873, 144.0, (10.789679231821962, 21.63778658813683, 0.7749613549016847, 21.646848533912085), 7.588552951812744)
Day:1 
(1, 69, 100, -31.1145887553168, 1156.0, (1.2844533957954996, 15.463225729587712, 30.570420988554027, 20.061626497907657), 7.789513111114502)
Day:1 
(1, 70, 100, -26.000220784119357, 25.0, (10.04290417103725, 1.5292900225519774, 1.2035148603648822, 13.296086624251688), 7.98359489440918)
Day:1 
(1, 71, 100, -24.826760132834167, 25.0, (10.04290417103725, 0.9954315578173846, 0.20614486854774636, 13.296086624251688), 7.854634046554565)
Day:1 
(1, 72, 100, -30.753935667507708, 2.0, (10.04290417103725, 12.439595872132337, 3.183098300377523, 13.296086624251688), 8.397847890853882)
Day:1 
(1, 73, 100, -28.135284085185777, 961.0, (10.04290417103725, 1.7916515284236516, 6.229738288259086, 13.296086624251688), 8.318547010421753)
Day:1 
(1, 74, 100, -27.506194020710943, 2025.0, (2.1202872071152834, 0.657222846577654, 6.229738288259086, 13.296086624251688), 8.485236167907715)
Day:1 
(1, 75, 100, -23.283064256009432, 256.0, (2.2819310351241238, 3.1703718540379207, 0.014815994479885776, 13.296086624251688), 8.223177909851074)
Day:1 
(1, 76, 100, -27.388959137673208, 256.0, (2.2819310351241238, 9.618009488968177, 2.3760068215132923, 20.434901899542957), 8.121309995651245)
Day:1 
(1, 77, 100, -25.670502814859884, 529.0, (0.0029562066310719203, 27.47581579779917, 2.3760068215132923, 20.434901899542957), 8.623142004013062)
Day:1 
(1, 78, 100, -31.169236939350377, 196.0, (11.374325019760738, 5.777345792682626, 35.542404291940926, 20.434901899542957), 8.385019063949585)
Day:1 
(1, 79, 100, -31.076183352133075, 961.0, (11.870246278199511, 3.6974730398495237, 35.542404291940926, 11.556672654013738), 8.496351957321167)
Day:1 
(1, 80, 100, -23.931160356174697, 100.0, (0.4900801263742927, 3.6974730398495237, 0.426944516217357, 11.556672654013738), 8.726757049560547)
Day:1 
(1, 81, 100, -27.404309103974345, 225.0, (0.018085410974144244, 1.8255441034491366, 43.828556024859225, 24.131594340721872), 8.398477792739868)
Day:1 
(1, 82, 100, -28.76244878688326, 400.0, (3.352757478428331, 1.2381206486556915, 13.241406555939337, 35.49744633847264), 7.875583171844482)
Day:1 
(1, 83, 100, -30.676586676497713, 16.0, (28.094328217651558, 9.558046329529144, 2.1926954142501236, 35.49744633847264), 7.998159885406494)
Day:1 
(1, 84, 100, -30.863748143789863, 1600.0, (28.094328217651558, 1.8887744868801621, 1.6941744715790472, 35.49744633847264), 8.252782106399536)
Day:1 
(1, 85, 100, -29.154413613410615, 1296.0, (8.791307894022573, 14.29652610670856, 0.0985394784140139, 35.49744633847264), 8.38761305809021)
Day:1 
(1, 86, 100, -31.488484764400404, 196.0, (18.94722180564673, 20.40326204515548, 3.8875963329332572, 35.49744633847264), 7.894701957702637)
Day:1 
(1, 87, 100, -31.403551406062125, 1369.0, (27.889825722152345, 2.473589732736763, 3.8875963329332572, 35.49744633847264), 8.582947969436646)
Day:1 
(1, 88, 100, -25.529808394534612, 25.0, (0.06909396984959902, 14.838267384275595, 3.8875963329332572, 11.554711925575633), 8.47951602935791)
Day:1 
(1, 89, 100, -18.70477156654196, 36.0, (0.06909396984959902, 0.21918757280575027, 0.0025963022636332628, 11.554711925575633), 8.86490797996521)
Day:1 
(1, 90, 100, -26.148979834015613, 1156.0, (0.06909396984959902, 12.401132562654167, 2.8539967160228827, 11.232310622247676), 8.456501960754395)
Day:1 
(1, 91, 100, -21.559913672498, 576.0, (0.2101912350336418, 3.268247740343357, 0.0009709035166102388, 20.36875891332138), 8.344556093215942)
Day:1 
(1, 92, 100, -26.57889956081157, 256.0, (0.001187228163548661, 3.268247740343357, 4.91897233028402, 75.92314104699506), 8.333165884017944)
Day:1 
(1, 93, 100, -27.304753040273006, 16.0, (0.001187228163548661, 2.382673105676601, 16.401291673571798, 75.92314104699506), 8.468141078948975)
Day:1 
(1, 94, 100, -22.858920960768874, 484.0, (3.706393293272316e-05, 2.382673105676601, 13.655129725144917, 26.958146520873324), 8.717952013015747)
Day:1 
(1, 95, 100, -27.100543698700577, 289.0, (3.2058206313131454, 9.543923733797069, 2.5797887579331125, 13.19091843449327), 8.215538024902344)
Day:1 
(1, 96, 100, -25.563745718306567, 289.0, (3.2058206313131454, 8.879515180347317, 0.17409634091891105, 13.19091843449327), 8.452132940292358)
Day:1 
(1, 97, 100, -27.644020223577712, 2116.0, (3.2058206313131454, 1.3148562956620258, 2.964580939050196, 14.228350576487244), 8.478699922561646)
Day:1 
(1, 98, 100, -30.250330262970447, 1024.0, (0.3678787733095345, 1.3148562956620258, 79.54256748860267, 5.358007256080537), 8.220271110534668)
Day:1 
(1, 99, 100, -25.908732653300998, 4.0, (0.3678787733095345, 1.3148562956620258, 25.118177713531264, 5.358007256080537), 8.93789792060852)
Day:1 
(1, 100, 100, -24.552712267456783, 100.0, (0.2554762125310366, 3.4456572749926675, 1.3718335141116214, 15.891903926847956), 8.157510042190552)
Day:2 
(2, 0, 100, -14412.94931801476, 1135089.0, (0.2554762125310366, 3.4456572749926675, 1.3718335141116214, 15.891903926847956), 10.754824876785278)
Day:2 
(2, 1, 100, -998.9085063950238, 79606.0, (5.369417936050038, 2.0486380497566854, 1.9372534018650014, 4.451768331700965), 178.5483751296997)