
Day:1 
(1, 0, 200, -32.00586360574121, 1444.0, (14.691351405925161, 16.3347943545405, 7.811855971204884, 22.417494422111055), 4.348283052444458)
Day:1 
(1, 1, 200, -31.015034529516956, 196.0, (7.443781473512464, -2.9012001620243826, -12.562084648073684, 31.420800893668986), 7.732872009277344)
Day:1 
(1, 2, 200, -30.83545417355409, 225.0, (7.443781473512464, -22.22291675544231, -11.717063063598435, 18.836565741292752), 8.212764978408813)
Day:1 
(1, 3, 200, -30.155667819164957, 81.0, (2.9023711271225285, 2.8634647282734655, -15.89014015948218, 18.836565741292752), 8.059426069259644)
Day:1 
(1, 4, 200, -29.84433747605636, 25.0, (2.9023711271225285, -4.0388402499293, -6.195306306355505, 18.836565741292752), 8.365006923675537)
Day:1 
(1, 5, 200, -31.56224940058979, 961.0, (2.9023711271225285, -10.915945130372357, 18.653110309425596, 23.26229248518341), 8.102802038192749)
Day:1 
(1, 6, 200, -31.282250555334826, 784.0, (2.9023711271225285, -19.711149040128042, 0.7903534035501905, 23.26229248518341), 8.422817945480347)
Day:1 
(1, 7, 200, -30.365320693826657, 121.0, (-13.039004806789945, -2.443509982167884, 6.607535621696547, 23.26229248518341), 8.270272970199585)
Day:1 
(1, 8, 200, -30.286186887419294, 196.0, (8.022712561976073, -4.188956502997171, -4.021402374664205, 23.26229248518341), 8.017744064331055)
Day:1 
(1, 9, 200, -34.27891017455036, 225.0, (-0.6039015404461009, -4.188956502997171, 56.82120523329405, 23.44306017750376), 8.025331020355225)
Day:1 
(1, 10, 200, -36.65100056164661, 81.0, (-0.6039015404461009, -50.040349978303624, -52.595769295645354, 23.44306017750376), 8.031935930252075)
Day:1 
(1, 11, 200, -31.723302619848972, 49.0, (-24.28805198288792, -35.74494272860456, -4.960191529642096, -2.16791201918108), 8.166773080825806)
Day:1 
(1, 12, 200, -31.046547923309646, 400.0, (-24.28805198288792, 10.412556787588091, -13.937372494796538, 12.883383528203517), 8.565485954284668)
Day:1 
(1, 13, 200, -33.521588725152284, 2401.0, (-34.74904636304313, 10.412556787588091, 13.65334127816155, 3.054471939356818), 8.576436042785645)
Day:1 
(1, 14, 200, -31.39410200697618, 441.0, (-34.74904636304313, -1.7488746948908203, 4.949691008212472, 8.694847476544883), 8.461817026138306)
Day:1 
(1, 15, 200, -33.537162009524465, 1681.0, (-34.74904636304313, -23.709863059022354, -2.2654601149058005, 17.705146413473923), 8.100831031799316)
Day:1 
(1, 16, 200, -30.363741475187084, 121.0, (-5.394162561376661, -6.01632037940248, -8.804549607483464, 24.63409573007243), 7.9906768798828125)
Day:1 
(1, 17, 200, -32.38612066649707, 1296.0, (-5.394162561376661, 23.13167596077552, -17.107437492657976, 24.63409573007243), 8.624042987823486)
Day:1 
(1, 18, 200, -31.462342679007616, 784.0, (15.956802204188257, 11.383785783810453, 7.465173345862086, 25.354424347772316), 8.0589599609375)
Day:1 
(1, 19, 200, -30.98657541194552, 289.0, (-6.896299540205879, -14.082711914704936, -11.449498153342049, 27.389645545827346), 8.170135974884033)
Day:1 
(1, 20, 200, -32.011511580634064, 16.0, (-34.695972693518556, -14.082711914704936, 1.6952036583285095, 27.389645545827346), 8.583331108093262)
Day:1 
(1, 21, 200, -33.82147058838988, 81.0, (-16.77591691916829, 31.5183204183064, 1.704722749842548, 47.65652312425768), 8.194133043289185)
Day:1 
(1, 22, 200, -32.79148843825655, 169.0, (5.020858888575709, -14.201102716552997, -12.420348415288034, 47.65652312425768), 8.07378101348877)
Day:1 
(1, 23, 200, -31.451121620866182, 16.0, (5.020858888575709, 14.648149832107848, -5.613324127321404, 37.93220415033034), 8.209921836853027)
Day:1 
(1, 24, 200, -33.14308151920687, 1296.0, (-9.94794154959972, 22.80516974472469, 3.5450948745685826, 37.93220415033034), 8.203147172927856)
Day:1 
(1, 25, 200, -31.43572606699441, 1.0, (2.05372959378645, -38.390487385151935, 8.791604612388177, 12.347464569379248), 8.429095983505249)
Day:1 
(1, 26, 200, -32.36760081643398, 1681.0, (-13.865596445423773, -28.39681010739241, -1.2312285109487, 12.347464569379248), 8.641716003417969)
Day:1 
(1, 27, 200, -30.35365211472162, 361.0, (-7.091610147102127, -18.865305316479613, -2.4755144324550584, 12.347464569379248), 8.193028926849365)
Day:1 
(1, 28, 200, -34.64114825739638, 2401.0, (18.40844853718514, -41.139962198108925, -9.997951129622779, 12.347464569379248), 8.075335025787354)
Day:1 
(1, 29, 200, -32.49552907361769, 81.0, (12.371040375379915, -21.550468365994067, 40.10801136426218, 16.42553648470286), 8.194430112838745)
Day:1 
(1, 30, 200, -30.210787677187135, 1.0, (-19.28692882506443, 7.48268190305458, -5.484013649017508, 16.42553648470286), 8.155101776123047)
Day:1 
(1, 31, 200, -30.74197664412321, 289.0, (10.304029814393761, 7.48268190305458, 21.95386703404693, 16.42553648470286), 8.560768127441406)
Day:1 
(1, 32, 200, -30.379530709033055, 36.0, (-9.23019843232648, -0.8692154116117864, 21.95386703404693, 16.42553648470286), 8.208282947540283)
Day:1 
(1, 33, 200, -30.717029917862572, 625.0, (-9.23019843232648, 0.800777847564056, -16.18388768027247, 16.42553648470286), 8.724822044372559)
Day:1 
(1, 34, 200, -30.621911664724358, 0.0, (-9.23019843232648, 21.965561572850078, 14.84809718086846, 16.42553648470286), 8.633841037750244)
Day:1 
(1, 35, 200, -34.12773479799251, 841.0, (-9.23019843232648, -53.49838361983297, 14.84809718086846, -0.589878811694318), 8.6095130443573)
Day:1 
(1, 36, 200, -33.96388081310799, 100.0, (-11.153348068256726, -53.49838361983297, 14.426876483637628, 21.271864749219702), 8.000073909759521)
Day:1 
(1, 37, 200, -34.596480247956066, 0.0, (2.9050278807652887, -53.49838361983297, 6.761756167240117, -13.879081165032135), 8.375974893569946)
Day:1 
(1, 38, 200, -33.60510998233137, 9.0, (13.818113993406806, -53.49838361983297, 19.043671303677314, -4.5001938778721735), 8.234858989715576)
Day:1 
(1, 39, 200, -31.271557336056002, 144.0, (23.087494804403725, 8.494701368688702, 19.043671303677314, 22.112979694142215), 8.252819061279297)
Day:1 
(1, 40, 200, -32.66351566062961, 25.0, (-45.82993242871253, 8.494701368688702, 2.7658879970286536, 22.112979694142215), 8.955036163330078)
Day:1 
(1, 41, 200, -36.46870283267559, 1936.0, (-45.82993242871253, 8.494701368688702, -8.383512337388987, 44.65517645217007), 9.086463928222656)
Day:1 
(1, 42, 200, -34.586500129073, 361.0, (-38.92542731992683, 18.729940690392137, -8.383512337388987, 44.65517645217007), 8.397587060928345)
Day:1 
(1, 43, 200, -32.56925677480213, 841.0, (15.038737445435393, 21.478146967427218, 22.409833506544874, 27.048660982693388), 8.014402866363525)
Day:1 
(1, 44, 200, -29.723213087729974, 9.0, (-9.83791154699475, -7.141442833183042, 7.049224754710074, 0.1350814524051793), 8.281600952148438)
Day:1 
(1, 45, 200, -33.181725145433745, 900.0, (-33.0480224042756, -7.141442833183042, -5.443593641223889, 35.14835051191508), 8.539479970932007)
Day:1 
(1, 46, 200, -30.937991405437394, 100.0, (-33.0480224042756, -7.141442833183042, 8.477370076276893, -2.5844619321753455), 8.677966117858887)
Day:1 
(1, 47, 200, -31.84029026868227, 9.0, (15.116535643795425, -3.4288621998240005, 3.9133613143606527, 42.08419260814738), 8.025203943252563)
Day:1 
(1, 48, 200, -35.43598962693824, 1024.0, (47.95380231476591, -2.8234428932401525, 6.0684326878944, 42.08419260814738), 8.30110502243042)
Day:1 
(1, 49, 200, -32.77923832424276, 676.0, (19.78833686197686, 2.6360969561998373, 7.464009853356083, 42.08419260814738), 8.32881498336792)
Day:1 
(1, 50, 200, -34.323539628715494, 2116.0, (11.282095776612708, 18.929424252286072, -3.279595646918584, 42.08419260814738), 8.338003158569336)
Day:2 
(2, 0, 200, -14350.345360207515, 994045.0, (11.282095776612708, 18.929424252286072, -3.279595646918584, 42.08419260814738), 10.683380842208862)
Day:2 
(2, 1, 200, -14319.643894513194, 932913.0, (11.282095776612708, 18.929424252286072, -11.855388508906687, 42.08419260814738), 42.77152109146118)
Day:2 
(2, 2, 200, -14318.379816020539, 931150.0, (11.282095776612708, 18.929424252286072, -15.784499282929827, 42.08419260814738), 57.2086968421936)
Day:2 
(2, 3, 200, -14318.379816020539, 931150.0, (11.282095776612708, 18.929424252286072, -15.784499282929827, 42.08419260814738), 58.121175050735474)
Day:2 
(2, 4, 200, -14318.379816020539, 931150.0, (11.282095776612708, 18.929424252286072, -15.784499282929827, 42.08419260814738), 59.64387798309326)
Day:2 
(2, 5, 200, -14318.379816020539, 931150.0, (11.282095776612708, 18.929424252286072, -15.784499282929827, 42.08419260814738), 63.170032024383545)
Day:2 
(2, 6, 200, -14318.379816020539, 931150.0, (11.282095776612708, 18.929424252286072, -15.784499282929827, 42.08419260814738), 51.33942103385925)
Day:2 
(2, 7, 200, -14318.379816020539, 931150.0, (11.282095776612708, 18.929424252286072, -15.784499282929827, 42.08419260814738), 44.156213998794556)
Day:2 
(2, 8, 200, -14318.379816020539, 931150.0, (11.282095776612708, 18.929424252286072, -15.784499282929827, 42.08419260814738), 80.3692409992218)
Day:2 
(2, 9, 200, -14313.996929308547, 922365.0, (11.282095776612708, 18.929424252286072, -15.784499282929827, 42.08419260814738), 45.11743402481079)
Day:2 
(2, 10, 200, -12316.489451863778, 1117827.0, (11.282095776612708, 18.929424252286072, -15.784499282929827, 22.227841844976744), 94.33934593200684)
Day:2 
(2, 11, 200, -12220.856936479813, 480019.0, (11.282095776612708, 18.929424252286072, -19.218908954089418, 22.227841844976744), 90.2943320274353)
Day:2 
(2, 12, 200, -12206.339301233424, 483604.0, (11.282095776612708, 18.929424252286072, -19.218908954089418, 22.227841844976744), 139.2415750026703)
Day:2 
(2, 13, 200, -12200.45584432154, 483529.0, (11.282095776612708, 18.929424252286072, -19.218908954089418, 22.227841844976744), 127.48759698867798)
Day:2 
(2, 14, 200, -12180.913360924147, 477660.0, (11.282095776612708, 18.929424252286072, -19.218908954089418, 22.227841844976744), 119.10708713531494)
Day:2 
(2, 15, 200, -6200.74809069814, 966996.0, (11.282095776612708, 18.929424252286072, 11.957560473758987, 22.227841844976744), 99.65156388282776)
Day:2 
(2, 16, 200, -1553.0283828720865, 211188.0, (16.04089695692516, 18.929424252286072, 14.694247476151393, 22.227841844976744), 46.20051598548889)
Day:2 
(2, 17, 200, -1354.743235852901, 198671.0, (16.04089695692516, 18.929424252286072, 14.694247476151393, 22.227841844976744), 59.5269410610199)
Day:2 
(2, 18, 200, -1346.3798209851948, 196311.0, (16.04089695692516, 18.929424252286072, 14.694247476151393, 22.227841844976744), 65.94274997711182)
Day:2 
(2, 19, 200, -1202.079945374448, 184946.0, (16.04089695692516, 18.929424252286072, 14.694247476151393, 22.227841844976744), 49.118139028549194)
Day:2 
(2, 20, 200, -1201.8849367759735, 184826.0, (16.04089695692516, 18.929424252286072, 14.694247476151393, 22.227841844976744), 61.6404869556427)
Day:2 
(2, 21, 200, -1183.408417823451, 183141.0, (16.04089695692516, 18.929424252286072, 14.694247476151393, 22.227841844976744), 59.465688943862915)
Day:2 
(2, 22, 200, -1183.408417823451, 183141.0, (16.04089695692516, 18.929424252286072, 14.694247476151393, 22.227841844976744), 59.926079988479614)
Day:2 
(2, 23, 200, -1183.744591071277, 183613.0, (16.04089695692516, 18.929424252286072, 14.694247476151393, 22.227841844976744), 62.06929111480713)
Day:2 
(2, 24, 200, -1156.9999107737906, 184573.0, (16.04089695692516, 18.929424252286072, 14.694247476151393, 22.227841844976744), 59.98526096343994)
Day:2 
(2, 25, 200, -1159.3761857310187, 184050.0, (16.04089695692516, 18.929424252286072, 14.694247476151393, 22.227841844976744), 65.99764394760132)
Day:2 
(2, 26, 200, -1158.4059186212937, 183026.0, (16.04089695692516, 18.929424252286072, 14.694247476151393, 22.227841844976744), 56.171602964401245)
Day:2 
(2, 27, 200, -1154.9782880640623, 181828.0, (16.04089695692516, 18.929424252286072, 14.694247476151393, 22.227841844976744), 64.12974810600281)
Day:2 
(2, 28, 200, -1129.0391051878282, 181668.0, (16.04089695692516, 18.929424252286072, 14.694247476151393, 22.227841844976744), 52.773186922073364)
Day:2 
(2, 29, 200, -1129.0391051878282, 181668.0, (16.04089695692516, 18.929424252286072, 14.694247476151393, 22.227841844976744), 50.28986310958862)
Day:2 
(2, 30, 200, -1129.0391051878282, 181668.0, (16.04089695692516, 18.929424252286072, 14.694247476151393, 22.227841844976744), 57.17884087562561)
Day:2 
(2, 31, 200, -1129.0391051878282, 181668.0, (16.04089695692516, 18.929424252286072, 14.694247476151393, 22.227841844976744), 58.780641078948975)
Day:2 
(2, 32, 200, -1129.6147421648022, 182045.0, (16.04089695692516, 18.929424252286072, 14.694247476151393, 22.227841844976744), 52.71840310096741)
Day:2 
(2, 33, 200, -1131.4493851272875, 182628.0, (16.04089695692516, 18.929424252286072, 14.694247476151393, 22.227841844976744), 51.25933480262756)
Day:2 
(2, 34, 200, -1120.5584135289341, 181509.0, (16.04089695692516, 18.929424252286072, 14.694247476151393, 22.227841844976744), 51.279534101486206)
Day:2 
(2, 35, 200, -1120.5584135289341, 181509.0, (16.04089695692516, 18.929424252286072, 14.694247476151393, 22.227841844976744), 55.066210985183716)
Day:2 
(2, 36, 200, -1118.9135890358523, 180001.0, (16.04089695692516, 18.929424252286072, 14.694247476151393, 22.227841844976744), 55.33649206161499)
Day:2 
(2, 37, 200, -1118.9135890358523, 180001.0, (16.04089695692516, 18.929424252286072, 14.694247476151393, 22.227841844976744), 45.989940881729126)
Day:2 
(2, 38, 200, -1118.9135890358523, 180001.0, (16.04089695692516, 18.929424252286072, 14.694247476151393, 22.227841844976744), 56.462592124938965)
Day:2 
(2, 39, 200, -1118.9135890358523, 180001.0, (16.04089695692516, 18.929424252286072, 14.694247476151393, 22.227841844976744), 51.31593990325928)
Day:2 
(2, 40, 200, -1118.9135890358523, 180001.0, (16.04089695692516, 18.929424252286072, 14.694247476151393, 22.227841844976744), 49.927655935287476)
Day:2 
(2, 41, 200, -1091.5776224948459, 179932.0, (16.04089695692516, 18.929424252286072, 14.694247476151393, 22.227841844976744), 50.48440504074097)
Day:2 
(2, 42, 200, -1091.5776224948459, 179932.0, (16.04089695692516, 18.929424252286072, 14.694247476151393, 22.227841844976744), 49.66768717765808)
Day:2 
(2, 43, 200, -1091.5776224948459, 179932.0, (16.04089695692516, 18.929424252286072, 14.694247476151393, 22.227841844976744), 53.88779878616333)
Day:2 
(2, 44, 200, -1075.6333289754803, 179865.0, (16.04089695692516, 18.929424252286072, 14.694247476151393, 22.227841844976744), 54.6853141784668)
Day:2 
(2, 45, 200, -1075.6333289754803, 179865.0, (16.04089695692516, 18.929424252286072, 14.694247476151393, 22.227841844976744), 46.48193287849426)
Day:2 
(2, 46, 200, -1075.6333289754803, 179865.0, (16.04089695692516, 18.929424252286072, 14.694247476151393, 22.227841844976744), 50.38561201095581)
Day:2 
(2, 47, 200, -1075.6333289754803, 179865.0, (16.04089695692516, 18.929424252286072, 14.694247476151393, 22.227841844976744), 47.5684289932251)
Day:2 
(2, 48, 200, -1078.5193478667313, 179864.0, (16.04089695692516, 18.929424252286072, 14.694247476151393, 22.227841844976744), 58.78451609611511)
Day:2 
(2, 49, 200, -1075.6333289754803, 179865.0, (16.04089695692516, 18.929424252286072, 14.694247476151393, 22.227841844976744), 58.679457902908325)
Day:2 
(2, 50, 200, -1050.2741685333303, 178186.0, (16.04089695692516, 18.929424252286072, 14.694247476151393, 22.227841844976744), 54.979215145111084)
Day:3 
(3, 0, 200, -2148.038727637304, 173083.0, (16.04089695692516, 18.929424252286072, 14.694247476151393, 22.227841844976744), 16.27562689781189)
Day:3 
(3, 1, 200, -2148.038727637304, 173083.0, (16.04089695692516, 18.929424252286072, 14.694247476151393, 22.227841844976744), 125.00425910949707)
Day:3 
(3, 2, 200, -2141.5713405836236, 170794.0, (16.04089695692516, 18.929424252286072, 14.694247476151393, 22.227841844976744), 118.82943987846375)
Day:3 
(3, 3, 200, -2093.165108232649, 170255.0, (16.04089695692516, 18.929424252286072, 14.694247476151393, 22.227841844976744), 120.13673710823059)
Day:3 
(3, 4, 200, -2075.7108040582484, 170197.0, (16.04089695692516, 18.929424252286072, 14.694247476151393, 22.227841844976744), 114.7895929813385)
Day:3 
(3, 5, 200, -1902.305621261429, 170231.0, (16.04089695692516, 18.929424252286072, 14.694247476151393, 22.227841844976744), 112.11900997161865)
Day:3 
(3, 6, 200, -1890.0697229791713, 168923.0, (16.04089695692516, 18.929424252286072, 14.694247476151393, 22.227841844976744), 125.78407502174377)
Day:3 
(3, 7, 200, -1870.8343307921252, 153303.0, (16.04089695692516, 18.929424252286072, 14.694247476151393, 22.227841844976744), 113.28517293930054)
Day:3 
(3, 8, 200, -1870.4838678350272, 153016.0, (16.04089695692516, 18.929424252286072, 14.694247476151393, 22.227841844976744), 128.7310700416565)
Day:3 
(3, 9, 200, -1809.1581238848128, 149893.0, (16.04089695692516, 18.929424252286072, 14.694247476151393, 22.227841844976744), 113.92732501029968)
Day:3 
(3, 10, 200, -1801.0880450151658, 149877.0, (16.04089695692516, 18.929424252286072, 14.694247476151393, 22.227841844976744), 120.84690999984741)
Day:3 
(3, 11, 200, -1801.0880450151658, 149877.0, (16.04089695692516, 18.929424252286072, 14.694247476151393, 22.227841844976744), 119.72107982635498)
Day:3 
(3, 12, 200, -1793.459844341948, 149829.0, (16.04089695692516, 18.929424252286072, 14.694247476151393, 22.227841844976744), 118.38588619232178)
Day:3 
(3, 13, 200, -1782.3108020528846, 149667.0, (16.04089695692516, 18.929424252286072, 14.694247476151393, 22.227841844976744), 131.29401683807373)
Day:3 
(3, 14, 200, -1782.3108020528846, 149667.0, (16.04089695692516, 18.929424252286072, 14.694247476151393, 22.227841844976744), 129.4976031780243)
Day:3 
(3, 15, 200, -1782.3108020528846, 149667.0, (16.04089695692516, 18.929424252286072, 14.694247476151393, 22.227841844976744), 123.35176682472229)
Day:3 
(3, 16, 200, -1780.4998550950265, 149664.0, (16.04089695692516, 18.929424252286072, 14.694247476151393, 22.227841844976744), 114.24018502235413)
Day:3 
(3, 17, 200, -1780.4998550950265, 149664.0, (16.04089695692516, 18.929424252286072, 14.694247476151393, 22.227841844976744), 119.14701414108276)
Day:3 
(3, 18, 200, -1780.7364055994863, 150064.0, (16.04089695692516, 18.929424252286072, 14.694247476151393, 22.227841844976744), 112.61032485961914)
Day:3 
(3, 19, 200, -1780.7364055994863, 150064.0, (16.04089695692516, 18.929424252286072, 14.694247476151393, 22.227841844976744), 123.05450201034546)
Day:3 
(3, 20, 200, -1778.9051867277674, 149664.0, (16.04089695692516, 18.929424252286072, 14.694247476151393, 22.227841844976744), 124.75156497955322)
Day:3 
(3, 21, 200, -1772.8311450875017, 149601.0, (16.04089695692516, 18.929424252286072, 14.694247476151393, 22.227841844976744), 112.49886417388916)
Day:3 
(3, 22, 200, -1772.8311450875017, 149601.0, (16.04089695692516, 18.929424252286072, 14.694247476151393, 22.227841844976744), 134.13692998886108)
Day:3 
(3, 23, 200, -1772.8311450875017, 149601.0, (16.04089695692516, 18.929424252286072, 14.694247476151393, 22.227841844976744), 135.22268080711365)
Day:3 
(3, 24, 200, -1772.8311450875017, 149601.0, (16.04089695692516, 18.929424252286072, 14.694247476151393, 22.227841844976744), 140.47254419326782)
Day:3 
(3, 25, 200, -1773.5503454844502, 150177.0, (16.04089695692516, 18.929424252286072, 14.694247476151393, 22.227841844976744), 116.37951898574829)
Day:3 
(3, 26, 200, -1773.5503454844502, 150177.0, (16.04089695692516, 18.929424252286072, 14.694247476151393, 22.227841844976744), 117.71396780014038)
Day:3 
(3, 27, 200, -1773.5503454844502, 150177.0, (16.04089695692516, 18.929424252286072, 14.694247476151393, 22.227841844976744), 134.6580011844635)
Day:3 
(3, 28, 200, -1764.9218165352881, 148437.0, (16.04089695692516, 18.929424252286072, 14.694247476151393, 22.227841844976744), 111.43116188049316)
Day:3 
(3, 29, 200, -1764.413924376071, 148181.0, (16.04089695692516, 18.929424252286072, 14.694247476151393, 22.227841844976744), 129.24677109718323)
Day:3 
(3, 30, 200, -1764.413924376071, 148181.0, (16.04089695692516, 18.929424252286072, 14.694247476151393, 22.227841844976744), 110.38314890861511)
Day:3 
(3, 31, 200, -1764.413924376071, 148181.0, (16.04089695692516, 18.929424252286072, 14.694247476151393, 22.227841844976744), 115.48221397399902)
Day:3 
(3, 32, 200, -1764.413924376071, 148181.0, (16.04089695692516, 18.929424252286072, 14.694247476151393, 22.227841844976744), 120.15741014480591)
Day:3 
(3, 33, 200, -1758.8090213907162, 148164.0, (16.04089695692516, 18.929424252286072, 14.694247476151393, 22.227841844976744), 131.28516697883606)
Day:3 
(3, 34, 200, -1758.8090213907162, 148164.0, (16.04089695692516, 18.929424252286072, 14.694247476151393, 22.227841844976744), 114.32981896400452)
Day:3 
(3, 35, 200, -1757.642118852785, 148149.0, (16.04089695692516, 18.929424252286072, 14.694247476151393, 22.227841844976744), 130.4767599105835)
Day:3 
(3, 36, 200, -1757.642118852785, 148149.0, (16.04089695692516, 18.929424252286072, 14.694247476151393, 22.227841844976744), 118.11714506149292)
Day:3 
(3, 37, 200, -1757.9490717401868, 148148.0, (16.04089695692516, 18.929424252286072, 14.694247476151393, 22.227841844976744), 124.63872408866882)
Day:3 
(3, 38, 200, -1729.7939283513135, 146974.0, (16.04089695692516, 18.929424252286072, 14.694247476151393, 22.227841844976744), 132.77500700950623)
Day:3 
(3, 39, 200, -1715.578937929715, 135568.0, (16.04089695692516, 18.929424252286072, 14.694247476151393, 22.227841844976744), 118.41281795501709)
Day:3 
(3, 40, 200, -1715.578937929715, 135568.0, (16.04089695692516, 18.929424252286072, 14.694247476151393, 22.227841844976744), 123.68541193008423)
Day:3 
(3, 41, 200, -1715.7081368034312, 135528.0, (16.04089695692516, 18.929424252286072, 14.694247476151393, 22.227841844976744), 123.8760449886322)
Day:3 
(3, 42, 200, -1715.7081368034312, 135528.0, (16.04089695692516, 18.929424252286072, 14.694247476151393, 22.227841844976744), 124.75917506217957)
Day:3 
(3, 43, 200, -1715.7081368034312, 135528.0, (16.04089695692516, 18.929424252286072, 14.694247476151393, 22.227841844976744), 127.75037097930908)
Day:3 
(3, 44, 200, -1715.1203895239457, 135112.0, (16.04089695692516, 18.929424252286072, 14.694247476151393, 22.227841844976744), 129.7324559688568)
Day:3 
(3, 45, 200, -1715.1203895239457, 135112.0, (16.04089695692516, 18.929424252286072, 14.694247476151393, 22.227841844976744), 134.72074604034424)
Day:3 
(3, 46, 200, -1715.1203895239457, 135112.0, (16.04089695692516, 18.929424252286072, 14.694247476151393, 22.227841844976744), 122.65639901161194)
Day:3 
(3, 47, 200, -1716.158093188161, 135167.0, (16.04089695692516, 18.929424252286072, 14.694247476151393, 22.227841844976744), 128.13790106773376)
Day:3 
(3, 48, 200, -1716.4650460755627, 135166.0, (16.04089695692516, 18.929424252286072, 14.694247476151393, 22.227841844976744), 130.34132981300354)
Day:3 
(3, 49, 200, -1716.7575235987954, 135202.0, (16.04089695692516, 18.929424252286072, 14.694247476151393, 22.227841844976744), 126.18919110298157)
Day:3 
(3, 50, 200, -1716.7575235987954, 135202.0, (16.04089695692516, 18.929424252286072, 14.694247476151393, 22.227841844976744), 120.89688110351562)