
Day:1 
(1, 0, 200, -16180.570202595405, 1355329.0, (-24.143916918229117, 11.09776318156496, -9.506187037544462, -14.785904279286534), 3.752295970916748)
Day:1 
(1, 1, 200, -30.216387398306093, 49.0, (-21.11281843802751, -10.74522626835958, 10.51861019318079, 4.419208286175283), 7.634018898010254)
Day:1 
(1, 2, 200, -31.10680958797263, 256.0, (-8.977453039083374, -8.869076110210928, -19.97470527895277, 26.282944236771506), 7.6582770347595215)
Day:1 
(1, 3, 200, -30.42143515190274, 1.0, (6.200673309368557, -0.9417749277715779, -12.92436125986151, 26.282944236771506), 7.487622976303101)
Day:1 
(1, 4, 200, -32.96850706436769, 900.0, (6.424715138369041, -27.830967666045748, 37.201852220866456, 6.1497349096312925), 7.528354167938232)
Day:1 
(1, 5, 200, -31.89748774912343, 49.0, (-6.864143778805741, 0.7759436958512018, 43.43274943870328, 10.106399901832914), 7.720837831497192)
Day:1 
(1, 6, 200, -31.784275690206485, 676.0, (-6.864143778805741, 0.7759436958512018, 33.59690600355491, 15.902114161901006), 8.230508089065552)
Day:2 
(2, 0, 200, -6140.232900582267, 368062.0, (-6.864143778805741, 0.7759436958512018, 33.59690600355491, 15.902114161901006), 9.363770008087158)
Day:2 
(2, 1, 200, -2550.0262434481383, 342605.0, (-6.864143778805741, 12.155314364686996, 27.018953481029364, 15.902114161901006), 40.92048907279968)
Day:2 
(2, 2, 200, -2467.083332732842, 322190.0, (-6.864143778805741, 12.155314364686996, 27.018953481029364, 15.902114161901006), 55.87118196487427)
Day:2 
(2, 3, 200, -2460.5760780187225, 320880.0, (-6.864143778805741, 12.155314364686996, 27.018953481029364, 15.902114161901006), 51.200748920440674)
Day:2 
(2, 4, 200, -1169.1994445755295, 210225.0, (8.115295618999328, 12.155314364686996, 27.018953481029364, 15.902114161901006), 45.37497115135193)
Day:2 
(2, 5, 200, -1143.4071443131616, 210284.0, (8.115295618999328, 12.155314364686996, 27.018953481029364, 15.902114161901006), 44.02217388153076)
Day:2 
(2, 6, 200, -826.3626900491869, 270029.0, (8.115295618999328, 12.004335750505701, 14.549145152134232, 15.902114161901006), 51.9474310874939)
Day:3 
(3, 0, 200, -1640.1933399700786, 282328.0, (8.115295618999328, 12.004335750505701, 14.549145152134232, 15.902114161901006), 14.204591989517212)
Day:3 
(3, 1, 200, -1612.8082300343904, 281823.0, (8.115295618999328, 12.004335750505701, 14.549145152134232, 15.902114161901006), 114.16154885292053)
Day:3 
(3, 2, 200, -1538.8208713816623, 270995.0, (8.115295618999328, 12.004335750505701, 14.549145152134232, 15.902114161901006), 123.5517110824585)
Day:3 
(3, 3, 200, -1527.5107654166907, 270750.0, (8.115295618999328, 12.004335750505701, 14.549145152134232, 15.902114161901006), 105.01725506782532)
Day:3 
(3, 4, 200, -1508.4508494546083, 269496.0, (8.115295618999328, 12.004335750505701, 14.549145152134232, 15.902114161901006), 108.56111097335815)
Day:3 
(3, 5, 200, -1510.7766057282754, 269547.0, (8.115295618999328, 12.004335750505701, 14.549145152134232, 15.902114161901006), 101.19940900802612)
Day:3 
(3, 6, 200, -1508.3166272263838, 269135.0, (8.115295618999328, 12.004335750505701, 14.549145152134232, 15.902114161901006), 111.65699601173401)
Day:4 
(4, 0, 200, -2200.2096449949618, 265089.0, (8.115295618999328, 12.004335750505701, 14.549145152134232, 15.902114161901006), 14.909687042236328)
Day:4 
(4, 1, 200, -2163.0174725379466, 261082.0, (8.115295618999328, 12.004335750505701, 14.549145152134232, 15.902114161901006), 91.85046195983887)
Day:4 
(4, 2, 200, -2150.3970540460477, 249294.0, (8.115295618999328, 12.004335750505701, 14.549145152134232, 15.902114161901006), 129.98345589637756)
Day:4 
(4, 3, 200, -2131.7901460075764, 247191.0, (8.115295618999328, 12.004335750505701, 14.549145152134232, 15.902114161901006), 158.2676260471344)
Day:4 
(4, 4, 200, -2131.7901460075764, 247191.0, (8.115295618999328, 12.004335750505701, 14.549145152134232, 15.902114161901006), 101.19270992279053)
Day:4 
(4, 5, 200, -2131.7901460075764, 247191.0, (8.115295618999328, 12.004335750505701, 14.549145152134232, 15.902114161901006), 128.55052399635315)
Day:4 
(4, 6, 200, -2108.8707237863005, 226660.0, (8.115295618999328, 12.004335750505701, 14.549145152134232, 15.902114161901006), 133.15610599517822)
Day:5 
(5, 0, 200, -2760.5784579773012, 240001.0, (8.115295618999328, 12.004335750505701, 14.549145152134232, 15.902114161901006), 15.955811023712158)
Day:5 
(5, 1, 200, -2737.3738968499083, 237573.0, (8.115295618999328, 12.004335750505701, 14.549145152134232, 15.902114161901006), 71.94422793388367)
Day:5 
(5, 2, 200, -2736.1971137562577, 237413.0, (8.115295618999328, 12.004335750505701, 14.549145152134232, 15.902114161901006), 74.48448300361633)
Day:5 
(5, 3, 200, -2590.124113198692, 87044.0, (8.115295618999328, 12.004335750505701, 16.811483377517337, 15.902114161901006), 55.25267720222473)
Day:5 
(5, 4, 200, -2557.7744841209974, 82527.0, (8.115295618999328, 12.004335750505701, 16.811483377517337, 15.902114161901006), 64.92320895195007)
Day:5 
(5, 5, 200, -2557.3043045234167, 81620.0, (8.115295618999328, 12.004335750505701, 16.811483377517337, 15.902114161901006), 65.08334183692932)
Day:5 
(5, 6, 200, -2542.301768243199, 77921.0, (8.115295618999328, 12.004335750505701, 16.811483377517337, 15.902114161901006), 64.92581820487976)