
Day:1 
(1, 0, 200, -32.46339487019947, 196.0, (11.26422010400819, -16.88129421324552, 38.747523781071564, 22.237186466984852), 3.9211339950561523)
Day:1 
(1, 1, 200, -32.50016199504054, 0.0, (-3.4824651839233858, -32.450524072251824, 35.8082336091459, 22.237186466984852), 7.730309963226318)
Day:1 
(1, 2, 200, -31.742569410565906, 144.0, (14.088152444729216, -13.392754340935992, 18.282570911042995, 22.237186466984852), 8.315001964569092)
Day:1 
(1, 3, 200, -31.69812260608104, 16.0, (2.424450133119854, -27.98503025624259, -9.462189982914134, 22.237186466984852), 8.416737079620361)
Day:1 
(1, 4, 200, -33.226541423341075, 196.0, (-10.257992318238678, -27.98503025624259, -49.28115010833828, 22.237186466984852), 8.029575824737549)
Day:1 
(1, 5, 200, -31.767945855752103, 36.0, (-10.507880326655114, -27.98503025624259, -8.75239754582105, 22.237186466984852), 8.884706974029541)
Day:1 
(1, 6, 200, -31.730441696250455, 49.0, (4.702579931530761, -27.98503025624259, -8.660604236680136, 22.237186466984852), 8.187280178070068)
Day:1 
(1, 7, 200, -32.03957869421592, 9.0, (-20.333271173440878, 12.719166535398177, -30.00289804615601, 22.508436754939634), 8.51255202293396)
Day:1 
(1, 8, 200, -34.80344829435944, 400.0, (-20.333271173440878, -36.854422251066744, 62.76521444933875, 23.046901879156678), 7.850068807601929)
Day:1 
(1, 9, 200, -31.7411639451264, 289.0, (-25.494463299669054, 10.97152655039529, 7.499417439197206, 12.183982188583002), 8.013821125030518)
Day:1 
(1, 10, 200, -31.671804267721072, 169.0, (-25.494463299669054, 15.367323411129307, -4.88098489821147, 12.183982188583002), 8.300806045532227)
Day:1 
(1, 11, 200, -36.55362561953477, 2025.0, (-25.494463299669054, -20.885621738862884, 56.83240761559215, 45.288233633816105), 8.179986000061035)
Day:1 
(1, 12, 200, -33.39032858486939, 81.0, (-37.19997982503266, -18.872249119994603, -22.328572350702416, 45.288233633816105), 7.902091979980469)
Day:1 
(1, 13, 200, -33.24706188708656, 841.0, (-6.387692894446003, -16.4983704159954, -16.112542918082504, 45.288233633816105), 8.347010850906372)
Day:1 
(1, 14, 200, -31.33921723468314, 4.0, (3.267517291952615, -7.375813425036039, -14.372627348930335, 21.71462415885179), 8.235038995742798)
Day:1 
(1, 15, 200, -33.1510368446034, 4.0, (-36.08455596785043, -9.934437738234134, -17.562758263865746, 47.908383397514136), 8.259376049041748)
Day:1 
(1, 16, 200, -31.892127090647026, 625.0, (-5.9888390139461745, -9.934437738234134, -17.562758263865746, 9.666895089648811), 8.660112142562866)
Day:1 
(1, 17, 200, -31.713394747195853, 529.0, (4.28325490679311, -9.934437738234134, 12.406510542643725, 13.056877381869569), 8.433175802230835)
Day:1 
(1, 18, 200, -31.490939750497823, 361.0, (4.28325490679311, -11.42403753222448, -7.601832199539525, 12.054999882673883), 8.724237203598022)
Day:1 
(1, 19, 200, -33.63763199718086, 36.0, (-8.102861115549851, -39.831016772622505, 15.068324766507116, 54.32208372359408), 8.414801836013794)
Day:1 
(1, 20, 200, -37.831689731180546, 9.0, (-63.88376689222274, -8.953443198151206, 67.87916694860121, 60.467140281235075), 7.935955047607422)
Day:1 
(1, 21, 200, -35.131676426561015, 529.0, (-15.2277975086937, 28.42338515318813, 67.87916694860121, 31.78531519845078), 8.623625993728638)
Day:1 
(1, 22, 200, -32.742425510901896, 36.0, (-39.83905107746406, 8.114187689618287, 10.3505813209046, 38.04503424513098), 8.44169306755066)
Day:1 
(1, 23, 200, -34.18901560634959, 2116.0, (-6.334992971944577, 6.884540389164535, -26.559388112755887, 37.49096598165241), 8.447885990142822)
Day:1 
(1, 24, 200, -32.12554666012202, 16.0, (-4.048811723958425, 2.7833745691640104, -26.559388112755887, 37.49096598165241), 8.207944869995117)
Day:1 
(1, 25, 200, -36.74733635088419, 2809.0, (-4.048811723958425, 61.60931244009883, -3.326538250221397, 37.49096598165241), 8.801016092300415)
Day:1 
(1, 26, 200, -32.3444732013414, 256.0, (-4.048811723958425, -10.1452879833131, 23.61592421174685, 37.49096598165241), 8.621248960494995)
Day:1 
(1, 27, 200, -34.15878128491829, 169.0, (-46.9742298241489, -31.503405102683004, 29.876184063178897, 38.015210425060125), 8.186772108078003)
Day:1 
(1, 28, 200, -33.47721234637318, 196.0, (11.735028568821289, 17.794561176469514, 48.61298412939582, 38.015210425060125), 8.307317018508911)
Day:1 
(1, 29, 200, -33.94691200558226, 49.0, (-17.769665807077043, 4.937818964237807, 48.61298412939582, 51.45715458112542), 8.51046895980835)
Day:1 
(1, 30, 200, -33.288488478509116, 36.0, (38.17784923004651, 2.5580583628036604, 9.472091697522467, 51.45715458112542), 8.899507999420166)
Day:1 
(1, 31, 200, -33.947946212159664, 100.0, (-2.995684538954659, -10.362813675139568, 49.937419735281026, 51.45715458112542), 8.25886607170105)
Day:1 
(1, 32, 200, -33.98888906852179, 9.0, (17.86825133044846, -6.874294950908127, 49.937419735281026, 51.45715458112542), 8.845720767974854)
Day:1 
(1, 33, 200, -38.11176165023755, 5041.0, (34.068316820257806, -6.874294950908127, 49.937419735281026, 23.165980037937334), 8.840668201446533)
Day:1 
(1, 34, 200, -34.12670119522896, 1600.0, (-6.932066803118388, -43.20937852421477, -18.49237616091823, 23.165980037937334), 8.484004020690918)
Day:1 
(1, 35, 200, -33.54675624619531, 9.0, (-28.823223960715275, 46.63055976562981, -1.3816542889318078, 41.22779592021146), 8.506354808807373)
Day:1 
(1, 36, 200, -33.46705220621909, 196.0, (9.116994667567406, 46.63055976562981, -16.025634302607738, 41.22779592021146), 9.055459976196289)
Day:1 
(1, 37, 200, -34.85797760823953, 2401.0, (-32.15505768326706, -0.6952857541275805, -14.597265690899999, 36.90463499631267), 8.45796799659729)
Day:1 
(1, 38, 200, -32.69203748860075, 121.0, (-32.15505768326706, -0.6952857541275805, 43.7939816626521, 2.4288490685415365), 8.824775218963623)
Day:1 
(1, 39, 200, -33.923075271263706, 100.0, (-32.15505768326706, -21.851384040722788, -13.165374872546808, 59.40051491585965), 8.67647385597229)
Day:1 
(1, 40, 200, -33.04670634837551, 25.0, (20.734967899802818, -43.42901443161499, -12.124970628159394, 36.3625305922136), 8.714622974395752)
Day:1 
(1, 41, 200, -32.25340767842588, 196.0, (-27.395795302219472, -34.72803694893884, -4.583445684970692, 7.223069976841472), 8.298585176467896)
Day:1 
(1, 42, 200, -31.671997809842157, 324.0, (4.88356077270854, -9.720904041706317, 21.93219412238255, 12.122897378141024), 8.454765796661377)
Day:1 
(1, 43, 200, -33.17945045082185, 256.0, (-4.549183859562205, -47.95547841393949, 30.279283407398548, -13.002693441838623), 8.196621179580688)
Day:1 
(1, 44, 200, -31.656081959886688, 484.0, (-12.441910409010772, -15.675496328121026, -4.934876492926856, 7.449586898754994), 8.941465854644775)
Day:1 
(1, 45, 200, -36.05033707992284, 577.0, (-12.441910409010772, 9.652572862346915, 51.47484957930087, 4.095543745609073), 8.797369956970215)
Day:1 
(1, 46, 200, -33.58951038220873, 16.0, (-17.960878740639053, -62.527186165920725, 22.830521758163787, 4.095543745609073), 8.775336027145386)
Day:1 
(1, 47, 200, -31.42333624706237, 225.0, (-17.960878740639053, -0.37800191388155, 13.226497579090447, 4.095543745609073), 9.198035955429077)
Day:1 
(1, 48, 200, -33.91370434381615, 49.0, (-51.89766087398238, -3.5867463887061617, 28.381974102311357, 42.18603872845205), 8.343125104904175)
Day:1 
(1, 49, 200, -32.20895928568462, 144.0, (3.737161885635867, -3.5867463887061617, 16.257505610101255, 42.18603872845205), 8.966991901397705)
Day:1 
(1, 50, 200, -32.10503301307316, 121.0, (-4.749997367482751, -0.16594119669642163, 16.257505610101255, 40.459761118005495), 8.246071100234985)
Day:2 
(2, 0, 200, -14398.821717726889, 1092013.0, (-4.749997367482751, -0.16594119669642163, 16.257505610101255, 40.459761118005495), 10.514876127243042)
Day:2 
(2, 1, 200, -7613.923135394116, 288981.0, (4.720240288547396, -0.16594119669642163, 96.09405817080824, 40.459761118005495), 40.42882180213928)
Day:2 
(2, 2, 200, -7600.705331347375, 282009.0, (4.720240288547396, -0.16594119669642163, 96.09405817080824, 40.459761118005495), 48.86456108093262)
Day:2 
(2, 3, 200, -7529.818172409201, 256074.0, (4.720240288547396, -0.16594119669642163, 96.09405817080824, 40.459761118005495), 50.33940410614014)
Day:2 
(2, 4, 200, -4839.793315472951, 201415.0, (4.720240288547396, 22.252726378703937, 96.09405817080824, 40.459761118005495), 46.32563591003418)
Day:2 
(2, 5, 200, -4693.73619669327, 151187.0, (4.720240288547396, 24.646003844311863, 96.09405817080824, 40.459761118005495), 46.360435962677)
Day:2 
(2, 6, 200, -4694.240419525714, 151355.0, (4.720240288547396, 24.646003844311863, 96.09405817080824, 40.459761118005495), 43.82507610321045)
Day:2 
(2, 7, 200, -4277.462653131214, 150715.0, (4.720240288547396, 24.646003844311863, 96.09405817080824, 40.459761118005495), 43.99133491516113)
Day:2 
(2, 8, 200, -4275.965940663982, 150518.0, (4.720240288547396, 24.646003844311863, 96.09405817080824, 40.459761118005495), 49.152053117752075)
Day:2 
(2, 9, 200, -4274.883451939979, 149977.0, (4.720240288547396, 24.646003844311863, 96.09405817080824, 40.459761118005495), 53.20100784301758)
Day:2 
(2, 10, 200, -4271.720137696197, 146125.0, (4.720240288547396, 24.646003844311863, 96.09405817080824, 40.459761118005495), 46.98119115829468)
Day:2 
(2, 11, 200, -3439.381100047606, 75892.0, (4.720240288547396, 24.646003844311863, 61.01820389428363, 40.459761118005495), 45.22412395477295)
Day:2 
(2, 12, 200, -3388.321210657845, 75380.0, (4.720240288547396, 24.646003844311863, 61.01820389428363, 40.459761118005495), 44.55130982398987)
Day:2 
(2, 13, 200, -1749.2945414952621, 75654.0, (4.720240288547396, 24.646003844311863, 61.01820389428363, 40.459761118005495), 51.656655073165894)
Day:2 
(2, 14, 200, -1595.5220764508588, 73988.0, (4.720240288547396, 24.646003844311863, 61.01820389428363, 40.459761118005495), 49.420881032943726)
Day:2 
(2, 15, 200, -1600.4966219435723, 75659.0, (4.720240288547396, 24.646003844311863, 61.01820389428363, 40.459761118005495), 62.512693881988525)
Day:2 
(2, 16, 200, -1599.6044820774478, 80191.0, (4.720240288547396, 24.646003844311863, 61.01820389428363, 40.459761118005495), 81.7245922088623)
Day:2 
(2, 17, 200, -1597.5617707664844, 74575.0, (4.720240288547396, 24.646003844311863, 61.01820389428363, 40.459761118005495), 50.109089851379395)
Day:2 
(2, 18, 200, -1580.7603279554264, 71588.0, (4.720240288547396, 24.646003844311863, 61.01820389428363, 40.459761118005495), 51.68153095245361)
Day:2 
(2, 19, 200, -1580.1686838133046, 71192.0, (4.720240288547396, 24.646003844311863, 61.01820389428363, 40.459761118005495), 51.86836814880371)
Day:2 
(2, 20, 200, -1582.93200161061, 72659.0, (4.720240288547396, 24.646003844311863, 61.01820389428363, 40.459761118005495), 49.83196687698364)
Day:2 
(2, 21, 200, -1581.1230703025078, 71992.0, (4.720240288547396, 24.646003844311863, 61.01820389428363, 40.459761118005495), 55.12207317352295)
Day:2 
(2, 22, 200, -1580.6738559893786, 69135.0, (4.720240288547396, 24.646003844311863, 61.01820389428363, 40.459761118005495), 58.88015294075012)
Day:2 
(2, 23, 200, -1575.9781197606026, 69041.0, (4.720240288547396, 24.646003844311863, 61.01820389428363, 40.459761118005495), 51.75169897079468)
Day:2 
(2, 24, 200, -1576.052334936254, 69155.0, (4.720240288547396, 24.646003844311863, 61.01820389428363, 40.459761118005495), 46.78709101676941)
Day:2 
(2, 25, 200, -1576.7287485032, 68999.0, (4.720240288547396, 24.646003844311863, 61.01820389428363, 40.459761118005495), 50.7369589805603)
Day:2 
(2, 26, 200, -1575.322261977784, 68483.0, (4.720240288547396, 24.646003844311863, 61.01820389428363, 40.459761118005495), 62.581336975097656)
Day:2 
(2, 27, 200, -1556.5582915229963, 68708.0, (4.720240288547396, 24.646003844311863, 61.01820389428363, 40.459761118005495), 55.58979606628418)
Day:2 
(2, 28, 200, -1554.5681804759631, 67599.0, (4.720240288547396, 24.646003844311863, 61.01820389428363, 40.459761118005495), 50.83784484863281)
Day:2 
(2, 29, 200, -1553.186501578398, 65668.0, (4.720240288547396, 24.646003844311863, 61.01820389428363, 40.459761118005495), 51.31845307350159)
Day:2 
(2, 30, 200, -1551.7190763724366, 65865.0, (4.720240288547396, 24.646003844311863, 61.01820389428363, 40.459761118005495), 53.99638891220093)
Day:2 
(2, 31, 200, -1550.8322228298066, 65715.0, (4.720240288547396, 24.646003844311863, 61.01820389428363, 40.459761118005495), 47.34312605857849)
Day:2 
(2, 32, 200, -1550.8550116478393, 65748.0, (4.720240288547396, 24.646003844311863, 61.01820389428363, 40.459761118005495), 48.685173988342285)
Day:2 
(2, 33, 200, -1551.8073676210593, 63159.0, (4.720240288547396, 24.646003844311863, 61.01820389428363, 40.459761118005495), 51.290393114089966)
Day:2 
(2, 34, 200, -1553.0989143234635, 63677.0, (4.720240288547396, 24.646003844311863, 61.01820389428363, 40.459761118005495), 54.03409290313721)
Day:2 
(2, 35, 200, -1552.1271566643798, 63608.0, (4.720240288547396, 24.646003844311863, 61.01820389428363, 40.459761118005495), 46.68399715423584)
Day:2 
(2, 36, 200, -1553.2894301861925, 63546.0, (4.720240288547396, 24.646003844311863, 61.01820389428363, 40.459761118005495), 48.85695695877075)
Day:2 
(2, 37, 200, -1554.3549981793674, 63758.0, (4.720240288547396, 24.646003844311863, 61.01820389428363, 40.459761118005495), 51.30988597869873)
Day:2 
(2, 38, 200, -1553.2748733280296, 63525.0, (4.720240288547396, 24.646003844311863, 61.01820389428363, 40.459761118005495), 51.27477407455444)
Day:2 
(2, 39, 200, -1552.5708052497407, 63639.0, (4.720240288547396, 24.646003844311863, 61.01820389428363, 40.459761118005495), 49.33830189704895)
Day:2 
(2, 40, 200, -1552.2690944253625, 63266.0, (4.720240288547396, 24.646003844311863, 61.01820389428363, 40.459761118005495), 46.951257944107056)
Day:2 
(2, 41, 200, -1552.939531591739, 63224.0, (4.720240288547396, 24.646003844311863, 61.01820389428363, 40.459761118005495), 52.977856159210205)
Day:2 
(2, 42, 200, -1551.6717122297518, 63137.0, (4.720240288547396, 24.646003844311863, 61.01820389428363, 40.459761118005495), 54.68410277366638)
Day:2 
(2, 43, 200, -1552.2918247166642, 63205.0, (4.720240288547396, 24.646003844311863, 61.01820389428363, 40.459761118005495), 49.44966506958008)
Day:2 
(2, 44, 200, -1553.6099417657435, 63284.0, (4.720240288547396, 24.646003844311863, 61.01820389428363, 40.459761118005495), 48.76714110374451)
Day:2 
(2, 45, 200, -1553.4347774589878, 63189.0, (4.720240288547396, 24.646003844311863, 61.01820389428363, 40.459761118005495), 47.27264595031738)
Day:2 
(2, 46, 200, -1551.7302810868996, 62816.0, (4.720240288547396, 24.646003844311863, 61.01820389428363, 40.459761118005495), 46.74696207046509)
Day:2 
(2, 47, 200, -1552.2237058145308, 62907.0, (4.720240288547396, 24.646003844311863, 61.01820389428363, 40.459761118005495), 49.0601909160614)
Day:2 
(2, 48, 200, -1552.8664001045863, 62613.0, (4.720240288547396, 24.646003844311863, 61.01820389428363, 40.459761118005495), 54.49792194366455)
Day:2 
(2, 49, 200, -1554.5224512533775, 62701.0, (4.720240288547396, 24.646003844311863, 61.01820389428363, 40.459761118005495), 64.86434698104858)
Day:2 
(2, 50, 200, -1552.8644750290007, 62636.0, (4.720240288547396, 24.646003844311863, 61.01820389428363, 40.459761118005495), 54.693034172058105)
Day:3 
(3, 0, 200, -2972.232492823473, 69026.0, (4.720240288547396, 24.646003844311863, 61.01820389428363, 40.459761118005495), 15.12628984451294)
Day:3 
(3, 1, 200, -2967.6825241783627, 67285.0, (4.720240288547396, 24.646003844311863, 61.01820389428363, 40.459761118005495), 141.20939898490906)
Day:3 
(3, 2, 200, -2935.992537320016, 62760.0, (4.720240288547396, 24.646003844311863, 61.01820389428363, 40.459761118005495), 131.27707505226135)
Day:3 
(3, 3, 200, -2921.920649587126, 61717.0, (4.720240288547396, 24.646003844311863, 61.01820389428363, 40.459761118005495), 103.29368901252747)
Day:3 
(3, 4, 200, -2917.2021561586744, 61438.0, (4.720240288547396, 24.646003844311863, 61.01820389428363, 40.459761118005495), 120.2579710483551)
Day:3 
(3, 5, 200, -2911.3278923155485, 59504.0, (4.720240288547396, 24.646003844311863, 61.01820389428363, 40.459761118005495), 117.2190010547638)
Day:3 
(3, 6, 200, -2902.5420851191047, 57775.0, (4.720240288547396, 24.646003844311863, 61.01820389428363, 40.459761118005495), 142.27370190620422)
Day:3 
(3, 7, 200, -2903.343495857369, 57709.0, (4.720240288547396, 24.646003844311863, 61.01820389428363, 40.459761118005495), 119.2935380935669)
Day:3 
(3, 8, 200, -2791.902403530893, 57668.0, (4.720240288547396, 24.646003844311863, 61.01820389428363, 40.459761118005495), 116.24124693870544)
Day:3 
(3, 9, 200, -2788.150945686627, 55974.0, (4.720240288547396, 24.646003844311863, 61.01820389428363, 40.459761118005495), 105.09998798370361)
Day:3 
(3, 10, 200, -2785.7560192227547, 54375.0, (4.720240288547396, 24.646003844311863, 61.01820389428363, 40.459761118005495), 108.02989506721497)
Day:3 
(3, 11, 200, -2786.4880847326212, 54278.0, (4.720240288547396, 24.646003844311863, 61.01820389428363, 40.459761118005495), 98.90518498420715)
Day:3 
(3, 12, 200, -2786.4880847326212, 54278.0, (4.720240288547396, 24.646003844311863, 61.01820389428363, 40.459761118005495), 129.32577300071716)
Day:3 
(3, 13, 200, -2786.1897052283257, 54283.0, (4.720240288547396, 24.646003844311863, 61.01820389428363, 40.459761118005495), 113.8428099155426)
Day:3 
(3, 14, 200, -2786.1897052283257, 54283.0, (4.720240288547396, 24.646003844311863, 61.01820389428363, 40.459761118005495), 111.34738397598267)
Day:3 
(3, 15, 200, -2784.4910748063267, 54176.0, (4.720240288547396, 24.646003844311863, 61.01820389428363, 40.459761118005495), 103.62436103820801)
Day:3 
(3, 16, 200, -2784.659229199593, 54195.0, (4.720240288547396, 24.646003844311863, 61.01820389428363, 40.459761118005495), 124.43245005607605)
Day:3 
(3, 17, 200, -2783.641656688771, 53807.0, (4.720240288547396, 24.646003844311863, 61.01820389428363, 40.459761118005495), 103.66390895843506)
Day:3 
(3, 18, 200, -2783.7957429978615, 53768.0, (4.720240288547396, 24.646003844311863, 61.01820389428363, 40.459761118005495), 125.11075496673584)
Day:3 
(3, 19, 200, -2783.977112059363, 53759.0, (4.720240288547396, 24.646003844311863, 61.01820389428363, 40.459761118005495), 105.42248296737671)
Day:3 
(3, 20, 200, -2785.9081979567263, 53711.0, (4.720240288547396, 24.646003844311863, 61.01820389428363, 40.459761118005495), 113.51824712753296)
Day:3 
(3, 21, 200, -2785.9081979567263, 53711.0, (4.720240288547396, 24.646003844311863, 61.01820389428363, 40.459761118005495), 102.15539884567261)
Day:3 
(3, 22, 200, -2786.843625297487, 54466.0, (4.720240288547396, 24.646003844311863, 61.01820389428363, 40.459761118005495), 97.62221002578735)
Day:3 
(3, 23, 200, -2787.1610854898126, 54446.0, (4.720240288547396, 24.646003844311863, 61.01820389428363, 40.459761118005495), 109.30456304550171)
Day:3 
(3, 24, 200, -2788.9147326082693, 54431.0, (4.720240288547396, 24.646003844311863, 61.01820389428363, 40.459761118005495), 105.0415689945221)
Day:3 
(3, 25, 200, -2788.0537300302076, 54431.0, (4.720240288547396, 24.646003844311863, 61.01820389428363, 40.459761118005495), 125.15429902076721)
Day:3 
(3, 26, 200, -2786.5918887916614, 54186.0, (4.720240288547396, 24.646003844311863, 61.01820389428363, 40.459761118005495), 115.65134000778198)
Day:3 
(3, 27, 200, -2785.9144115543977, 54063.0, (4.720240288547396, 24.646003844311863, 61.01820389428363, 40.459761118005495), 135.49458289146423)
Day:3 
(3, 28, 200, -2778.1658179386704, 53923.0, (4.720240288547396, 24.646003844311863, 61.01820389428363, 40.459761118005495), 104.53335809707642)
Day:3 
(3, 29, 200, -2778.843295175934, 54046.0, (4.720240288547396, 24.646003844311863, 61.01820389428363, 40.459761118005495), 102.02778506278992)
Day:3 
(3, 30, 200, -2713.310707016697, 53783.0, (4.720240288547396, 24.646003844311863, 61.01820389428363, 40.459761118005495), 116.99558901786804)
Day:3 
(3, 31, 200, -2713.310707016697, 53783.0, (4.720240288547396, 24.646003844311863, 61.01820389428363, 40.459761118005495), 101.53571796417236)
Day:3 
(3, 32, 200, -2701.267329533841, 50851.0, (4.720240288547396, 24.646003844311863, 61.01820389428363, 40.459761118005495), 109.4883029460907)
Day:3 
(3, 33, 200, -2699.866338573941, 50633.0, (4.720240288547396, 24.646003844311863, 61.01820389428363, 40.459761118005495), 101.33172392845154)
Day:3 
(3, 34, 200, -2699.866338573941, 50633.0, (4.720240288547396, 24.646003844311863, 61.01820389428363, 40.459761118005495), 97.88030314445496)
Day:3 
(3, 35, 200, -2697.480007692796, 50045.0, (4.720240288547396, 24.646003844311863, 61.01820389428363, 40.459761118005495), 113.62276482582092)
Day:3 
(3, 36, 200, -2698.230679261839, 49938.0, (4.720240288547396, 24.646003844311863, 61.01820389428363, 40.459761118005495), 104.03027606010437)
Day:3 
(3, 37, 200, -2702.778036076552, 49986.0, (4.720240288547396, 24.646003844311863, 61.01820389428363, 40.459761118005495), 131.3165500164032)
Day:3 
(3, 38, 200, -2701.8420268222208, 50031.0, (4.720240288547396, 24.646003844311863, 61.01820389428363, 40.459761118005495), 151.15163898468018)
Day:3 
(3, 39, 200, -2697.7484350534514, 50175.0, (4.720240288547396, 24.646003844311863, 61.01820389428363, 40.459761118005495), 114.82778310775757)
Day:3 
(3, 40, 200, -2697.2392273296373, 50118.0, (4.720240288547396, 24.646003844311863, 61.01820389428363, 40.459761118005495), 114.93231987953186)
Day:3 
(3, 41, 200, -2697.497825696275, 50154.0, (4.720240288547396, 24.646003844311863, 61.01820389428363, 40.459761118005495), 114.66789102554321)
Day:3 
(3, 42, 200, -2697.853055991188, 50247.0, (4.720240288547396, 24.646003844311863, 61.01820389428363, 40.459761118005495), 105.92715907096863)
Day:3 
(3, 43, 200, -2697.853055991188, 50247.0, (4.720240288547396, 24.646003844311863, 61.01820389428363, 40.459761118005495), 117.83173990249634)
Day:3 
(3, 44, 200, -2696.707481201889, 50106.0, (4.720240288547396, 24.646003844311863, 61.01820389428363, 40.459761118005495), 120.88136005401611)
Day:3 
(3, 45, 200, -2696.707481201889, 50106.0, (4.720240288547396, 24.646003844311863, 61.01820389428363, 40.459761118005495), 118.64236211776733)
Day:3 
(3, 46, 200, -2697.6244476576676, 50094.0, (4.720240288547396, 24.646003844311863, 61.01820389428363, 40.459761118005495), 118.920254945755)
Day:3 
(3, 47, 200, -2697.6244476576676, 50094.0, (4.720240288547396, 24.646003844311863, 61.01820389428363, 40.459761118005495), 120.50741696357727)
Day:3 
(3, 48, 200, -2697.6244476576676, 50094.0, (4.720240288547396, 24.646003844311863, 61.01820389428363, 40.459761118005495), 121.33918499946594)
Day:3 
(3, 49, 200, -2697.6244476576676, 50094.0, (4.720240288547396, 24.646003844311863, 61.01820389428363, 40.459761118005495), 111.60159397125244)
Day:3 
(3, 50, 200, -2699.227949103777, 50031.0, (4.720240288547396, 24.646003844311863, 61.01820389428363, 40.459761118005495), 123.19758200645447)