
Day:1 
(1, 0, 200, -32.12344132520833, 25.0, (10.851931701413632, 30.331921577903582, 30.87068548010856, 57.38847381674598), 4.001044034957886)
Day:1 
(1, 1, 200, -29.181678347974398, 144.0, (3.0985836915669687, 30.331921577903582, 7.024596985051495, 27.685887366519676), 8.042295932769775)
Day:1 
(1, 2, 200, -30.111577255415966, 64.0, (11.36119154195551, 15.72947954856911, 29.82586375510749, 31.475107765935995), 8.059399127960205)
Day:1 
(1, 3, 200, -31.267617847832575, 1936.0, (16.625180503817287, 19.04349570361539, 18.982236195019098, 19.771135015832527), 8.174507856369019)
Day:1 
(1, 4, 200, -30.87569090770427, 36.0, (21.783145088311052, 19.04349570361539, 11.231195755483576, 52.199198215992176), 8.415482997894287)
Day:1 
(1, 5, 200, -35.34037840620069, 2116.0, (32.93241467455233, 54.175144616703506, 11.231195755483576, 52.199198215992176), 8.238759994506836)
Day:1 
(1, 6, 200, -36.4652422999288, 400.0, (56.68023308147956, 48.94584787929741, 51.27539749796951, 52.199198215992176), 7.903304100036621)
Day:1 
(1, 7, 200, -30.821748269094066, 25.0, (0.9198302218122876, 9.337245382345404, 15.326091023730237, 77.92848233718985), 8.103260040283203)
Day:1 
(1, 8, 200, -28.95357500885546, 625.0, (10.642475521647189, 9.337245382345404, 9.747817972298778, 23.957451813886088), 8.267477989196777)
Day:1 
(1, 9, 200, -29.084985601508993, 900.0, (10.642475521647189, 14.75229403316281, 0.14690603992192877, 26.24389731863319), 8.277307987213135)
Day:1 
(1, 10, 200, -29.093717610355654, 25.0, (1.9414968365771983, 4.3719597645320665, 24.123948129788143, 38.513631059412155), 7.756731986999512)
Day:1 
(1, 11, 200, -30.503077521526457, 361.0, (31.150671162944327, 20.891983054376954, 10.256655559639757, 27.969432025120895), 8.085254907608032)
Day:1 
(1, 12, 200, -31.74556729028487, 169.0, (6.188189922153152, 4.558570796777296, 13.504911504988796, 94.65222730790428), 8.168895959854126)
Day:1 
(1, 13, 200, -31.951450732239216, 0.0, (22.60929262791162, 5.250567006025686, 4.0424916904495065, 94.65222730790428), 8.38260817527771)
Day:1 
(1, 14, 200, -33.21273945221374, 1.0, (39.19763734777719, 13.709086956435332, 4.191386745295455, 94.65222730790428), 8.358049869537354)
Day:1 
(1, 15, 200, -31.050667380396277, 4.0, (4.872108902637178, 4.76324789039814, 4.191386745295455, 94.65222730790428), 8.103621006011963)
Day:1 
(1, 16, 200, -27.913981197059286, 289.0, (0.7932593403860306, 8.492437152404586, 4.191386745295455, 26.32695489761473), 8.176462173461914)
Day:1 
(1, 17, 200, -29.769918830201647, 1444.0, (5.861536068015411, 14.837618115252305, 4.191386745295455, 30.061548829030087), 8.341364860534668)
Day:1 
(1, 18, 200, -29.224948243306915, 361.0, (5.861536068015411, 0.4975663380984646, 48.75359485197429, 9.343143146931746), 8.831013917922974)
Day:1 
(1, 19, 200, -30.461870753158102, 100.0, (35.36334871230283, 0.4975663380984646, 34.52940245362406, 24.47038584008088), 8.154605150222778)