
Day:1 
(1, 0, 200, -16173.141628796939, 1992137.0, (21.593152113902573, 21.68531102536377, 26.081950135136342, 11.76780785387992), 3.973175048828125)
Day:1 
(1, 1, 200, -29.486108942582977, 441.0, (12.403805840698885, 4.636573925845465, 11.065443752666713, 40.62107135796476), 8.078717947006226)
Day:1 
(1, 2, 200, -28.382063878019537, 484.0, (4.599021027909186, 4.636573925845465, 0.7629608503080509, 35.15776926081833), 8.017081022262573)
Day:1 
(1, 3, 200, -31.678539729254418, 784.0, (4.923608283203777, 14.438189661621017, 50.38910054938291, 35.15776926081833), 8.631942987442017)
Day:1 
(1, 4, 200, -31.540951077579358, 841.0, (23.566193162978635, 13.265322899028744, 30.060440360097022, 35.15776926081833), 8.41280722618103)
Day:1 
(1, 5, 200, -30.66671377327029, 1089.0, (0.975450648543524, 33.68516170012282, 9.937773541539594, 35.15776926081833), 8.134867906570435)
Day:1 
(1, 6, 200, -34.4558846175555, 9.0, (57.27806107393829, 7.841925559952221, 74.43983483853728, 35.15776926081833), 8.372530937194824)
Day:1 
(1, 7, 200, -30.983531245920062, 961.0, (26.08681379351165, 7.841925559952221, 6.184611073994942, 47.24372893878736), 8.19406008720398)
Day:1 
(1, 8, 200, -27.64101823076667, 484.0, (4.831738036509534, 7.005286237580722, 6.184611073994942, 12.302435165970905), 8.362283945083618)
Day:1 
(1, 9, 200, -27.741895711482044, 196.0, (4.831738036509534, 1.5483026042780434, 19.92700602301323, 12.302435165970905), 8.614784002304077)
Day:1 
(1, 10, 200, -30.901891860928266, 729.0, (10.049847795419824, 11.54140752742598, 29.22723236895154, 12.302435165970905), 8.411010026931763)
Day:1 
(1, 11, 200, -29.726504077375136, 196.0, (25.034282604886645, 0.7860384318130241, 29.22723236895154, 23.25429559590043), 8.506587982177734)
Day:1 
(1, 12, 200, -27.945911108995258, 64.0, (2.190985854939239, 10.84821747572037, 8.955059132095778, 23.25429559590043), 7.8346779346466064)
Day:1 
(1, 13, 200, -34.46783914520007, 362.0, (28.096609524876836, 20.65317658547723, 55.99853884804027, 24.449126452556694), 8.27954912185669)
Day:1 
(1, 14, 200, -30.951433101955452, 484.0, (15.63155019405245, 20.65317658547723, 10.479044154359743, 49.7799386097099), 8.13521695137024)
Day:1 
(1, 15, 200, -32.29415548887263, 1089.0, (4.618333230664903, 29.669334236591194, 54.88949378859854, 21.74803472450122), 8.12394905090332)
Day:1 
(1, 16, 200, -30.41478182325794, 9.0, (4.618333230664903, 7.737710030981937, 9.285704254513208, 74.02967648452471), 8.440016031265259)
Day:1 
(1, 17, 200, -33.60941582350871, 961.0, (62.10983946152874, 0.5680083028952613, 4.383531054722132, 74.02967648452471), 8.303193807601929)
Day:1 
(1, 18, 200, -30.05841367297763, 100.0, (6.894067333775161, 2.2465191640389626, 3.6330082824923453, 74.02967648452471), 8.466076135635376)
Day:1 
(1, 19, 200, -30.095641609775473, 0.0, (6.506533298698675, 1.9771683544751784, 6.925018045317715, 74.02967648452471), 8.090052843093872)
Day:1 
(1, 20, 200, -35.41166264974808, 1296.0, (4.422571875678839, 13.551134695280377, 76.99073785853254, 74.02967648452471), 7.902249097824097)
Day:1 
(1, 21, 200, -31.46287165508553, 1089.0, (11.490984584413518, 4.567641485500753, 5.591010232890101, 74.02967648452471), 8.314602136611938)
Day:1 
(1, 22, 200, -32.704579411512924, 81.0, (28.761433615354825, 36.14552250346759, 1.1573605901511201, 74.02967648452471), 8.218047857284546)
Day:1 
(1, 23, 200, -34.37834924253394, 4.0, (85.62952521832564, 11.52258549603532, 3.8508208900904553, 74.02967648452471), 8.355411052703857)
Day:1 
(1, 24, 200, -34.44002648678499, 1849.0, (18.984676693835066, 6.379315209348037, 41.14641189478449, 74.02967648452471), 8.508244037628174)
Day:1 
(1, 25, 200, -29.920643844118093, 289.0, (0.5291209952581468, 17.382015883491395, 41.14641189478449, 20.879742285497755), 8.24236798286438)
Day:2 
(2, 0, 200, -3948.93796044765, 170601.0, (0.5291209952581468, 17.382015883491395, 41.14641189478449, 20.879742285497755), 10.105126857757568)
Day:2 
(2, 1, 200, -1128.2796066856095, 50945.0, (8.029794593632019, 27.17243644278044, 41.14641189478449, 20.879742285497755), 43.95175099372864)
Day:2 
(2, 2, 200, -869.4842589842588, 45417.0, (8.029794593632019, 27.17243644278044, 41.14641189478449, 33.14036846229041), 44.95275115966797)
Day:2 
(2, 3, 200, -866.5006602210461, 45277.0, (8.029794593632019, 27.17243644278044, 41.14641189478449, 33.14036846229041), 43.6801438331604)
Day:2 
(2, 4, 200, -643.4118217889595, 43309.0, (8.029794593632019, 27.17243644278044, 41.14641189478449, 33.14036846229041), 43.71343517303467)
Day:2 
(2, 5, 200, -639.9484102928363, 41597.0, (8.029794593632019, 27.17243644278044, 41.14641189478449, 33.14036846229041), 45.666810035705566)
Day:2 
(2, 6, 200, -641.9182169739388, 42343.0, (8.029794593632019, 27.17243644278044, 41.14641189478449, 33.14036846229041), 47.94570279121399)
Day:2 
(2, 7, 200, -641.6392385664462, 40953.0, (8.029794593632019, 27.17243644278044, 41.14641189478449, 33.14036846229041), 46.31165099143982)
Day:2 
(2, 8, 200, -639.5691538217033, 40676.0, (8.029794593632019, 27.17243644278044, 41.14641189478449, 33.14036846229041), 46.72828912734985)
Day:2 
(2, 9, 200, -641.6146386647578, 41056.0, (8.029794593632019, 27.17243644278044, 41.14641189478449, 33.14036846229041), 43.9180850982666)
Day:2 
(2, 10, 200, -639.7432179040602, 42062.0, (8.029794593632019, 27.17243644278044, 41.14641189478449, 33.14036846229041), 50.198866844177246)
Day:2 
(2, 11, 200, -640.8405867302049, 42058.0, (8.029794593632019, 27.17243644278044, 41.14641189478449, 33.14036846229041), 46.85071802139282)
Day:2 
(2, 12, 200, -639.4210099569193, 41941.0, (8.029794593632019, 27.17243644278044, 41.14641189478449, 33.14036846229041), 49.003338098526)
Day:2 
(2, 13, 200, -639.1574483446177, 41757.0, (8.029794593632019, 27.17243644278044, 41.14641189478449, 33.14036846229041), 43.9734890460968)
Day:2 
(2, 14, 200, -636.7678232152047, 41689.0, (8.029794593632019, 27.17243644278044, 41.14641189478449, 33.14036846229041), 48.670201778411865)
Day:2 
(2, 15, 200, -635.9425047290064, 41604.0, (8.029794593632019, 27.17243644278044, 41.14641189478449, 33.14036846229041), 49.68140506744385)
Day:2 
(2, 16, 200, -639.3125895323358, 41144.0, (8.029794593632019, 27.17243644278044, 41.14641189478449, 33.14036846229041), 50.03051495552063)
Day:2 
(2, 17, 200, -636.3388327072587, 41040.0, (8.029794593632019, 27.17243644278044, 41.14641189478449, 33.14036846229041), 44.361311197280884)
Day:2 
(2, 18, 200, -636.875396308671, 43883.0, (8.029794593632019, 27.17243644278044, 41.14641189478449, 33.14036846229041), 49.48558187484741)
Day:2 
(2, 19, 200, -635.3393629939818, 42692.0, (8.029794593632019, 27.17243644278044, 41.14641189478449, 33.14036846229041), 49.68655800819397)
Day:2 
(2, 20, 200, -641.9996220292752, 44491.0, (8.029794593632019, 27.17243644278044, 41.14641189478449, 33.14036846229041), 45.503281116485596)
Day:2 
(2, 21, 200, -638.7200878319882, 45128.0, (8.029794593632019, 27.17243644278044, 41.14641189478449, 33.14036846229041), 48.10581088066101)
Day:2 
(2, 22, 200, -638.6601939187659, 44024.0, (8.029794593632019, 27.17243644278044, 41.14641189478449, 33.14036846229041), 46.734755992889404)
Day:2 
(2, 23, 200, -637.6956330053777, 43000.0, (8.029794593632019, 27.17243644278044, 41.14641189478449, 33.14036846229041), 47.6046199798584)
Day:2 
(2, 24, 200, -638.3788452249718, 44019.0, (8.029794593632019, 27.17243644278044, 41.14641189478449, 33.14036846229041), 52.025331020355225)
Day:2 
(2, 25, 200, -635.8276596998024, 39809.0, (8.029794593632019, 27.17243644278044, 41.14641189478449, 33.14036846229041), 44.601646900177)