
Day:1 
(1, 0, 200, -16160.031323319745, 1662740.0, (44.517123657513274, 0.561920034707541, 1.6115871266940731, 0.09937196275038968), 6.1058478355407715)
Day:1 
(1, 1, 200, -1626.9871750141872, 886258.0, (4.974133711711145, 0.561920034707541, 4.504174817927964, 2.068734277482779), 11.314287185668945)
Day:1 
(1, 2, 200, -162.40697936667647, 14519.0, (0.592121621054992, 0.561920034707541, 4.504174817927964, 2.068734277482779), 11.759809970855713)
Day:1 
(1, 3, 200, -161.97572741551375, 14427.0, (0.592121621054992, 0.561920034707541, 4.504174817927964, 2.068734277482779), 12.228870868682861)
Day:1 
(1, 4, 200, -29.360245466350012, 1849.0, (0.592121621054992, 0.561920034707541, 4.381105306061392, 60.24455232269302), 11.34359097480774)
Day:1 
(1, 5, 200, -27.455531056006624, 1156.0, (0.5124529049299552, 0.21175781553096953, 1.7083888230637576, 60.24455232269302), 10.721492052078247)
Day:1 
(1, 6, 200, -30.24252470560155, 1.0, (2.0886800552664826, 2.6831766040394536, 15.647292434880956, 60.24455232269302), 10.886420965194702)
Day:1 
(1, 7, 200, -30.956941491090937, 729.0, (1.1191556156189564, 15.452974197448212, 4.439764236069519, 60.24455232269302), 11.232349157333374)
Day:1 
(1, 8, 200, -34.70588771830586, 10.0, (0.7573680437097011, 15.452974197448212, 0.849244160151861, 13.674133013165386), 11.074392795562744)
Day:1 
(1, 9, 200, -23.509329573088138, 784.0, (0.7573680437097011, 0.040628842287784066, 0.3610300277765646, 27.3261891639485), 11.095653057098389)
Day:1 
(1, 10, 200, -24.293621251661737, 49.0, (0.7573680437097011, 7.092435103488325, 0.23495672571340695, 8.888121541150428), 11.282631158828735)
Day:1 
(1, 11, 200, -24.272640880112906, 25.0, (0.7573680437097011, 7.092435103488325, 0.23495672571340695, 8.888121541150428), 12.091004848480225)
Day:1 
(1, 12, 200, -22.503720782056455, 4.0, (2.291826944566434, 0.20658023739175196, 0.23495672571340695, 8.888121541150428), 11.434178113937378)
Day:1 
(1, 13, 200, -27.2276584883153, 36.0, (5.10491934682313, 0.5265366577408656, 26.36797732340865, 8.888121541150428), 9.721887826919556)
Day:1 
(1, 14, 200, -25.970889065813047, 0.0, (5.10491934682313, 2.8265548928069584, 1.4485874030390669, 14.478317601330623), 9.726709127426147)
Day:1 
(1, 15, 200, -31.12537240066069, 729.0, (9.077344984392573, 9.70219048660291, 30.152601934202128, 14.478317601330623), 9.73578691482544)
Day:1 
(1, 16, 200, -28.124335317287017, 100.0, (26.19391019503131, 0.16084099450423822, 0.21287872467238672, 56.1774598147644), 9.616939067840576)
Day:1 
(1, 17, 200, -30.56568776410448, 576.0, (0.9402763137704458, 2.7570755363335415, 21.408773299379707, 56.1774598147644), 9.901463985443115)
Day:1 
(1, 18, 200, -31.73796070364035, 529.0, (4.674137606595789, 4.606417299681691, 19.332585100561452, 56.1774598147644), 9.347744941711426)
Day:1 
(1, 19, 200, -32.952331670799765, 49.0, (14.598047038788762, 5.147306438534041, 19.332585100561452, 65.80254586263759), 9.645250082015991)
Day:1 
(1, 20, 200, -32.57684801288323, 121.0, (4.591956961757878, 10.67320679466562, 19.332585100561452, 65.80254586263759), 9.991448879241943)
Day:1 
(1, 21, 200, -30.82336603691645, 36.0, (2.0635604651699415, 22.444732195410417, 8.708412097604795, 45.89656091584643), 9.870127201080322)
Day:1 
(1, 22, 200, -28.253191041492563, 121.0, (1.7512645390095767, 1.1415760329394078, 8.708412097604795, 45.89656091584643), 9.647195816040039)
Day:1 
(1, 23, 200, -26.252243221963553, 324.0, (0.4901058388658049, 5.969301430682125, 3.797288799923548, 17.442766756244318), 9.259738206863403)
Day:1 
(1, 24, 200, -25.09282768914504, 1156.0, (0.38812119252917887, 0.7267859462209911, 3.797288799923548, 11.232915259696417), 9.414015769958496)
Day:1 
(1, 25, 200, -25.273101313017566, 169.0, (0.7704272215397867, 7.7921561850368715, 1.0493401924554588, 11.232915259696417), 9.71208119392395)
Day:2 
(2, 0, 200, -14351.565646082789, 1012465.0, (0.7704272215397867, 7.7921561850368715, 1.0493401924554588, 11.232915259696417), 12.077847003936768)
Day:2 
(2, 1, 200, -4685.248609028571, 962772.0, (7.104065904213952, 7.7921561850368715, 3.6100536956755933, 11.232915259696417), 50.144903898239136)
Day:2 
(2, 2, 200, -381.05302195258605, 47884.0, (4.743787266432494, 7.7921561850368715, 16.123409641664374, 11.232915259696417), 57.256925106048584)
Day:2 
(2, 3, 200, -354.23327693706676, 40669.0, (4.743787266432494, 7.7921561850368715, 16.123409641664374, 11.232915259696417), 48.581777811050415)
Day:2 
(2, 4, 200, -307.9642475409382, 37715.0, (4.743787266432494, 7.7921561850368715, 16.123409641664374, 11.232915259696417), 63.12203121185303)
Day:2 
(2, 5, 200, -314.012639405378, 39498.0, (4.743787266432494, 7.7921561850368715, 16.123409641664374, 11.232915259696417), 58.60446095466614)
Day:2 
(2, 6, 200, -309.5353778107867, 39065.0, (4.743787266432494, 7.7921561850368715, 16.123409641664374, 11.232915259696417), 64.66138100624084)
Day:2 
(2, 7, 200, -307.62740443422507, 38772.0, (4.743787266432494, 7.7921561850368715, 16.123409641664374, 11.232915259696417), 44.541003942489624)
Day:2 
(2, 8, 200, -302.5001791540511, 38788.0, (4.743787266432494, 7.7921561850368715, 16.123409641664374, 11.232915259696417), 63.28665804862976)
Day:2 
(2, 9, 200, -302.2311881086114, 38695.0, (4.743787266432494, 7.7921561850368715, 16.123409641664374, 11.232915259696417), 46.54358386993408)
Day:2 
(2, 10, 200, -301.9439786456982, 37093.0, (4.743787266432494, 7.7921561850368715, 16.123409641664374, 11.232915259696417), 50.075371980667114)
Day:2 
(2, 11, 200, -302.58610597910837, 36927.0, (4.743787266432494, 7.7921561850368715, 16.123409641664374, 11.232915259696417), 46.5665180683136)
Day:2 
(2, 12, 200, -304.09704127517443, 37819.0, (4.743787266432494, 7.7921561850368715, 16.123409641664374, 11.232915259696417), 54.40839099884033)
Day:2 
(2, 13, 200, -301.61329808582303, 38114.0, (4.743787266432494, 7.7921561850368715, 16.123409641664374, 11.232915259696417), 43.39354109764099)
Day:2 
(2, 14, 200, -300.7529359071738, 37930.0, (4.743787266432494, 7.7921561850368715, 16.123409641664374, 11.232915259696417), 51.39780282974243)
Day:2 
(2, 15, 200, -302.07972525263887, 38106.0, (4.743787266432494, 7.7921561850368715, 16.123409641664374, 11.232915259696417), 51.037562131881714)
Day:2 
(2, 16, 200, -301.98027653733396, 39784.0, (4.743787266432494, 7.7921561850368715, 16.123409641664374, 11.232915259696417), 50.29093289375305)
Day:2 
(2, 17, 200, -306.4799114954942, 39429.0, (4.743787266432494, 7.7921561850368715, 16.123409641664374, 11.232915259696417), 55.10832095146179)
Day:2 
(2, 18, 200, -307.6087666921271, 41273.0, (4.743787266432494, 7.7921561850368715, 16.123409641664374, 11.232915259696417), 64.47483801841736)
Day:2 
(2, 19, 200, -308.39683322121607, 40143.0, (4.743787266432494, 7.7921561850368715, 16.123409641664374, 11.232915259696417), 47.21159815788269)
Day:2 
(2, 20, 200, -306.1952840442068, 36314.0, (4.743787266432494, 7.7921561850368715, 16.123409641664374, 11.232915259696417), 57.40140891075134)
Day:2 
(2, 21, 200, -303.1930352196024, 35373.0, (4.743787266432494, 7.7921561850368715, 16.123409641664374, 11.232915259696417), 59.330291986465454)
Day:2 
(2, 22, 200, -306.1619161080225, 35159.0, (4.743787266432494, 7.7921561850368715, 16.123409641664374, 11.232915259696417), 58.971660137176514)
Day:2 
(2, 23, 200, -303.532642056997, 35116.0, (4.743787266432494, 7.7921561850368715, 16.123409641664374, 11.232915259696417), 50.61165380477905)
Day:2 
(2, 24, 200, -302.9239816608826, 35475.0, (4.743787266432494, 7.7921561850368715, 16.123409641664374, 11.232915259696417), 57.33174920082092)
Day:2 
(2, 25, 200, -303.6929746883573, 35065.0, (4.743787266432494, 7.7921561850368715, 16.123409641664374, 11.232915259696417), 72.08708000183105)